02 cropping and modelling/wc2.1_10m_bio_13.asc
NCOLS 368 
NROWS 210 
XLLCORNER 67.1666666666667 
YLLCORNER 3.5 
CELLSIZE 0.166666666666667 
NODATA_value -9999 
[rows 36 to 71 of 210, columns 0 to 81 of 368]
-9999 -9999 -9999 -9999 -9999 51 49 48 48 47 46 50 56 60 59 70 73 70 69 64 67 72 78 82 86 89 93 94 95 101 100 101 106 110 113 121 131 143 155 165 175 184 201 224 248 270 291 312 333 373 432 471 536 569 401 390 264 105 91 90 79 77 66 68 57 68 74 67 53 53 63 60 51 53 53 39 34 33 35 35 36 35
-9999 -9999 -9999 -9999 -9999 -9999 53 51 52 49 47 47 51 52 54 64 68 66 61 62 63 69 71 74 75 80 83 85 86 89 94 100 107 112 115 119 125 132 140 148 155 164 177 193 210 226 242 260 285 319 369 439 506 594 637 380 268 201 100 103 109 77 79 92 73 59 69 76 68 54 67 64 51 53 56 60 45 49 52 43 44 40
-9999 -9999 -9999 -9999 -9999 -9999 -9999 51 48 46 49 47 48 49 52 57 62 59 58 59 61 62 63 64 68 71 73 75 77 83 90 98 108 114 115 117 120 124 130 136 144 154 164 175 187 200 213 229 252 284 323 379 442 481 569 671 586 381 206 223 147 97 91 103 85 72 69 72 63 77 86 68 63 61 60 68 66 54 58 58 53 49
-9999 -9999 -9999 -9999 -9999 -9999 -9999 -9999 46 45 47 48 47 48 55 61 73 62 57 58 59 60 60 61 62 63 64 67 72 79 86 93 103 110 112 113 116 120 123 129 135 144 153 164 175 184 195 213 236 260 284 332 393 448 479 554 566 537 425 309 231 119 101 104 106 92 95 95 78 101 88 83 78 75 73 72 80 69 65 70 65 59
-9999 -9999 -9999 -9999 -9999 -9999 -9999 -9999 -9999 45 46 47 48 51 58 69 81 64 57 57 58 57 58 58 59 60 61 64 68 75 82 89 95 102 106 108 111 115 118 123 129 135 150 163 174 186 199 213 230 247 260 288 349 413 432 457 511 532 472 369 275 174 119 117 113 113 107 99 97 104 98 99 96 95 93 89 88 86 79 77 78 71
-9999 -9999 -9999 -9999 -9999 -9999 -9999 -9999 -9999 -9999 45 46 47 54 61 76 89 71 61 56 56 55 55 56 57 57 58 61 65 71 78 85 91 95 100 104 107 110 114 117 122 130 146 161 173 188 203 217 231 241 248 260 285 326 361 402 429 482 471 414 262 206 163 150 129 126 122 122 128 128 122 120 118 120 118 116 106 100 94 90 85 83
-9999 -9999 -9999 -9999 -9999 -9999 -9999 -9999 -9999 -9999 -9999 46 49 56 65 76 84 78 61 56 55 54 54 54 54 55 56 58 62 67 73 81 89 94 97 101 104 106 109 112 115 122 136 151 167 185 202 217 228 234 234 234 250 286 322 357 380 416 484 395 328 276 224 184 155 151 151 155 150 149 146 142 138 138 141 141 137 118 110 104 99 93
-9999 -9999 -9999 -9999 -9999 -9999 -9999 -9999 -9999 -9999 -9999 -9999 50 58 68 76 82 83 63 56 54 53 53 53 53 53 54 55 58 62 68 76 86 96 100 100 101 102 104 106 109 112 123 137 156 178 195 206 213 215 209 207 226 261 300 333 367 407 482 435 369 289 245 226 204 194 182 179 179 175 171 168 161 157 154 152 155 149 131 120 116 110
-9999 -9999 -9999 -9999 -9999 -9999 -9999 -9999 -9999 -9999 -9999 -9999 -9999 60 68 76 77 79 64 58 54 52 52 52 51 51 52 53 55 57 62 70 83 97 104 103 98 97 98 100 104 105 112 125 148 171 183 188 190 189 188 195 217 251 282 310 342 379 423 432 372 329 282 273 261 267 245 216 208 226 219 198 188 182 176 167 167 167 160 148 137 128
-9999 -9999 -9999 -9999 -9999 -9999 -9999 -9999 -9999 -9999 -9999 -9999 -9999 -9999 70 73 78 83 69 60 55 53 52 51 51 51 51 51 52 53 56 64 78 95 104 101 95 91 90 92 96 98 106 120 143 164 169 169 169 172 179 193 216 245 270 289 310 336 395 431 405 349 346 363 368 366 341 306 282 270 234 225 214 209 201 193 187 179 175 166 155 143
-9999 -9999 -9999 -9999 -9999 -9999 -9999 -9999 -9999 -9999 -9999 -9999 -9999 -9999 -9999 72 76 89 68 61 56 53 52 51 51 51 51 51 51 51 54 61 73 86 93 92 89 86 85 86 88 94 103 115 133 148 151 150 153 162 176 193 214 238 259 271 280 298 339 411 440 436 437 474 452 483 455 422 390 332 300 282 254 270 267 238 249 213 187 182 173 164
-9999 -9999 -9999 -9999 -9999 -9999 -9999 -9999 -9999 -9999 -9999 -9999 -9999 -9999 -9999 -9999 74 79 68 64 56 53 52 51 51 51 51 51 51 51 53 58 66 76 82 83 81 80 81 83 88 93 100 109 121 130 133 133 140 155 173 190 207 223 240 252 258 269 300 360 427 497 548 617 628 611 562 505 466 443 432 377 375 351 373 329 251 225 207 193 182 175
-9999 -9999 -9999 -9999 -9999 -9999 -9999 -9999 -9999 -9999 -9999 -9999 -9999 -9999 -9999 -9999 -9999 -9999 73 65 57 54 53 52 51 51 51 52 52 51 52 55 61 68 74 76 75 75 77 81 87 92 98 105 112 119 119 119 130 148 168 183 193 202 215 230 238 247 281 338 414 509 588 626 685 721 661 523 459 465 413 357 386 391 422 329 265 269 249 230 205 187
-9999 -9999 -9999 -9999 -9999 -9999 -9999 -9999 -9999 -9999 -9999 -9999 -9999 -9999 -9999 -9999 -9999 -9999 -9999 65 58 55 53 52 51 50 51 51 51 50 49 52 57 63 69 72 73 72 74 78 83 88 94 102 108 113 114 113 123 140 157 169 174 178 189 205 217 232 261 302 360 455 514 564 621 584 659 574 448 360 362 405 337 427 467 370 321 304 335 256 272 228
-9999 -9999 -9999 -9999 -9999 -9999 -9999 -9999 -9999 -9999 -9999 -9999 -9999 -9999 -9999 -9999 -9999 -9999 -9999 -9999 -9999 56 54 51 50 49 49 49 47 46 45 48 53 60 66 71 73 73 73 74 77 82 90 101 108 108 111 113 122 134 146 154 156 155 168 184 200 218 244 276 319 385 423 413 424 501 474 533 488 497 468 531 490 461 467 483 466 440 430 347 345 296
-9999 -9999 -9999 -9999 -9999 -9999 -9999 -9999 -9999 -9999 -9999 -9999 -9999 -9999 -9999 -9999 -9999 -9999 -9999 -9999 -9999 -9999 54 51 49 48 47 46 44 42 42 45 51 58 64 70 74 74 72 71 72 76 86 95 101 104 108 113 120 130 138 143 142 138 148 161 180 203 232 264 297 333 357 352 358 397 461 596 570 483 514 500 428 445 454 450 461 465 462 403 419 329
-9999 -9999 -9999 -9999 -9999 -9999 -9999 -9999 -9999 -9999 -9999 -9999 -9999 -9999 -9999 -9999 -9999 -9999 -9999 -9999 -9999 -9999 -9999 -9999 48 48 47 45 43 40 40 44 50 57 64 70 73 73 70 67 67 71 79 86 92 96 99 107 117 127 133 135 134 130 133 144 163 188 222 255 278 297 313 317 334 369 417 485 531 520 515 514 446 460 481 473 468 462 441 448 424 399
-9999 -9999 -9999 -9999 -9999 -9999 -9999 -9999 -9999 -9999 -9999 -9999 -9999 -9999 -9999 -9999 -9999 -9999 -9999 -9999 -9999 -9999 -9999 -9999 -9999 48 48 47 45 42 43 46 52 58 64 68 71 70 67 63 63 65 71 78 83 87 93 102 114 125 131 132 130 127 126 134 150 173 205 243 267 276 283 297 316 343 377 415 471 490 493 497 509 512 495 484 481 472 422 432 418 405
-9999 -9999 -9999 -9999 -9999 -9999 -9999 -9999 -9999 -9999 -9999 -9999 -9999 -9999 -9999 -9999 -9999 -9999 -9999 -9999 -9999 -9999 -9999 -9999 -9999 -9999 50 50 49 47 48 51 56 61 64 66 66 66 62 59 59 61 66 72 77 81 89 99 111 122 128 130 129 127 128 133 143 160 187 231 262 268 271 293 309 321 348 379 406 426 460 496 556 553 524 495 476 441 459 411 391 388
-9999 -9999 -9999 -9999 -9999 -9999 -9999 -9999 -9999 -9999 -9999 -9999 -9999 -9999 -9999 -9999 -9999 -9999 -9999 -9999 -9999 -9999 -9999 -9999 -9999 -9999 -9999 -9999 53 53 54 57 61 65 66 64 62 61 58 56 57 59 63 69 74 79 87 96 108 118 125 129 129 128 131 137 148 160 183 221 251 264 272 287 301 307 327 349 366 377 398 442 511 589 604 527 500 479 479 405 381 378
-9999 -9999 -9999 -9999 -9999 -9999 -9999 -9999 -9999 -9999 -9999 -9999 -9999 -9999 -9999 -9999 -9999 -9999 -9999 -9999 -9999 -9999 -9999 -9999 -9999 -9999 -9999 -9999 -9999 57 59 62 66 68 68 64 61 60 58 57 58 60 65 70 75 79 86 95 105 115 122 127 127 128 133 142 153 165 190 221 247 264 275 280 288 292 305 321 332 337 355 389 430 481 526 561 571 533 525 489 410 384
-9999 -9999 -9999 -9999 -9999 -9999 -9999 -9999 -9999 -9999 -9999 -9999 -9999 -9999 -9999 -9999 -9999 -9999 -9999 -9999 -9999 -9999 -9999 -9999 -9999 -9999 -9999 -9999 -9999 -9999 -9999 66 69 71 70 67 65 63 62 61 61 65 69 74 79 83 88 95 104 113 120 124 125 127 134 147 160 172 199 227 248 265 277 284 282 275 279 292 301 306 323 348 368 382 411 447 470 467 457 486 487 453
-9999 -9999 -9999 -9999 -9999 -9999 -9999 -9999 -9999 -9999 -9999 -9999 -9999 -9999 -9999 -9999 -9999 -9999 -9999 -9999 -9999 -9999 -9999 -9999 -9999 -9999 -9999 -9999 -9999 -9999 -9999 -9999 72 74 74 73 72 70 68 67 69 72 76 80 84 89 94 100 108 115 121 124 131 138 149 159 167 183 205 230 248 262 276 286 284 278 274 271 272 283 303 323 335 342 351 372 410 441 466 498 516 519
-9999 -9999 -9999 -9999 -9999 -9999 -9999 -9999 -9999 -9999 -9999 -9999 -9999 -9999 -9999 -9999 -9999 -9999 -9999 -9999 -9999 -9999 -9999 -9999 -9999 -9999 -9999 -9999 -9999 -9999 -9999 -9999 -9999 -9999 80 81 80 78 75 76 78 81 84 87 93 101 106 111 117 122 125 131 142 155 171 177 178 186 199 217 236 252 269 277 276 275 274 273 273 283 300 311 319 327 341 353 378 412 452 480 498 499
-9999 -9999 -9999 -9999 -9999 -9999 -9999 -9999 -9999 -9999 -9999 -9999 -9999 -9999 -9999 -9999 -9999 -9999 -9999 -9999 -9999 -9999 -9999 -9999 -9999 -9999 -9999 -9999 -9999 -9999 -9999 -9999 -9999 -9999 -9999 88 88 86 83 82 86 89 92 98 110 121 127 127 129 130 132 141 154 168 181 180 175 178 185 198 215 235 256 264 262 268 274 276 280 292 306 311 315 324 351 379 401 417 425 423 435 446
-9999 -9999 -9999 -9999 -9999 -9999 -9999 -9999 -9999 -9999 -9999 -9999 -9999 -9999 -9999 -9999 -9999 -9999 -9999 -9999 -9999 -9999 -9999 -9999 -9999 -9999 -9999 -9999 -9999 -9999 -9999 -9999 -9999 -9999 -9999 -9999 -9999 94 91 89 91 95 102 114 128 143 150 146 143 140 143 153 167 181 188 183 173 174 180 187 197 215 239 252 258 268 277 280 281 290 302 304 309 328 360 389 408 418 419 408 387 378
-9999 -9999 -9999 -9999 -9999 -9999 -9999 -9999 -9999 -9999 -9999 -9999 -9999 -9999 -9999 -9999 -9999 -9999 -9999 -9999 -9999 -9999 -9999 -9999 -9999 -9999 -9999 -9999 -9999 -9999 -9999 -9999 -9999 -9999 -9999 -9999 -9999 -9999 97 96 98 104 113 125 141 157 165 163 156 150 155 164 178 194 200 195 187 186 188 186 187 201 222 240 255 271 281 280 272 271 279 284 298 323 348 366 382 395 394 382 362 341
-9999 -9999 -9999 -9999 -9999 -9999 -9999 -9999 -9999 -9999 -9999 -9999 -9999 -9999 -9999 -9999 -9999 -9999 -9999 -9999 -9999 -9999 -9999 -9999 -9999 -9999 -9999 -9999 -9999 -9999 -9999 -9999 -9999 -9999 -9999 -9999 -9999 -9999 -9999 101 104 110 118 130 145 161 171 171 163 159 166 172 184 201 212 209 202 199 201 194 191 203 218 233 252 271 280 273 260 258 265 275 292 312 327 335 342 354 358 353 340 324
-9999 -9999 -9999 -9999 -9999 -9999 -9999 -9999 -9999 -9999 -9999 -9999 -9999 -9999 -9999 -9999 -9999 -9999 -9999 -9999 -9999 -9999 -9999 -9999 -9999 -9999 -9999 -9999 -9999 -9999 -9999 -9999 -9999 -9999 -9999 -9999 -9999 -9999 -9999 -9999 107 112 120 129 141 156 168 169 165 168 175 176 188 202 214 218 213 211 216 215 215 225 232 238 254 269 272 266 255 255 262 274 290 305 313 315 317 325 333 333 326 317
-9999 -9999 -9999 -9999 -9999 -9999 -9999 -9999 -9999 -9999 -9999 -9999 -9999 -9999 -9999 -9999 -9999 -9999 -9999 -9999 -9999 -9999 -9999 -9999 -9999 -9999 -9999 -9999 -9999 -9999 -9999 -9999 -9999 -9999 -9999 -9999 -9999 -9999 -9999 -9999 -9999 -9999 119 125 133 145 156 161 164 172 180 186 195 208 223 233 226 222 229 234 237 238 235 238 253 262 259 256 254 257 262 273 290 303 308 306 306 312 321 327 322 318
-9999 -9999 -9999 -9999 -9999 -9999 -9999 -9999 -9999 -9999 -9999 -9999 -9999 -9999 -9999 -9999 -9999 -9999 -9999 -9999 -9999 -9999 -9999 -9999 -9999 -9999 -9999 -9999 -9999 -9999 -9999 -9999 -9999 -9999 -9999 -9999 -9999 -9999 -9999 -9999 -9999 -9999 -9999 120 125 135 146 157 159 172 185 196 206 223 240 251 236 237 242 247 247 241 232 232 245 252 249 247 250 254 259 270 287 302 307 303 299 304 317 329 328 322
-9999 -9999 -9999 -9999 -9999 -9999 -9999 -9999 -9999 -9999 -9999 -9999 -9999 -9999 -9999 -9999 -9999 -9999 -9999 -9999 -9999 -9999 -9999 -9999 -9999 -9999 -9999 -9999 -9999 -9999 -9999 -9999 -9999 -9999 -9999 -9999 -9999 -9999 -9999 -9999 -9999 -9999 -9999 -9999 -9999 133 141 151 161 176 189 205 215 231 249 259 256 252 254 258 258 248 239 238 248 252 250 248 250 255 260 270 287 304 310 303 294 298 313 327 329 323
-9999 -9999 -9999 -9999 -9999 -9999 -9999 -9999 -9999 -9999 -9999 -9999 -9999 -9999 -9999 -9999 -9999 -9999 -9999 -9999 -9999 -9999 -9999 -9999 -9999 -9999 -9999 -9999 -9999 -9999 -9999 -9999 -9999 -9999 -9999 -9999 -9999 -9999 -9999 -9999 -9999 -9999 -9999 -9999 -9999 -9999 -9999 157 167 180 195 210 220 231 242 252 255 256 258 262 264 262 265 269 268 265 259 257 258 265 275 284 295 309 313 305 296 299 311 322 324 319
-9999 -9999 -9999 -9999 -9999 -9999 -9999 -9999 -9999 -9999 -9999 -9999 -9999 -9999 -9999 -9999 -9999 -9999 -9999 -9999 -9999 -9999 -9999 -9999 -9999 -9999 -9999 -9999 -9999 -9999 -9999 -9999 -9999 -9999 -9999 -9999 -9999 -9999 -9999 -9999 -9999 -9999 -9999 -9999 -9999 -9999 -9999 -9999 -9999 184 198 214 221 233 240 248 255 258 257 263 269 277 287 294 292 284 275 272 273 280 294 304 309 313 312 305 300 303 309 315 317 314
-9999 -9999 -9999 -9999 -9999 -9999 -9999 -9999 -9999 -9999 -9999 -9999 -9999 -9999 -9999 -9999 -9999 -9999 -9999 -9999 -9999 -9999 -9999 -9999 -9999 -9999 -9999 -9999 -9999 -9999 -9999 -9999 -9999 -9999 -9999 -9999 -9999 -9999 -9999 -9999 -9999 -9999 -9999 -9999 -9999 -9999 -9999 -9999 -9999 -9999 199 213 224 237 244 261 260 253 255 263 282 289 300 312 313 304 294 289 287 288 299 308 308 306 303 299 299 303 305 308 310 309
-9999 -9999 -9999 -9999 -9999 -9999 -9999 -9999 -9999 -9999 -9999 -9999 -9999 -9999 -9999 -9999 -9999 -9999 -9999 -9999 -9999 -9999 -9999 -9999 -9999 -9999 -9999 -9999 -9999 -9999 -9999 -9999 -9999 -9999 -9999 -9999 -9999 -9999 -9999 -9999 -9999 -9999 -9999 -9999 -9999 -9999 -9999 -9999 -9999 -9999 -9999 217 232 241 252 262 252 255 262 276 289 297 313 323 327 320 307 302 300 287 287 295 297 295 292 293 294 298 301 302 305 304
