02 cropping and modelling/wc2.1_10m_bio_3.asc
NCOLS 368 
NROWS 210 
XLLCORNER 67.1666666666667 
YLLCORNER 3.5 
CELLSIZE 0.166666666666667 
NODATA_value -9999 
[rows 81 to 107 of 210, columns 240 to 299 of 368]
31.4135417938232 31.3828544616699 31.3016777038574 30.8811626434326 29.6031341552734 29.6547260284424 30.313196182251 29.2924728393555 29.1511745452881 29.3799057006836 29.4391746520996 29.4699192047119 29.0832557678223 28.9212799072266 28.9626159667969 28.3930931091309 27.2647094726562 27.42236328125 26.8154811859131 27.8445644378662 27.6651134490967 27.8713397979736 27.1004524230957 26.6218070983887 27.6074352264404 28.4519386291504 27.5567245483398 27.5435180664062 27.4735012054443 27.7687931060791 27.9449157714844 28.3630523681641 28.7234859466553 28.2915382385254 29.0037479400635 29.1107769012451 29.0974159240723 30.0090827941895 30.3887462615967 29.6332092285156 29.3083820343018 30.1579875946045 30.2520771026611 30.4211292266846 30.0352382659912 30.9629211425781 31.3064613342285 31.3340435028076 32.1058883666992 32.0136451721191 32.3802452087402 32.8408241271973 32.6985321044922 32.7881469726562 33.0116424560547 32.9576072692871 33.5998687744141 34.0781860351562 35.0561447143555 35.1193046569824
31.9928665161133 31.6182060241699 31.332893371582 30.5501594543457 29.8259525299072 29.6355037689209 29.5769901275635 29.5374488830566 29.4727954864502 29.8260364532471 29.7739753723145 29.3810939788818 29.4414978027344 29.2022876739502 29.0186042785645 28.5274314880371 27.8319473266602 27.1833629608154 26.9559059143066 28.1683979034424 28.2132244110107 28.4286575317383 28.1420440673828 27.8209228515625 27.552225112915 28.5181484222412 27.8054447174072 28.1311073303223 28.3610496520996 28.7278232574463 28.3677730560303 29.37619972229 29.5612201690674 29.1981678009033 29.1774101257324 29.4873504638672 29.4931678771973 30.3796234130859 30.4628143310547 30.4325771331787 29.7241077423096 29.9962310791016 30.1639919281006 31.3569278717041 31.3081188201904 31.1693916320801 31.8542346954346 32.3293685913086 31.6329650878906 32.0550308227539 33.1953277587891 32.8745193481445 32.9746208190918 32.6519470214844 32.8513679504395 33.3750114440918 32.8141441345215 33.6504859924316 34.611930847168 34.8068695068359
31.8511810302734 31.5784816741943 31.124662399292 30.8116207122803 30.4750347137451 29.943000793457 30.1966896057129 29.8794097900391 29.0952568054199 29.6322402954102 29.8681316375732 30.007755279541 29.4689426422119 29.4566974639893 29.6349468231201 29.334415435791 28.9169692993164 28.2535266876221 28.0018672943115 29.0385932922363 28.6578254699707 28.6829929351807 28.7928371429443 28.405309677124 28.9501438140869 29.0266227722168 28.2761554718018 28.5401210784912 28.7266826629639 29.0058326721191 28.9844264984131 29.9390926361084 30.1120491027832 30.0566959381104 30.9413242340088 30.4937381744385 29.6819896697998 29.753101348877 30.6325073242188 30.3851566314697 30.9974575042725 31.3296146392822 31.4140911102295 31.0431823730469 31.5970058441162 32.1311340332031 31.7262763977051 32.4005470275879 32.423225402832 32.8034362792969 32.8182182312012 33.0944404602051 33.8310089111328 33.4547538757324 33.3990707397461 34.0030136108398 33.2872581481934 33.8236083984375 34.8348541259766 35.0712280273438
31.4818992614746 30.910514831543 30.947135925293 30.4009685516357 30.4170513153076 29.7329502105713 29.7312126159668 29.9936370849609 29.925313949585 29.4610500335693 29.5210514068604 29.187385559082 29.4869079589844 29.3275661468506 29.619592666626 29.9986248016357 30.1847991943359 29.0393924713135 28.6085796356201 28.6890277862549 28.5828647613525 28.5265445709229 28.8675098419189 29.0570735931396 29.2659721374512 29.5834465026855 29.4688377380371 29.1700267791748 28.8531017303467 29.6884078979492 29.4845771789551 29.5462627410889 30.4229907989502 30.3600730895996 31.0535755157471 31.1519470214844 30.5183124542236 30.868558883667 30.8308162689209 31.3346061706543 31.4916648864746 32.2365531921387 32.169002532959 32.0721702575684 32.2731437683105 31.8196239471436 32.6358680725098 33.0626754760742 33.1596031188965 33.0521697998047 33.7774124145508 33.9736633300781 33.8991928100586 33.8776016235352 33.9089317321777 33.3898849487305 33.3567962646484 33.4593811035156 34.5216979980469 34.5923080444336
32.1567497253418 31.5370998382568 30.6540050506592 30.677059173584 30.395788192749 29.5901718139648 29.1392498016357 29.6454315185547 29.8036975860596 29.7328147888184 29.8442783355713 29.7163925170898 29.434175491333 29.668529510498 29.1659698486328 29.9072933197021 30.5750732421875 29.9097366333008 28.7860565185547 29.2247409820557 29.4807109832764 28.9841613769531 29.118293762207 28.9905891418457 30.0745449066162 29.7032375335693 29.441442489624 29.5337162017822 29.8609809875488 30.8985824584961 30.8897914886475 30.6420402526855 30.916431427002 31.2628307342529 31.2640247344971 31.5077323913574 31.2263889312744 31.4317359924316 31.3493423461914 32.7555274963379 32.6179962158203 32.4293899536133 32.0504913330078 32.6867980957031 31.9491920471191 33.2590065002441 33.6215591430664 33.2381401062012 33.0303153991699 33.7323036193848 34.0939712524414 33.9104614257812 33.8359603881836 33.7595863342285 33.2097358703613 33.5772552490234 33.3113632202148 33.5231819152832 34.0527534484863 34.2141189575195
33.0123558044434 32.3706245422363 31.6501789093018 30.7493152618408 30.0401992797852 29.7620048522949 29.2648677825928 29.7508869171143 30.1025409698486 29.8843879699707 30.1316833496094 29.7203807830811 29.5683898925781 29.8647174835205 29.7011814117432 30.1765632629395 30.3807582855225 29.4956436157227 29.6668682098389 29.5527877807617 29.9846820831299 29.7404899597168 29.735818862915 30.2087936401367 30.0148048400879 30.3904933929443 30.7035846710205 30.5253639221191 30.8345470428467 32.0003051757812 31.8270454406738 31.6857814788818 31.2548084259033 31.5688247680664 31.8425941467285 31.3571243286133 31.0792999267578 30.966552734375 31.6668643951416 32.7193984985352 32.2772636413574 32.1578330993652 32.5462036132812 32.1977005004883 32.0263786315918 33.5928344726562 33.6493682861328 32.9321670532227 33.2907638549805 33.5461120605469 33.7722244262695 33.9052810668945 33.9859428405762 33.1373443603516 33.6571235656738 34.0798301696777 33.4993362426758 33.8387565612793 34.0658302307129 33.6208763122559
33.7892608642578 32.7269821166992 31.826904296875 31.1420135498047 30.0756530761719 30.391960144043 29.3457832336426 29.4279193878174 30.019250869751 30.288631439209 30.437427520752 29.9983978271484 30.1569271087646 30.3756675720215 30.079044342041 29.7876415252686 29.6538715362549 29.4923763275146 30.1845970153809 30.4716339111328 30.5829124450684 30.7404251098633 30.7680435180664 30.7070846557617 30.3661918640137 31.2975540161133 31.7784156799316 32.2626342773438 31.8686199188232 32.7968788146973 32.7740287780762 32.1203765869141 31.5681209564209 31.506742477417 31.9501285552979 31.274097442627 31.7202281951904 31.8393421173096 31.806921005249 32.1996841430664 32.6235694885254 32.6585350036621 32.5934600830078 31.8629856109619 31.6966457366943 32.9986038208008 32.8399848937988 33.2543525695801 33.3643226623535 33.4505310058594 33.878978729248 33.9554138183594 33.9432983398438 33.5199737548828 33.7872161865234 33.1979866027832 33.5044898986816 33.5063858032227 33.0507926940918 33.2120208740234
33.7765846252441 32.755241394043 31.9353885650635 31.2032012939453 30.9892444610596 30.9353351593018 29.8538970947266 29.4732341766357 29.9887733459473 30.5139636993408 30.9690093994141 30.4743099212646 30.5025463104248 30.6162605285645 30.2371158599854 29.9497661590576 29.6429653167725 30.2105808258057 30.7404384613037 31.0751152038574 31.3411846160889 31.7427577972412 31.6030750274658 31.4621238708496 31.2192726135254 32.0163116455078 32.0095138549805 32.3054733276367 32.2640800476074 32.2755088806152 32.2239265441895 32.2205924987793 32.159553527832 31.6494464874268 31.6933536529541 32.0961074829102 32.510009765625 32.7194404602051 32.2675590515137 32.150318145752 32.3046951293945 32.5809020996094 33.4114418029785 31.7137203216553 31.2649059295654 33.7813835144043 33.0892753601074 32.6986122131348 32.9026947021484 33.6748847961426 34.1258087158203 33.7749328613281 33.5089797973633 33.500244140625 33.6239395141602 33.1075592041016 32.6527671813965 32.7059059143066 32.6063957214355 32.5541152954102
34.3143539428711 32.9591941833496 32.1110801696777 31.6256885528564 31.0723781585693 31.3059978485107 30.4949512481689 29.9264755249023 30.1891651153564 30.2917652130127 30.8961009979248 30.3686103820801 30.4795913696289 30.456392288208 30.7087306976318 30.6904239654541 29.8176670074463 30.6693096160889 31.2777671813965 31.7410411834717 31.9291858673096 32.5039710998535 32.2328453063965 32.4794311523438 32.9152908325195 32.8773651123047 32.3518486022949 32.5364685058594 31.9325160980225 32.8719863891602 32.0085525512695 32.0658073425293 32.1274070739746 32.2054443359375 31.7965545654297 32.5888710021973 31.9615573883057 32.6756744384766 33.1662254333496 32.5909233093262 32.5514030456543 32.757251739502 32.9717292785645 32.7830810546875 33.2435913085938 33.5782737731934 33.1079063415527 33.4693374633789 33.2878532409668 33.6307258605957 33.2861747741699 33.2492561340332 33.917537689209 33.2500190734863 33.1313514709473 32.7684936523438 32.614933013916 31.6089153289795 30.3365573883057 30.4996032714844
33.2816734313965 33.4053382873535 32.6510696411133 31.9531211853027 31.6902389526367 31.4134292602539 31.6396102905273 30.2508792877197 29.8359203338623 30.4149856567383 30.8956985473633 30.6429634094238 30.3631935119629 30.8788452148438 30.5900821685791 30.0664405822754 29.8663368225098 30.6644115447998 31.7692756652832 32.1688423156738 32.329891204834 32.3942527770996 32.7317123413086 33.3910789489746 33.6607093811035 33.2723960876465 33.0878143310547 32.6614570617676 32.2825775146484 32.8044509887695 32.1736373901367 32.1699714660645 32.2033195495605 31.7750759124756 31.5427093505859 31.9242572784424 32.9967765808105 32.8131484985352 32.4792709350586 32.3320426940918 32.5536231994629 32.7322845458984 32.0185928344727 32.9446220397949 33.2085838317871 32.963924407959 33.6772270202637 33.346435546875 32.9139060974121 32.8631896972656 32.9018783569336 33.1440734863281 33.0991859436035 32.9316482543945 32.5793342590332 31.9791164398193 30.4270439147949 31.0863208770752 28.8219203948975 28.5568161010742
32.8650436401367 32.330379486084 32.6260719299316 31.943244934082 31.4117813110352 32.7416877746582 32.5353393554688 31.9959964752197 30.095193862915 30.203010559082 30.8780784606934 31.200288772583 30.8506507873535 30.4566211700439 30.1673202514648 30.8910713195801 31.6378803253174 31.7195129394531 31.6645660400391 31.8118629455566 32.3911018371582 32.4799613952637 32.8308563232422 33.5951042175293 33.9339752197266 33.7230453491211 33.4121322631836 33.6107749938965 33.2476577758789 33.1664962768555 32.5975685119629 32.4072494506836 31.7549228668213 31.1414222717285 31.455472946167 31.9553718566895 32.3589324951172 32.2761039733887 32.6416015625 32.6263961791992 32.5275001525879 32.7560386657715 32.4206237792969 32.3531837463379 32.7676658630371 32.4603462219238 33.0762138366699 33.1354598999023 33.0364265441895 33.044792175293 33.5432319641113 32.910701751709 32.8994369506836 32.4596328735352 32.2433166503906 32.1644439697266 30.3419532775879 29.9283771514893 -9999 -9999
32.946102142334 32.1032371520996 32.2545928955078 33.247932434082 33.3222885131836 32.212532043457 32.3697052001953 31.5881099700928 30.122838973999 29.7061367034912 29.7513065338135 29.9148445129395 29.4844512939453 30.9347877502441 31.5567169189453 31.6952018737793 32.1891708374023 31.9596633911133 31.8854064941406 32.2893409729004 32.321216583252 32.5455017089844 33.086238861084 33.4638557434082 33.3925132751465 33.5583877563477 33.1230278015137 33.0092277526855 32.5293159484863 32.7293586730957 32.1910247802734 31.9498271942139 31.7583122253418 31.0672416687012 31.2275581359863 32.4198951721191 32.2767333984375 32.3682250976562 32.4409217834473 32.3039054870605 32.7081527709961 32.901683807373 32.1719360351562 32.3312301635742 32.8251037597656 33.0603294372559 33.2369918823242 32.162899017334 32.3498573303223 33.121036529541 33.6641426086426 33.3315162658691 33.2887687683105 33.04736328125 32.2438735961914 31.6085643768311 30.980640411377 -9999 -9999 -9999
33.2350158691406 32.1701507568359 31.5103435516357 31.3227615356445 33.5427474975586 32.4538459777832 31.3286285400391 31.3872032165527 31.0587596893311 30.2682399749756 30.296215057373 30.97239112854 30.5324649810791 31.3003063201904 31.007417678833 31.3800525665283 31.4907875061035 31.321756362915 31.4708271026611 31.7346725463867 32.6855583190918 32.4340515136719 33.1634712219238 33.7112503051758 34.0214996337891 33.5436973571777 33.8241386413574 33.6557922363281 33.4136085510254 33.0176239013672 32.784984588623 32.109245300293 31.9111671447754 31.0546779632568 30.2494888305664 30.6467514038086 31.2116565704346 31.529224395752 30.4860286712646 32.1314239501953 32.7696380615234 32.3981132507324 31.6849975585938 32.101619720459 32.4372787475586 32.3600120544434 32.1605606079102 32.4372138977051 32.0241851806641 32.6118583679199 33.1192855834961 32.9997291564941 33.7696952819824 32.9214820861816 32.4360008239746 31.7423477172852 31.2743282318115 -9999 -9999 -9999
33.9587783813477 33.7139320373535 33.2836532592773 32.3802757263184 33.1055107116699 31.8653202056885 31.5125370025635 31.9466075897217 31.6762199401855 31.0625343322754 30.085018157959 30.3575077056885 30.4738502502441 30.7916793823242 30.3865394592285 30.8485870361328 31.3296794891357 31.9435291290283 32.4804763793945 33.0276641845703 33.0490798950195 33.0219612121582 33.3493003845215 33.4938735961914 33.6546859741211 34.0422439575195 33.9680137634277 33.7409515380859 33.6185836791992 32.9306221008301 32.6251792907715 32.2913284301758 31.8642807006836 31.1490077972412 30.6559772491455 29.6533164978027 30.3138675689697 30.1798820495605 30.3434982299805 31.6760940551758 32.1469306945801 32.7256126403809 32.6117057800293 32.144702911377 31.0668849945068 31.3729667663574 31.6076850891113 31.6494693756104 30.8303604125977 32.2409591674805 31.653413772583 32.1623268127441 33.7443466186523 32.8443908691406 -9999 -9999 -9999 -9999 -9999 -9999
35.2599792480469 33.5416526794434 33.991039276123 33.7621612548828 33.0770454406738 32.7557334899902 31.9822998046875 31.5805358886719 31.4473876953125 30.7903366088867 30.0498847961426 29.7170581817627 29.7966480255127 30.1053581237793 30.6892890930176 30.9634113311768 31.1807689666748 32.1122360229492 32.6001319885254 33.0494995117188 32.9288330078125 33.8463478088379 34.1977691650391 34.5717315673828 33.7111282348633 34.0011863708496 33.7601356506348 33.2882843017578 33.677417755127 32.7839851379395 32.1272735595703 31.834981918335 31.8399124145508 31.6156558990479 30.6628322601318 30.3472156524658 29.5921440124512 29.7102355957031 29.2045783996582 30.7226810455322 31.3228645324707 31.6067657470703 30.942211151123 30.6973457336426 29.7774982452393 30.9116020202637 30.7877883911133 -9999 -9999 25.4504508972168 25.3603610992432 -9999 -9999 -9999 -9999 -9999 -9999 -9999 -9999 -9999
35.0692710876465 34.9722480773926 34.8999443054199 34.6331558227539 33.6719818115234 32.9507751464844 31.9174156188965 31.1362056732178 30.4458923339844 30.0077590942383 30.1131534576416 30.1687145233154 30.5596656799316 30.3040428161621 30.7101974487305 30.9611911773682 31.0387191772461 31.9177303314209 32.4220504760742 33.0490036010742 33.8707160949707 34.3834419250488 35.1944999694824 35.2502403259277 34.5205116271973 33.8046493530273 33.2746887207031 33.3498344421387 33.6703643798828 32.7398300170898 32.5008316040039 31.9970645904541 31.5735511779785 31.1012725830078 30.0132331848145 29.4019908905029 28.6075305938721 29.4838600158691 28.9557952880859 25.2179870605469 30.4755058288574 30.716739654541 29.6464385986328 28.9935703277588 29.4999809265137 -9999 -9999 -9999 -9999 -9999 -9999 -9999 -9999 -9999 -9999 -9999 -9999 -9999 -9999 -9999
35.2943115234375 34.8319091796875 34.8131790161133 33.6718635559082 32.5488929748535 31.4661083221436 30.2800178527832 30.1131210327148 29.982873916626 29.9098968505859 30.5861778259277 30.5771789550781 30.452579498291 30.6133060455322 30.8654441833496 31.0144805908203 31.5467643737793 31.7046413421631 32.521800994873 33.2898139953613 34.2100448608398 35.2294921875 35.6530265808105 35.0023498535156 34.4341850280762 34.0326309204102 33.8617210388184 33.3901023864746 33.0445022583008 32.366569519043 32.6098213195801 32.0803260803223 31.5671634674072 31.3098430633545 30.5817584991455 29.2187252044678 28.497709274292 28.1107292175293 28.3352489471436 25.6768970489502 28.9580154418945 28.6988277435303 28.988317489624 27.3907108306885 -9999 -9999 -9999 -9999 -9999 -9999 -9999 -9999 -9999 -9999 -9999 -9999 -9999 -9999 -9999 -9999
34.2269096374512 33.9346618652344 33.9998664855957 34.4772529602051 33.7073936462402 30.7981300354004 30.0608654022217 30.0096950531006 29.6414031982422 30.2067604064941 30.0468921661377 30.6516666412354 30.8137950897217 30.7243270874023 30.2951393127441 31.3253402709961 31.5237274169922 32.0255928039551 32.7205963134766 33.4063301086426 34.0578079223633 35.0638313293457 35.5736808776855 34.909912109375 34.4760551452637 34.7847595214844 34.241886138916 33.6427383422852 33.7814788818359 33.5166168212891 32.7042808532715 31.5195255279541 31.2922782897949 30.8644256591797 30.5152378082275 28.3519897460938 28.5473937988281 27.7365474700928 27.2076797485352 24.4253749847412 24.5101051330566 24.2232761383057 26.6801567077637 -9999 -9999 -9999 -9999 -9999 -9999 -9999 -9999 -9999 -9999 -9999 -9999 -9999 -9999 -9999 -9999 -9999
33.4118881225586 32.769214630127 32.9925537109375 32.6041259765625 31.5652294158936 30.7853221893311 30.5918998718262 29.8741683959961 28.8624725341797 29.7994480133057 30.2688026428223 30.0576229095459 30.7832832336426 31.3282375335693 31.1493797302246 31.0078048706055 31.5618267059326 32.2691993713379 32.7114028930664 33.1373825073242 33.8134536743164 34.5747718811035 35.0523147583008 35.0805778503418 34.7707939147949 33.8061790466309 33.8762283325195 34.0505218505859 34.0154457092285 33.523983001709 32.720272064209 30.9986457824707 31.0611400604248 30.3716335296631 29.869478225708 27.39621925354 28.1447868347168 28.2148914337158 -9999 25.9516315460205 24.4850196838379 25.9217681884766 27.2108821868896 -9999 -9999 -9999 -9999 -9999 -9999 -9999 -9999 -9999 -9999 -9999 -9999 -9999 -9999 -9999 -9999 -9999
33.8873519897461 33.1356658935547 32.6190490722656 32.3185005187988 32.3138771057129 31.6151599884033 30.8901100158691 29.9187107086182 28.4557933807373 29.8382625579834 30.6017093658447 31.4015274047852 31.3470420837402 31.4350395202637 31.1062126159668 31.7812309265137 31.953441619873 32.2849388122559 32.1409645080566 32.7178192138672 33.3549499511719 33.9497299194336 34.6333198547363 34.6433715820312 34.6896553039551 34.2966537475586 34.4230804443359 33.2636909484863 32.5480422973633 33.0475997924805 32.2909812927246 31.4054050445557 30.3012619018555 29.1802444458008 28.1854476928711 25.0443248748779 -9999 -9999 -9999 -9999 -9999 -9999 -9999 -9999 -9999 -9999 -9999 -9999 -9999 -9999 -9999 -9999 -9999 -9999 -9999 -9999 -9999 -9999 -9999 -9999
34.7266960144043 34.2756690979004 33.2584457397461 33.1269073486328 32.4894943237305 31.2995471954346 30.096565246582 29.1196784973145 29.111873626709 29.7578678131104 30.5746002197266 29.998592376709 32.295539855957 32.6200561523438 31.2522964477539 31.3424205780029 32.3149223327637 32.3587074279785 32.6035346984863 33.1187591552734 33.1127510070801 33.4889488220215 34.3547058105469 34.5532989501953 34.160472869873 33.8397369384766 33.6496620178223 32.9312973022461 31.7103385925293 29.6678638458252 27.1978015899658 28.0109481811523 29.1849117279053 28.9468231201172 26.6994724273682 -9999 -9999 -9999 -9999 -9999 -9999 -9999 -9999 -9999 -9999 -9999 -9999 -9999 -9999 -9999 -9999 -9999 -9999 -9999 -9999 -9999 -9999 -9999 -9999 -9999
34.222038269043 33.8727531433105 33.4728393554688 32.8325157165527 29.7731609344482 29.2277870178223 -9999 -9999 -9999 -9999 -9999 31.2159671783447 30.6228141784668 32.0423545837402 31.787878036499 30.7804222106934 31.9978923797607 33.1895141601562 32.9101066589355 32.4663429260254 32.7671508789062 32.8832702636719 33.7994499206543 33.3406257629395 32.117057800293 32.4582328796387 -9999 -9999 -9999 -9999 -9999 -9999 -9999 -9999 -9999 -9999 -9999 -9999 -9999 -9999 -9999 -9999 -9999 -9999 -9999 -9999 -9999 -9999 -9999 -9999 -9999 -9999 -9999 -9999 -9999 -9999 -9999 -9999 -9999 -9999
33.7173652648926 32.1459083557129 31.0081100463867 29.4665660858154 28.2423534393311 -9999 -9999 -9999 -9999 -9999 -9999 -9999 -9999 -9999 -9999 32.5636672973633 33.2122039794922 33.4621849060059 32.9200057983398 31.3617706298828 32.0935745239258 31.8680858612061 -9999 -9999 -9999 -9999 -9999 -9999 -9999 -9999 -9999 -9999 -9999 -9999 -9999 -9999 -9999 -9999 -9999 -9999 -9999 -9999 -9999 -9999 -9999 -9999 -9999 -9999 -9999 -9999 -9999 -9999 -9999 -9999 -9999 -9999 -9999 -9999 -9999 -9999
33.573600769043 32.5682563781738 29.9682712554932 29.0275363922119 28.1171493530273 -9999 -9999 -9999 -9999 -9999 -9999 28.8003807067871 -9999 -9999 -9999 32.2621650695801 32.9735679626465 32.8975677490234 31.2245712280273 30.8147850036621 31.7438297271729 -9999 -9999 -9999 -9999 -9999 -9999 -9999 -9999 -9999 -9999 -9999 -9999 -9999 -9999 -9999 -9999 -9999 -9999 -9999 -9999 -9999 -9999 -9999 -9999 -9999 -9999 -9999 -9999 -9999 -9999 -9999 -9999 -9999 -9999 -9999 -9999 -9999 -9999 -9999
30.5398120880127 30.048002243042 30.2971458435059 29.5993270874023 -9999 -9999 -9999 -9999 -9999 -9999 -9999 -9999 27.5423717498779 -9999 -9999 32.0843200683594 32.5030632019043 31.857515335083 29.9546031951904 29.6332149505615 31.3934745788574 -9999 -9999 -9999 -9999 -9999 -9999 -9999 -9999 -9999 -9999 -9999 -9999 -9999 -9999 -9999 -9999 -9999 -9999 -9999 -9999 -9999 -9999 -9999 -9999 -9999 -9999 -9999 -9999 -9999 -9999 -9999 -9999 -9999 -9999 -9999 -9999 -9999 -9999 -9999
28.7333297729492 29.0339050292969 -9999 -9999 -9999 -9999 -9999 -9999 -9999 -9999 -9999 -9999 -9999 -9999 -9999 32.4046211242676 33.6479110717773 33.4830551147461 33.8963813781738 31.1750602722168 -9999 -9999 -9999 -9999 -9999 -9999 -9999 -9999 -9999 -9999 -9999 -9999 -9999 -9999 -9999 -9999 -9999 -9999 -9999 -9999 -9999 -9999 -9999 -9999 -9999 -9999 -9999 -9999 -9999 -9999 -9999 -9999 -9999 -9999 -9999 -9999 -9999 32.6595764160156 -9999 -9999
-9999 -9999 -9999 -9999 -9999 -9999 -9999 -9999 -9999 -9999 -9999 -9999 -9999 -9999 -9999 33.6006889343262 34.6057777404785 35.6547508239746 35.7479591369629 34.2499618530273 33.6053199768066 -9999 -9999 -9999 -9999 -9999 -9999 -9999 -9999 -9999 -9999 -9999 -9999 -9999 -9999 -9999 -9999 -9999 -9999 -9999 -9999 -9999 -9999 -9999 -9999 -9999 -9999 -9999 -9999 -9999 -9999 -9999 -9999 -9999 -9999 -9999 -9999 -9999 -9999 -9999
