02 cropping and modelling/wc2.1_10m_bio_12.asc
NCOLS 368 
NROWS 210 
XLLCORNER 67.1666666666667 
YLLCORNER 3.5 
CELLSIZE 0.166666666666667 
NODATA_value -9999 
[rows 35 to 69 of 210, columns 158 to 236 of 368]
-9999 -9999 -9999 -9999 -9999 -9999 -9999 -9999 -9999 -9999 -9999 -9999 -9999 -9999 -9999 -9999 -9999 -9999 -9999 -9999 -9999 -9999 -9999 -9999 -9999 -9999 -9999 -9999 -9999 569 596 603 607 601 620 636 654 658 671 690 702 709 714 722 727 724 735 736 727 729 727 718 719 717 731 762 761 739 758 747 733 779 804 774 783 782 774 784 777 785 799 822 844 871 883 883 899 912 924
-9999 -9999 -9999 -9999 -9999 -9999 -9999 -9999 -9999 -9999 -9999 -9999 -9999 -9999 -9999 -9999 -9999 -9999 -9999 -9999 -9999 -9999 -9999 -9999 -9999 -9999 -9999 -9999 576 586 596 608 597 596 630 635 648 672 667 677 695 708 720 719 724 708 729 749 723 741 726 715 720 717 752 781 779 746 745 745 746 764 804 797 777 776 798 797 808 819 833 851 890 919 935 924 934 946 963
-9999 -9999 -9999 -9999 -9999 -9999 -9999 -9999 -9999 -9999 -9999 -9999 -9999 -9999 -9999 -9999 -9999 -9999 -9999 -9999 -9999 -9999 -9999 -9999 -9999 -9999 -9999 608 564 583 596 592 599 614 622 630 645 646 661 667 677 686 712 725 717 717 712 731 712 721 710 709 734 742 769 791 757 746 732 760 765 759 800 801 814 817 821 833 835 850 876 900 919 941 958 963 972 980 988
-9999 -9999 -9999 -9999 -9999 -9999 -9999 -9999 -9999 -9999 -9999 -9999 -9999 -9999 -9999 -9999 -9999 -9999 -9999 -9999 -9999 -9999 -9999 -9999 -9999 587 605 595 599 580 612 625 625 629 630 627 649 660 659 671 676 685 694 721 717 723 733 720 720 709 709 703 725 776 758 738 720 722 714 770 768 777 813 826 827 837 850 862 871 896 909 930 948 965 979 986 997 1007 1010
-9999 -9999 -9999 -9999 -9999 -9999 -9999 -9999 -9999 -9999 -9999 -9999 -9999 -9999 -9999 -9999 -9999 -9999 -9999 -9999 -9999 -9999 -9999 -9999 577 561 580 568 593 564 597 612 654 633 617 640 637 657 673 681 679 693 697 688 697 699 724 730 731 721 717 679 704 743 747 771 784 768 741 722 764 790 819 835 845 857 878 896 914 922 933 951 968 983 997 1009 1019 1028 1037
-9999 -9999 -9999 -9999 -9999 -9999 -9999 -9999 -9999 -9999 -9999 -9999 -9999 -9999 -9999 -9999 -9999 -9999 -9999 -9999 -9999 -9999 587 599 595 561 575 588 583 565 571 616 643 662 657 650 636 641 671 672 665 667 688 686 693 694 693 704 676 697 689 702 729 747 756 752 788 779 789 786 772 781 808 836 861 891 911 924 927 940 951 964 981 995 1009 1023 1035 1048 1054
-9999 -9999 -9999 -9999 -9999 -9999 -9999 -9999 -9999 -9999 -9999 -9999 -9999 -9999 -9999 -9999 -9999 -9999 -9999 557 573 556 571 566 597 594 572 580 585 577 577 593 621 618 631 657 665 655 655 644 663 657 662 672 682 707 722 701 732 723 688 660 750 741 777 748 746 797 753 771 791 802 832 873 908 926 928 934 940 950 964 979 994 1007 1023 1038 1051 1063 1076
-9999 -9999 -9999 -9999 -9999 -9999 -9999 -9999 -9999 -9999 -9999 -9999 -9999 -9999 -9999 -9999 -9999 592 589 581 557 573 540 577 578 597 574 567 594 605 593 588 581 599 615 632 658 664 682 682 679 690 658 657 687 691 704 717 740 735 696 648 746 748 753 787 757 745 765 805 802 822 876 921 939 934 939 951 949 957 975 987 1001 1018 1035 1051 1063 1079 1094
-9999 -9999 -9999 -9999 -9999 -9999 -9999 -9999 -9999 -9999 -9999 -9999 -9999 -9999 -9999 603 610 599 577 598 553 544 547 584 585 597 577 563 587 600 576 582 610 626 629 637 634 652 668 678 660 675 686 642 648 699 714 725 725 728 690 651 735 705 748 806 800 805 808 825 848 899 931 950 941 937 941 948 959 969 983 998 1010 1026 1042 1062 1078 1095 1111
-9999 -9999 -9999 -9999 -9999 -9999 -9999 -9999 -9999 -9999 -9999 -9999 -9999 628 633 620 613 616 602 591 592 570 533 563 590 591 592 568 574 588 591 585 597 604 617 625 618 637 669 670 654 644 680 679 667 655 723 709 681 711 670 687 695 676 728 785 803 803 812 886 955 986 964 947 938 942 941 958 967 980 992 1004 1017 1034 1053 1070 1087 1102 1122
-9999 -9999 -9999 -9999 -9999 -9999 -9999 -9999 -9999 -9999 -9999 -9999 617 617 620 616 603 605 622 619 607 589 572 556 579 589 590 586 562 581 606 593 603 606 618 628 608 621 656 645 621 645 665 684 683 650 678 736 727 677 649 700 731 706 738 747 788 800 872 968 1048 1021 964 932 939 941 950 960 971 987 999 1015 1028 1044 1060 1077 1095 1113 1134
-9999 -9999 -9999 -9999 -9999 -9999 -9999 -9999 -9999 -9999 642 634 622 614 617 619 621 610 621 596 605 603 587 563 560 566 581 584 582 573 599 615 589 596 634 635 622 631 656 635 640 679 676 662 678 656 692 712 698 691 679 680 728 772 765 756 798 822 922 1079 1121 1048 964 931 937 948 965 973 986 999 1011 1024 1035 1052 1068 1090 1098 1115 1135
-9999 -9999 -9999 -9999 -9999 -9999 -9999 -9999 -9999 685 672 659 648 630 629 623 631 618 602 616 609 593 609 587 569 562 565 567 573 574 590 617 593 615 612 644 642 631 654 638 622 646 669 670 673 659 704 682 714 710 751 711 769 760 786 807 846 930 1124 1231 1192 1107 1022 986 974 976 988 993 1003 1013 1024 1037 1049 1059 1076 1088 1108 1125 1139
-9999 -9999 -9999 -9999 -9999 -9999 -9999 676 677 674 670 664 661 656 646 640 627 623 619 622 631 617 591 608 596 589 582 577 574 577 588 607 593 612 609 619 622 624 647 630 644 640 633 669 680 677 692 695 709 753 740 733 736 770 809 936 951 1093 1306 1337 1271 1190 1110 1056 1029 1026 1023 1020 1022 1025 1033 1043 1058 1065 1077 1092 1108 1127 1144
631 643 648 659 655 660 664 691 715 681 671 683 662 677 655 647 639 635 629 629 625 611 588 589 607 604 589 575 580 579 583 593 589 603 588 597 624 608 619 645 651 659 662 651 662 669 705 708 706 748 764 765 771 794 853 1056 1250 1304 1459 1425 1357 1278 1209 1142 1102 1078 1062 1049 1041 1036 1041 1046 1058 1074 1085 1099 1111 1127 1144
601 623 622 630 644 646 653 659 694 745 709 684 720 688 667 664 649 641 636 635 629 629 624 596 606 618 603 582 576 576 584 588 591 591 599 623 634 629 631 617 622 641 655 668 680 668 695 716 704 745 757 797 813 888 1010 1277 1381 1522 1531 1486 1440 1378 1298 1222 1177 1135 1107 1079 1058 1050 1050 1052 1062 1076 1088 1099 1111 1127 1150
563 579 601 613 624 634 638 663 667 808 786 721 751 716 667 681 659 649 638 633 632 633 634 630 600 611 608 608 589 582 584 593 600 595 605 617 646 629 611 629 617 632 647 676 696 690 711 718 725 767 776 819 880 931 1018 1216 1368 1499 1591 1561 1506 1454 1377 1295 1236 1178 1135 1101 1077 1062 1055 1054 1065 1076 1088 1103 1114 1128 1147
546 558 569 590 609 622 632 644 672 733 919 824 732 715 729 721 680 662 647 649 644 639 640 665 612 614 614 612 613 589 582 594 595 596 615 611 616 598 618 643 627 628 657 693 706 700 719 748 744 785 810 857 910 932 1059 1227 1228 1345 1485 1526 1556 1514 1434 1357 1271 1198 1151 1114 1088 1065 1061 1064 1071 1080 1092 1103 1116 1133 1147
528 543 562 577 594 637 633 646 686 665 841 1172 813 734 710 681 704 687 665 661 653 649 644 658 675 624 621 621 616 615 582 581 594 597 613 603 627 616 622 641 648 651 670 687 717 724 753 757 774 791 820 893 919 979 1019 1017 1047 1163 1209 1436 1563 1545 1472 1382 1288 1212 1173 1137 1102 1079 1070 1073 1077 1087 1096 1103 1120 1138 1147
504 521 542 564 585 652 655 673 670 784 970 1257 890 829 759 716 749 690 676 675 670 667 665 657 676 691 666 636 622 627 588 575 590 613 610 607 603 611 623 635 655 661 680 705 731 746 755 766 778 804 837 909 976 937 1093 988 952 995 1138 1321 1472 1491 1440 1365 1293 1246 1198 1159 1121 1096 1085 1084 1090 1094 1102 1107 1117 1133 1135
486 510 548 589 625 624 637 676 913 1283 1397 959 794 784 862 778 781 802 767 681 680 696 694 683 660 652 734 645 642 632 620 587 601 615 592 594 605 620 629 637 662 667 686 713 734 749 769 784 795 810 838 893 1000 1033 1055 1071 1074 1158 1226 1241 1356 1393 1385 1338 1288 1240 1198 1161 1135 1111 1104 1103 1101 1099 1103 1108 1115 1117 1122
476 517 542 553 611 735 737 905 1422 1310 889 836 875 1008 990 910 782 832 870 867 767 720 742 745 675 682 722 718 652 642 664 605 608 620 600 599 603 630 627 647 641 668 692 714 737 772 779 804 817 821 846 901 927 962 958 1002 989 1060 1036 1038 1219 1300 1325 1295 1262 1222 1183 1159 1139 1125 1121 1118 1108 1105 1104 1103 1107 1109 1114
462 490 521 596 765 731 1198 1654 1688 1452 884 1019 1012 1307 1255 957 873 837 913 889 807 776 744 794 715 695 688 755 675 666 691 635 619 633 609 609 609 631 644 664 665 687 715 726 747 783 793 803 844 846 863 891 927 916 966 1027 933 962 980 1083 1199 1151 1224 1203 1215 1197 1173 1152 1140 1131 1128 1130 1113 1105 1099 1097 1099 1099 1107
457 492 575 641 1008 814 1243 1739 1922 1307 1162 1010 1264 1262 1526 1151 1131 905 819 1108 927 866 833 847 754 706 693 692 796 779 680 689 644 646 619 616 638 637 648 670 675 703 707 735 763 787 808 809 850 864 898 936 937 939 963 945 933 938 945 1037 1118 1101 1106 1112 1123 1164 1152 1139 1131 1122 1121 1121 1106 1100 1092 1086 1087 1092 1099
549 637 633 973 1062 1285 1734 1633 1691 2007 1649 1202 1480 1816 1692 1245 1076 895 916 882 1256 1126 1038 882 749 728 726 715 731 849 689 719 650 652 659 631 648 649 677 691 672 697 713 743 769 790 811 824 855 878 902 950 934 949 950 927 941 920 933 976 977 1038 1088 1058 1101 1125 1126 1119 1117 1106 1101 1099 1093 1086 1073 1074 1077 1092 1092
881 1291 1382 1264 909 1142 1810 2039 2058 2115 1970 1736 1802 2026 1903 1364 1224 1016 1269 1068 1051 1443 864 789 809 760 764 762 734 908 715 714 702 664 698 656 646 657 684 693 701 727 729 747 771 791 819 833 865 880 913 943 942 938 939 926 932 907 925 919 919 932 965 965 1050 1094 1097 1091 1089 1092 1089 1082 1079 1064 1062 1063 1071 1075 1083
1076 1111 1326 1879 1635 1300 2230 2481 2395 2178 2115 2093 2444 2441 1863 1887 1348 1437 1766 1238 1101 1418 881 820 987 936 839 816 852 901 790 720 761 665 716 700 676 673 700 702 710 732 745 750 779 796 819 838 869 881 915 948 932 932 923 924 925 907 923 903 919 919 935 985 1021 1050 1070 1056 1042 1056 1072 1067 1054 1053 1061 1060 1067 1064 1068
1860 1844 1607 2221 2186 2141 2417 2492 2299 2266 2449 2619 2622 2640 2543 2450 2161 2039 2265 1450 1402 1370 891 1027 1449 1262 952 906 965 875 988 760 810 701 701 744 683 690 707 714 725 740 744 770 781 795 823 842 854 886 910 940 932 924 919 924 917 898 906 925 885 882 889 952 987 1008 1041 1042 1038 1036 1044 1052 1042 1052 1058 1056 1053 1053 1053
1757 1705 2036 1860 2547 2504 2334 2399 2543 2599 2656 2653 2658 2673 2699 2754 2746 2553 2064 2051 1977 1303 1213 1197 1614 1731 1480 1339 1098 1005 956 908 862 762 760 760 698 706 716 727 735 748 747 767 781 799 818 839 853 895 903 936 939 919 917 909 909 912 921 906 896 878 902 908 952 981 989 1002 1012 1012 1025 1030 1040 1046 1047 1046 1047 1048 1050
1953 1942 2330 2212 2498 2640 2632 2643 2718 2699 2669 2649 2636 2648 2697 2781 2874 2555 1922 1536 1232 1651 2405 2468 1993 2212 2048 1918 1303 1115 1049 1025 807 891 794 816 724 717 723 743 755 761 750 757 789 810 822 853 870 891 905 920 926 919 924 910 913 909 908 901 893 884 892 893 911 948 976 981 990 1006 1019 1028 1037 1044 1044 1044 1044 1050 1059
1711 1804 1557 2015 2905 2929 2885 2815 2733 2672 2643 2640 2595 2606 2693 2800 2918 2746 2383 1816 1616 2499 3029 3330 2609 2935 2563 2058 1482 1133 980 1120 926 932 795 852 799 742 754 762 767 777 774 788 792 798 820 826 845 882 910 912 918 934 918 916 915 900 889 895 899 887 896 900 910 942 957 972 989 1009 1021 1030 1039 1047 1046 1046 1052 1056 1060
1912 2235 2184 2913 3169 3029 2876 2747 2665 2613 2571 2569 2544 2582 2697 2835 2927 2910 2853 2659 1931 2575 3325 3816 3371 2860 2966 2189 1491 1489 1167 1081 998 994 854 825 869 773 767 774 774 779 774 786 783 800 811 815 844 892 909 927 933 948 923 931 906 890 895 908 875 881 903 894 919 944 959 975 992 1013 1031 1038 1048 1058 1071 1069 1062 1058 1059
2054 2504 3011 3201 3107 2936 2774 2643 2558 2521 2492 2475 2524 2623 2738 2816 2942 2938 2628 3064 2770 2154 3295 3754 3720 3342 2735 1856 1860 1597 1499 1017 1147 996 925 836 856 835 795 802 794 774 779 779 778 800 816 852 887 897 892 933 922 942 919 933 895 923 892 904 873 882 902 909 925 945 969 985 1000 1024 1039 1048 1057 1077 1092 1080 1071 1074 1062
2566 2795 2891 2940 2881 2758 2639 2545 2483 2470 2474 2506 2548 2573 2598 2812 3037 3118 3068 2748 2506 2243 2350 3181 3669 3443 2915 1817 1734 1711 1262 1074 1146 966 945 865 846 842 833 813 805 794 784 781 790 818 835 844 862 866 895 923 908 942 937 896 880 921 892 876 885 882 912 928 936 956 977 1000 1018 1031 1046 1071 1073 1083 1089 1084 1081 1077 1080
2532 2551 2590 2611 2588 2524 2473 2440 2423 2446 2470 2473 2356 2439 2649 2801 3085 3132 3054 3020 2927 3063 2478 3422 3587 3368 2668 2045 1739 1729 1403 1093 1165 982 990 906 845 836 847 810 789 790 787 777 795 814 818 812 830 856 901 880 929 950 944 884 853 901 900 899 881 894 918 930 948 981 1000 1029 1043 1057 1073 1080 1085 1086 1090 1094 1091 1089 1102
