02 cropping and modelling/wc2.1_10m_bio_12.asc
NCOLS 368 
NROWS 210 
XLLCORNER 67.1666666666667 
YLLCORNER 3.5 
CELLSIZE 0.166666666666667 
NODATA_value -9999 
[rows 35 to 69 of 210, columns 0 to 78 of 368]
-9999 -9999 -9999 -9999 212 210 215 225 249 262 268 312 338 420 468 477 465 444 443 342 321 333 344 352 361 356 374 386 442 473 486 460 444 429 445 470 518 572 628 682 727 776 845 936 1035 1113 1196 1315 1502 1662 1721 1749 1837 1937 1733 1125 703 589 623 512 420 340 319 295 275 255 240 225 210 186 168 158 160 139 113 97 89 81 77
-9999 -9999 -9999 -9999 -9999 221 230 239 252 261 263 294 344 383 391 416 393 353 330 300 309 329 354 364 350 337 347 352 373 414 400 393 398 404 413 439 475 516 558 592 622 653 710 794 868 924 989 1075 1181 1345 1565 1699 1923 2192 1755 1735 1331 725 673 637 551 397 382 352 348 301 276 263 254 233 211 194 176 162 153 134 115 105 101
-9999 -9999 -9999 -9999 -9999 -9999 246 255 275 278 274 274 309 328 336 360 353 323 290 291 293 313 320 328 305 314 322 330 339 352 370 383 394 401 407 423 447 476 503 529 554 582 627 684 736 774 823 897 1002 1130 1302 1543 1757 2045 2244 1610 1345 1097 690 734 822 499 437 382 393 405 346 310 300 311 254 235 228 199 183 173 160 145 139
-9999 -9999 -9999 -9999 -9999 -9999 -9999 256 258 265 292 270 283 300 303 302 316 283 273 276 280 283 282 279 285 289 294 303 313 332 352 368 389 400 402 410 424 442 466 489 513 548 585 620 653 682 720 788 882 1001 1134 1321 1529 1656 1911 2211 2120 1629 1154 1254 994 724 507 439 445 471 469 432 463 346 291 289 295 263 234 213 196 191 165
-9999 -9999 -9999 -9999 -9999 -9999 -9999 -9999 251 256 275 281 275 286 306 314 362 292 265 264 270 272 266 262 262 265 264 271 286 304 326 349 371 387 391 396 408 423 439 461 485 516 549 582 612 641 676 731 809 901 1000 1156 1336 1502 1612 1840 1915 1888 1691 1448 1266 851 619 542 492 511 465 444 565 395 377 342 364 364 327 273 232 224 213
-9999 -9999 -9999 -9999 -9999 -9999 -9999 -9999 -9999 251 268 277 298 289 307 345 389 295 261 257 255 251 246 236 234 237 238 248 264 281 301 328 351 365 375 382 393 405 418 437 462 492 523 557 592 629 669 708 761 826 892 992 1161 1342 1406 1497 1665 1775 1673 1524 1336 1098 802 649 623 574 584 681 693 537 601 489 499 476 454 373 295 259 281
-9999 -9999 -9999 -9999 -9999 -9999 -9999 -9999 -9999 -9999 258 276 290 299 313 377 419 319 272 247 241 234 226 218 217 215 219 227 241 258 281 307 329 349 361 370 379 390 402 416 438 464 497 537 575 616 657 687 726 764 810 869 953 1064 1168 1281 1370 1564 1584 1586 1294 1174 1037 1072 992 883 852 852 625 516 560 622 556 635 595 581 436 315 304
-9999 -9999 -9999 -9999 -9999 -9999 -9999 -9999 -9999 -9999 -9999 279 280 289 324 362 382 340 265 240 233 222 214 208 202 201 205 211 226 239 261 289 316 341 354 362 369 374 383 395 409 434 467 501 542 591 630 661 687 713 741 772 834 928 1027 1133 1215 1351 1602 1524 1406 1313 1219 1143 945 904 915 746 711 607 622 564 559 615 680 696 659 457 351
-9999 -9999 -9999 -9999 -9999 -9999 -9999 -9999 -9999 -9999 -9999 -9999 269 296 330 351 360 352 268 237 224 214 207 201 195 190 192 200 208 221 243 271 309 343 358 361 360 362 366 371 385 405 430 460 507 564 603 627 644 661 672 692 753 848 940 1050 1168 1309 1559 1514 1433 1316 1251 1221 1192 1158 985 816 741 688 683 706 586 564 612 633 689 651 487
-9999 -9999 -9999 -9999 -9999 -9999 -9999 -9999 -9999 -9999 -9999 -9999 -9999 299 320 342 328 329 266 238 219 208 201 195 187 184 186 190 197 208 230 259 304 347 368 363 351 346 346 352 364 378 399 429 489 542 572 590 602 611 626 658 722 805 875 956 1083 1223 1377 1470 1402 1352 1314 1314 1318 1330 1316 1098 885 1144 1069 801 665 586 568 566 661 693 663
-9999 -9999 -9999 -9999 -9999 -9999 -9999 -9999 -9999 -9999 -9999 -9999 -9999 -9999 321 319 324 338 277 239 216 205 196 190 185 179 178 180 188 198 216 244 290 340 361 349 337 327 326 332 341 357 382 417 476 526 544 553 563 579 606 651 710 773 826 883 979 1107 1294 1425 1419 1391 1411 1464 1498 1509 1515 1500 1364 1268 945 885 697 781 638 679 708 677 689
-9999 -9999 -9999 -9999 -9999 -9999 -9999 -9999 -9999 -9999 -9999 -9999 -9999 -9999 -9999 303 312 350 269 240 214 199 192 185 181 174 173 175 182 191 204 230 265 305 321 316 306 302 306 314 325 345 372 404 450 486 499 510 526 555 595 637 686 737 786 832 898 1008 1168 1365 1467 1516 1566 1688 1694 1743 1719 1638 1679 1551 1343 1197 976 1174 1153 977 1080 849 676
-9999 -9999 -9999 -9999 -9999 -9999 -9999 -9999 -9999 -9999 -9999 -9999 -9999 -9999 -9999 -9999 299 311 264 244 211 198 188 180 172 169 168 168 174 183 196 216 241 268 279 278 276 277 282 295 313 335 362 389 419 440 449 461 487 529 576 614 651 697 745 793 852 939 1074 1253 1468 1659 1795 1928 1990 2002 1911 1809 1759 1797 1878 1603 1686 1559 1687 1488 970 819 719
-9999 -9999 -9999 -9999 -9999 -9999 -9999 -9999 -9999 -9999 -9999 -9999 -9999 -9999 -9999 -9999 -9999 -9999 277 244 209 197 184 173 167 163 161 165 168 176 187 203 219 235 245 248 247 252 263 282 304 329 353 378 400 409 408 416 451 505 557 588 614 650 701 760 816 884 988 1135 1351 1606 1796 1864 2044 2187 2149 1773 1633 1704 1586 1406 1583 1629 1855 1367 977 1051 951
-9999 -9999 -9999 -9999 -9999 -9999 -9999 -9999 -9999 -9999 -9999 -9999 -9999 -9999 -9999 -9999 -9999 -9999 -9999 241 207 193 181 169 163 157 155 158 163 171 177 188 199 211 219 225 227 232 248 268 291 316 343 369 387 390 387 394 430 477 522 549 570 597 641 701 756 816 897 1007 1168 1418 1578 1709 1894 1871 2068 1894 1560 1332 1344 1538 1320 1685 1985 1508 1244 1201 1431
-9999 -9999 -9999 -9999 -9999 -9999 -9999 -9999 -9999 -9999 -9999 -9999 -9999 -9999 -9999 -9999 -9999 -9999 -9999 -9999 -9999 191 177 163 154 150 149 152 156 161 168 177 186 197 205 207 214 221 236 253 276 301 328 351 370 375 383 399 423 454 484 506 524 539 569 615 676 739 813 905 1027 1209 1328 1338 1396 1660 1645 1803 1665 1666 1630 1923 1825 1756 1815 1943 1897 1825 1786
-9999 -9999 -9999 -9999 -9999 -9999 -9999 -9999 -9999 -9999 -9999 -9999 -9999 -9999 -9999 -9999 -9999 -9999 -9999 -9999 -9999 -9999 173 159 148 142 141 143 147 151 158 168 177 186 195 201 208 217 227 241 260 281 304 324 344 358 372 392 414 435 455 471 481 491 506 545 602 671 752 837 940 1058 1148 1169 1195 1347 1581 1937 1851 1639 1747 1742 1557 1648 1706 1720 1789 1817 1806
-9999 -9999 -9999 -9999 -9999 -9999 -9999 -9999 -9999 -9999 -9999 -9999 -9999 -9999 -9999 -9999 -9999 -9999 -9999 -9999 -9999 -9999 -9999 -9999 144 139 137 137 141 146 154 164 172 184 193 203 209 217 220 228 238 259 278 296 315 332 351 370 392 415 434 447 456 461 473 502 555 626 710 796 877 955 1022 1064 1120 1240 1413 1653 1803 1769 1741 1768 1605 1673 1766 1767 1771 1774 1739
-9999 -9999 -9999 -9999 -9999 -9999 -9999 -9999 -9999 -9999 -9999 -9999 -9999 -9999 -9999 -9999 -9999 -9999 -9999 -9999 -9999 -9999 -9999 -9999 -9999 135 131 133 136 141 151 160 172 182 193 203 214 215 211 209 219 233 251 269 288 306 324 348 372 398 419 432 440 447 459 485 533 598 678 769 839 890 947 993 1048 1131 1243 1375 1587 1681 1719 1748 1790 1815 1787 1779 1774 1751 1646
-9999 -9999 -9999 -9999 -9999 -9999 -9999 -9999 -9999 -9999 -9999 -9999 -9999 -9999 -9999 -9999 -9999 -9999 -9999 -9999 -9999 -9999 -9999 -9999 -9999 -9999 134 136 138 143 152 161 174 184 193 202 209 211 197 189 196 213 232 251 270 287 306 328 357 387 410 428 439 445 458 482 523 577 648 743 817 855 909 968 1010 1042 1116 1206 1309 1421 1574 1703 1918 1926 1858 1788 1729 1638 1685
-9999 -9999 -9999 -9999 -9999 -9999 -9999 -9999 -9999 -9999 -9999 -9999 -9999 -9999 -9999 -9999 -9999 -9999 -9999 -9999 -9999 -9999 -9999 -9999 -9999 -9999 -9999 -9999 142 149 158 166 178 188 195 202 203 198 185 180 189 205 220 238 256 275 296 320 347 379 408 428 438 446 461 485 524 568 627 705 775 826 893 957 989 995 1036 1092 1160 1245 1352 1498 1701 1947 2025 1847 1769 1709 1703
-9999 -9999 -9999 -9999 -9999 -9999 -9999 -9999 -9999 -9999 -9999 -9999 -9999 -9999 -9999 -9999 -9999 -9999 -9999 -9999 -9999 -9999 -9999 -9999 -9999 -9999 -9999 -9999 -9999 154 163 173 183 194 200 202 202 197 187 186 193 206 221 237 252 269 291 316 343 374 402 426 434 445 465 493 529 570 618 674 742 814 884 935 961 962 984 1021 1064 1121 1207 1319 1438 1579 1690 1800 1858 1757 1785
-9999 -9999 -9999 -9999 -9999 -9999 -9999 -9999 -9999 -9999 -9999 -9999 -9999 -9999 -9999 -9999 -9999 -9999 -9999 -9999 -9999 -9999 -9999 -9999 -9999 -9999 -9999 -9999 -9999 -9999 -9999 177 188 197 203 207 206 205 201 202 206 216 228 244 260 277 292 314 343 371 399 419 430 442 471 508 542 578 612 658 729 810 877 917 931 927 939 964 993 1031 1099 1181 1247 1291 1362 1452 1524 1536 1531
-9999 -9999 -9999 -9999 -9999 -9999 -9999 -9999 -9999 -9999 -9999 -9999 -9999 -9999 -9999 -9999 -9999 -9999 -9999 -9999 -9999 -9999 -9999 -9999 -9999 -9999 -9999 -9999 -9999 -9999 -9999 -9999 194 204 212 217 223 222 219 218 222 232 245 261 277 291 305 324 350 378 400 416 429 449 483 521 555 588 619 662 731 811 868 893 898 894 891 902 917 959 1019 1081 1127 1160 1201 1268 1386 1476 1546
-9999 -9999 -9999 -9999 -9999 -9999 -9999 -9999 -9999 -9999 -9999 -9999 -9999 -9999 -9999 -9999 -9999 -9999 -9999 -9999 -9999 -9999 -9999 -9999 -9999 -9999 -9999 -9999 -9999 -9999 -9999 -9999 -9999 -9999 225 235 241 240 237 239 243 253 265 283 302 318 331 350 371 392 409 419 440 467 501 526 553 586 621 675 734 789 834 849 855 864 866 869 872 916 981 1030 1069 1103 1145 1211 1318 1433 1530
-9999 -9999 -9999 -9999 -9999 -9999 -9999 -9999 -9999 -9999 -9999 -9999 -9999 -9999 -9999 -9999 -9999 -9999 -9999 -9999 -9999 -9999 -9999 -9999 -9999 -9999 -9999 -9999 -9999 -9999 -9999 -9999 -9999 -9999 -9999 251 259 261 258 261 267 278 292 313 337 356 374 386 400 411 419 433 456 486 507 517 526 558 603 661 706 742 781 801 810 846 874 876 881 923 978 1015 1043 1085 1140 1212 1296 1374 1438
-9999 -9999 -9999 -9999 -9999 -9999 -9999 -9999 -9999 -9999 -9999 -9999 -9999 -9999 -9999 -9999 -9999 -9999 -9999 -9999 -9999 -9999 -9999 -9999 -9999 -9999 -9999 -9999 -9999 -9999 -9999 -9999 -9999 -9999 -9999 -9999 -9999 276 278 280 288 299 316 344 367 395 414 420 427 434 440 452 479 504 519 526 520 545 589 616 639 681 726 761 794 839 881 885 886 917 963 989 1020 1072 1135 1197 1258 1301 1322
-9999 -9999 -9999 -9999 -9999 -9999 -9999 -9999 -9999 -9999 -9999 -9999 -9999 -9999 -9999 -9999 -9999 -9999 -9999 -9999 -9999 -9999 -9999 -9999 -9999 -9999 -9999 -9999 -9999 -9999 -9999 -9999 -9999 -9999 -9999 -9999 -9999 -9999 294 296 305 319 338 362 391 418 440 451 455 460 465 487 505 529 549 556 554 564 593 578 595 632 676 725 776 826 863 868 858 869 904 939 983 1039 1094 1140 1184 1212 1210
-9999 -9999 -9999 -9999 -9999 -9999 -9999 -9999 -9999 -9999 -9999 -9999 -9999 -9999 -9999 -9999 -9999 -9999 -9999 -9999 -9999 -9999 -9999 -9999 -9999 -9999 -9999 -9999 -9999 -9999 -9999 -9999 -9999 -9999 -9999 -9999 -9999 -9999 -9999 309 317 330 345 371 398 428 452 467 471 478 487 516 524 553 581 593 599 599 607 577 585 615 651 697 750 803 834 832 813 809 838 886 941 993 1038 1073 1097 1112 1110
-9999 -9999 -9999 -9999 -9999 -9999 -9999 -9999 -9999 -9999 -9999 -9999 -9999 -9999 -9999 -9999 -9999 -9999 -9999 -9999 -9999 -9999 -9999 -9999 -9999 -9999 -9999 -9999 -9999 -9999 -9999 -9999 -9999 -9999 -9999 -9999 -9999 -9999 -9999 -9999 324 336 351 367 391 418 446 464 474 497 518 515 557 566 598 636 651 647 632 606 611 636 661 689 737 782 804 798 772 769 801 847 902 949 985 1011 1029 1045 1058
-9999 -9999 -9999 -9999 -9999 -9999 -9999 -9999 -9999 -9999 -9999 -9999 -9999 -9999 -9999 -9999 -9999 -9999 -9999 -9999 -9999 -9999 -9999 -9999 -9999 -9999 -9999 -9999 -9999 -9999 -9999 -9999 -9999 -9999 -9999 -9999 -9999 -9999 -9999 -9999 -9999 -9999 350 361 376 402 427 446 469 508 508 542 567 587 637 700 687 661 650 642 644 644 653 679 728 765 770 770 761 764 787 831 880 916 939 960 982 1012 1036
-9999 -9999 -9999 -9999 -9999 -9999 -9999 -9999 -9999 -9999 -9999 -9999 -9999 -9999 -9999 -9999 -9999 -9999 -9999 -9999 -9999 -9999 -9999 -9999 -9999 -9999 -9999 -9999 -9999 -9999 -9999 -9999 -9999 -9999 -9999 -9999 -9999 -9999 -9999 -9999 -9999 -9999 -9999 352 366 388 413 444 461 480 516 557 585 636 690 743 690 684 671 663 654 644 644 673 732 767 765 768 772 781 795 818 855 887 905 919 939 985 1023
-9999 -9999 -9999 -9999 -9999 -9999 -9999 -9999 -9999 -9999 -9999 -9999 -9999 -9999 -9999 -9999 -9999 -9999 -9999 -9999 -9999 -9999 -9999 -9999 -9999 -9999 -9999 -9999 -9999 -9999 -9999 -9999 -9999 -9999 -9999 -9999 -9999 -9999 -9999 -9999 -9999 -9999 -9999 -9999 -9999 386 412 441 451 482 514 572 608 656 711 743 724 697 685 679 674 661 658 689 757 794 789 788 800 813 814 815 834 867 888 890 897 943 995
-9999 -9999 -9999 -9999 -9999 -9999 -9999 -9999 -9999 -9999 -9999 -9999 -9999 -9999 -9999 -9999 -9999 -9999 -9999 -9999 -9999 -9999 -9999 -9999 -9999 -9999 -9999 -9999 -9999 -9999 -9999 -9999 -9999 -9999 -9999 -9999 -9999 -9999 -9999 -9999 -9999 -9999 -9999 -9999 -9999 -9999 -9999 431 455 489 534 588 624 657 680 698 690 682 678 683 690 692 711 749 790 807 796 805 824 842 844 836 828 856 881 881 879 915 969
-9999 -9999 -9999 -9999 -9999 -9999 -9999 -9999 -9999 -9999 -9999 -9999 -9999 -9999 -9999 -9999 -9999 -9999 -9999 -9999 -9999 -9999 -9999 -9999 -9999 -9999 -9999 -9999 -9999 -9999 -9999 -9999 -9999 -9999 -9999 -9999 -9999 -9999 -9999 -9999 -9999 -9999 -9999 -9999 -9999 -9999 -9999 -9999 -9999 500 549 612 634 667 669 677 682 681 667 689 709 728 750 783 806 804 796 816 835 859 874 866 846 858 874 874 883 911 950
