02 cropping and modelling/wc2.1_10m_bio_1.asc
NCOLS 368 
NROWS 210 
XLLCORNER 67.1666666666667 
YLLCORNER 3.5 
CELLSIZE 0.166666666666667 
NODATA_value -9999 
[rows 0 to 26 of 210, columns 60 to 119 of 368]
-9999 -9999 -9999 -9999 -9999 -9999 -9999 -9999 -9999 -9999 -9999 -9999 -9999 -9999 -9999 -9999 -9999 -9999 -9999 -9999 -9999 -9999 -9999 -9999 -9999 -9999 -9999 -9999 -9999 -9999 -9999 -9999 -9999 -9999 -9999 -9999 -9999 -9999 -9999 -9999 -9999 -9999 -9999 -9999 -9999 -9999 -9999 -9999 -9999 -9999 -9999 -9999 -9999 -9999 -9999 -9999 -9999 -9999 -9999 -9999
12.5842294692993 12.6948022842407 13.0878648757935 13.1730318069458 13.1307916641235 12.9954166412354 12.8401975631714 -9999 -9999 -9999 -9999 -9999 -9999 -9999 -9999 -9999 -9999 -9999 -9999 -9999 -9999 -9999 -9999 -9999 -9999 -9999 -9999 -9999 -9999 -9999 -9999 -9999 -9999 -9999 -9999 -9999 -9999 -9999 -9999 -9999 -9999 -9999 -9999 -9999 -9999 -9999 -9999 -9999 -9999 -9999 -9999 -9999 -9999 -9999 -9999 -9999 -9999 -9999 -9999 -9999
12.6507186889648 12.6575107574463 12.9877920150757 13.1977186203003 13.1203851699829 12.9582815170288 12.7708330154419 12.604416847229 12.5665731430054 12.6866664886475 12.7009792327881 12.7348642349243 12.6944379806519 12.6682815551758 12.6122188568115 12.5648956298828 -9999 -9999 -9999 -9999 -9999 -9999 -9999 -9999 -9999 -9999 -9999 -9999 -9999 -9999 -9999 -9999 -9999 -9999 -9999 -9999 -9999 -9999 -9999 -9999 -9999 -9999 -9999 -9999 -9999 -9999 -9999 -9999 -9999 -9999 -9999 -9999 -9999 -9999 -9999 -9999 -9999 -9999 -9999 -9999
12.6603441238403 12.3404169082642 12.7100524902344 13.0310831069946 13.0143022537231 12.9201669692993 12.7238960266113 12.5864267349243 12.5608749389648 12.6362190246582 12.6866979598999 12.7719478607178 12.7751350402832 12.7154273986816 12.6499691009521 12.632740020752 12.5954999923706 12.6253128051758 12.6632499694824 12.6175622940063 12.7013750076294 -9999 -9999 -9999 -9999 -9999 -9999 -9999 -9999 -9999 -9999 -9999 -9999 -9999 -9999 -9999 -9999 -9999 -9999 -9999 -9999 -9999 -9999 -9999 -9999 -9999 -9999 -9999 -9999 -9999 -9999 -9999 -9999 -9999 -9999 -9999 -9999 -9999 -9999 -9999
11.864354133606 12.1112499237061 12.3721351623535 12.5945415496826 12.7502288818359 12.770697593689 12.5952501296997 12.5686454772949 12.6077289581299 12.6422920227051 12.7020101547241 12.8162078857422 12.8796873092651 12.7953023910522 12.7040414810181 12.6961460113525 12.6843957901001 12.6891975402832 12.683666229248 12.637469291687 12.7796039581299 12.7097606658936 12.6687393188477 12.6313333511353 12.6505308151245 -9999 -9999 -9999 -9999 -9999 -9999 -9999 -9999 -9999 -9999 -9999 -9999 -9999 -9999 -9999 -9999 -9999 -9999 -9999 -9999 -9999 -9999 -9999 -9999 -9999 -9999 -9999 -9999 -9999 -9999 -9999 -9999 -9999 -9999 -9999
11.2333335876465 11.2604064941406 11.1927499771118 11.1520109176636 11.4070835113525 11.9665622711182 12.3567495346069 12.4970626831055 12.6061248779297 12.6918544769287 12.7337818145752 12.9399585723877 13.0804376602173 12.9407606124878 12.7596044540405 12.8207921981812 12.7779169082642 12.7075834274292 12.6860733032227 12.804573059082 12.8177394866943 12.7414789199829 12.69309425354 12.6418333053589 12.6117496490479 12.668719291687 12.7389163970947 12.6329689025879 -9999 -9999 -9999 -9999 -9999 -9999 -9999 -9999 -9999 -9999 -9999 -9999 -9999 -9999 -9999 -9999 -9999 -9999 -9999 -9999 -9999 -9999 -9999 -9999 -9999 -9999 -9999 -9999 -9999 -9999 -9999 -9999
9.32355213165283 9.88638591766357 10.3215208053589 10.249906539917 10.3387813568115 10.9173545837402 11.4604482650757 12.188530921936 12.3064584732056 12.5944375991821 12.763500213623 12.9350833892822 13.0737295150757 12.9464588165283 12.5833435058594 12.6171770095825 12.8097400665283 12.9004583358765 12.9893646240234 12.9117813110352 12.8574476242065 12.769624710083 12.6945524215698 12.6794586181641 12.6492500305176 12.7032289505005 12.6791877746582 12.5058641433716 12.3204898834229 12.2456769943237 12.1398544311523 -9999 -9999 -9999 -9999 -9999 -9999 -9999 -9999 -9999 -9999 -9999 -9999 -9999 -9999 -9999 -9999 -9999 -9999 -9999 -9999 -9999 -9999 -9999 -9999 -9999 -9999 -9999 -9999 -9999
7.13378143310547 7.15143728256226 7.62369775772095 7.40492725372314 8.64316654205322 9.62297916412354 9.41088581085205 10.2446975708008 11.3737602233887 12.195240020752 12.3578853607178 12.4938640594482 12.720760345459 12.9541664123535 12.4623641967773 12.3317708969116 12.7995414733887 13.029239654541 12.9354057312012 12.940239906311 12.8860731124878 12.8556976318359 12.7492084503174 12.7036256790161 12.7029056549072 12.7298021316528 12.7415208816528 12.5266046524048 12.3594999313354 12.255687713623 12.1559371948242 12.006760597229 12.0962390899658 -9999 -9999 -9999 -9999 -9999 -9999 -9999 -9999 -9999 -9999 -9999 -9999 -9999 -9999 -9999 -9999 -9999 -9999 -9999 -9999 -9999 -9999 -9999 -9999 -9999 -9999 -9999
2.80462503433228 4.73755216598511 2.98360419273376 3.79993748664856 4.61901044845581 5.59156274795532 6.37284374237061 7.41312503814697 8.76596832275391 8.98523998260498 10.1212396621704 9.90873908996582 10.0963125228882 11.5641040802002 12.2367601394653 12.2700519561768 12.3714685440063 12.4006977081299 12.69056224823 12.9252395629883 12.9601144790649 12.7748851776123 12.6665210723877 12.546854019165 12.5602188110352 12.6742601394653 12.6573858261108 12.577260017395 12.4123544692993 12.2765731811523 12.1666250228882 12.0903224945068 12.0494480133057 11.8344478607178 11.859447479248 -9999 -9999 -9999 -9999 -9999 -9999 -9999 -9999 -9999 -9999 -9999 -9999 -9999 -9999 -9999 -9999 -9999 -9999 -9999 -9999 -9999 -9999 -9999 -9999 -9999
-1.22010409832001 1.88744783401489 0.543374955654144 -0.373760342597961 0.485187441110611 -1.9528021812439 2.98031234741211 3.40886449813843 4.19594812393188 5.2661247253418 6.16362524032593 7.5801043510437 8.25593757629395 10.0891981124878 10.9096040725708 11.0065107345581 11.5923128128052 11.3050107955933 11.9826250076294 12.507698059082 12.5777816772461 12.3217916488647 12.4442911148071 12.5200004577637 12.4883852005005 12.4354581832886 12.2695417404175 12.4833536148071 12.3665418624878 12.2212390899658 11.8736772537231 11.533374786377 11.0629787445068 10.8921356201172 10.7464580535889 10.3050308227539 9.50957298278809 -9999 -9999 -9999 -9999 -9999 -9999 -9999 -9999 -9999 -9999 -9999 -9999 -9999 -9999 -9999 -9999 -9999 -9999 -9999 -9999 -9999 -9999 -9999
-2.67667698860168 -2.28518748283386 -2.8950207233429 -7.25380182266235 -5.34982299804688 -4.68071889877319 -1.84802091121674 -6.13439607620239 -1.70988547801971 0.836926996707916 2.67056250572205 4.5524582862854 6.24095821380615 7.60976028442383 7.25609350204468 7.67093753814697 9.413010597229 8.18976020812988 8.85989570617676 10.1918230056763 10.7065620422363 11.0936670303345 11.8950204849243 12.21790599823 12.2662496566772 12.1939373016357 12.0362396240234 12.2450313568115 11.7878856658936 11.1181879043579 10.2750005722046 9.59490585327148 9.05551052093506 8.82124996185303 8.34060382843018 7.80810403823853 7.12083339691162 5.76160430908203 -9999 -9999 -9999 -9999 -9999 -9999 -9999 -9999 -9999 -9999 -9999 -9999 -9999 -9999 -9999 -9999 -9999 -9999 -9999 -9999 -9999 -9999
-7.82641649246216 -9.5881872177124 -9.84658336639404 -8.58654117584229 -5.93591690063477 -3.82545828819275 -2.45376038551331 -2.65734386444092 0.906843721866608 2.38111448287964 4.471604347229 6.94280195236206 6.32941675186157 6.53176021575928 6.12058353424072 6.99994802474976 7.88069772720337 2.56423950195312 -0.443093776702881 2.47931241989136 7.80495834350586 10.205228805542 11.2407083511353 11.5738124847412 11.4899063110352 11.2021245956421 11.1648025512695 10.8228960037231 9.68365669250488 8.41391658782959 6.38373947143555 3.6185417175293 2.92615604400635 4.22165632247925 3.10116672515869 2.12590622901917 0.940229296684265 -1.22939574718475 -0.961135387420654 -1.83691668510437 -9999 -9999 -9999 -9999 -9999 -9999 -9999 -9999 -9999 -9999 -9999 -9999 -9999 -9999 -9999 -9999 -9999 -9999 -9999 -9999
-5.4868540763855 -5.57447910308838 -8.10413551330566 -6.18588542938232 -3.488520860672 -4.76883316040039 -7.43808317184448 -3.52792716026306 -3.37081241607666 -6.9528226852417 -1.19878113269806 2.8571457862854 1.95690631866455 -1.2342916727066 2.02260422706604 5.11229181289673 5.73921871185303 5.30172920227051 1.50687491893768 3.12780213356018 7.62537527084351 8.47014617919922 9.8658332824707 10.3228120803833 10.1935520172119 9.62726020812988 8.10564613342285 8.09365653991699 6.09807300567627 1.51217699050903 -2.94431257247925 -3.60335421562195 -5.98612499237061 -2.36245846748352 -4.05566644668579 -6.49924993515015 -6.19835424423218 -5.68378114700317 -6.95135402679443 -6.42296886444092 -7.22932291030884 -9999 -9999 -9999 -9999 -9999 -9999 -9999 -9999 -9999 -9999 -9999 -9999 -9999 -9999 -9999 -9999 -9999 -9999 -9999
-8.48593711853027 -8.16479110717773 -5.56152057647705 -7.18203115463257 -7.43434381484985 -6.82330226898193 -4.15591669082642 -4.60516691207886 -4.80260419845581 -5.7288122177124 -5.27891683578491 -6.82473945617676 -6.15251016616821 -4.86780214309692 0.0587395839393139 3.9522500038147 3.83372926712036 2.10544800758362 1.98454165458679 4.29681253433228 4.79732275009155 6.43308353424072 6.72583341598511 7.33997917175293 6.38678121566772 5.76961469650269 5.09920835494995 3.05177092552185 -1.83252084255219 -8.07991695404053 -6.25889587402344 -8.1649169921875 -7.91052103042603 -6.20644807815552 -7.79559373855591 -7.44488525390625 -7.32930183410645 -7.58695840835571 -7.58844804763794 -7.62069797515869 -7.56010437011719 -7.2125415802002 -9999 -9999 -9999 -9999 -9999 -9999 -9999 -9999 -9999 -9999 -9999 -9999 -9999 -9999 -9999 -9999 -9999 -9999
-8.40039539337158 -8.08312511444092 -6.0011248588562 -5.7803750038147 -5.78560400009155 -7.70883321762085 -9.44969749450684 -8.27892684936523 -7.45291662216187 -7.52223968505859 -7.13713550567627 -5.18060398101807 -10.2118434906006 -12.2878646850586 -9.48562526702881 -3.76241660118103 -0.637541651725769 -6.05861473083496 -5.46996879577637 -0.421499967575073 -0.673822820186615 1.66902089118958 3.03203129768372 1.00043749809265 0.526187419891357 -0.479531198740005 -4.05855226516724 -3.66519784927368 -3.75969791412354 -4.85658311843872 -6.9350414276123 -4.83492708206177 -4.96872901916504 -5.43215656280518 -6.6386981010437 -6.94707298278809 -7.69481229782104 -8.80290603637695 -8.5343542098999 -8.25848960876465 -8.40657329559326 -7.80459356307983 -7.52080202102661 -9999 -9999 -9999 -9999 -9999 -9999 -9999 -9999 -9999 -9999 -9999 -9999 -9999 -9999 -9999 -9999 -9999
-10.9709167480469 -7.89537477493286 -6.04928112030029 -7.99432277679443 -7.55879163742065 -4.9634165763855 -6.01002073287964 -7.0625 -5.73030233383179 -7.47629165649414 -8.09262466430664 -6.86963558197021 -5.89561462402344 -9.85030174255371 -10.6096982955933 -8.62485408782959 -8.15897941589355 -3.03311467170715 -4.83413553237915 -6.9765830039978 -5.24716663360596 -6.76140642166138 -7.18160438537598 -8.45750999450684 -8.3560733795166 -6.73336458206177 -8.52110385894775 -6.5882396697998 -6.94484376907349 -4.67317724227905 -4.41011476516724 -5.72501039505005 -7.51821899414062 -8.01538562774658 -7.47088575363159 -8.15065670013428 -8.05859375 -8.00032329559326 -7.40883350372314 -7.70577096939087 -7.84935426712036 -7.54490613937378 -7.22118759155273 -7.50177049636841 -9999 -9999 -9999 -9999 -9999 -9999 -9999 -9999 -9999 -9999 -9999 -9999 -9999 -9999 -9999 -9999
-11.6895523071289 -13.087926864624 -9.66433334350586 -7.83030223846436 -7.61465644836426 -7.38474988937378 -8.27859401702881 -8.21504211425781 -8.82794761657715 -10.1426982879639 -8.19537544250488 -7.78718709945679 -8.57093715667725 -6.62707281112671 -10.6785936355591 -11.2177600860596 -9.67627048492432 -8.18806266784668 -9.42173957824707 -12.8313961029053 -8.3741979598999 -6.27315616607666 -5.68962526321411 -8.76029205322266 -9.05769824981689 -5.77332305908203 -5.14804172515869 -5.74079179763794 -6.98449993133545 -6.65235424041748 -7.1082706451416 -10.3695106506348 -8.50952053070068 -8.7706356048584 -8.43734359741211 -8.04351043701172 -6.98852062225342 -6.31550025939941 -6.41189575195312 -6.84880208969116 -6.34903144836426 -5.96525001525879 -6.37043762207031 -6.61347913742065 -7.01609373092651 -9999 -9999 -9999 -9999 -9999 -9999 -9999 -9999 -9999 -9999 -9999 -9999 -9999 -9999 -9999
-11.9914999008179 -12.3638544082642 -9.63175010681152 -8.91946887969971 -9.92333316802979 -10.5558128356934 -9.6500940322876 -8.10799980163574 -7.05511474609375 -9.23007297515869 -8.13893795013428 -6.98531246185303 -5.5872917175293 -5.26129150390625 -6.06807279586792 -8.93973922729492 -11.6613855361938 -11.0306358337402 -10.9577083587646 -10.7922496795654 -11.5955209732056 -9.80497932434082 -8.82194805145264 -8.64805221557617 -8.10335445404053 -7.5911979675293 -8.66693782806396 -9.14130210876465 -8.99308300018311 -7.35723972320557 -12.4721040725708 -10.1871356964111 -8.31802082061768 -7.88515615463257 -7.97534370422363 -7.15362501144409 -7.33501052856445 -6.44207286834717 -6.13170862197876 -5.97337484359741 -5.88848972320557 -6.03365612030029 -6.20871877670288 -5.78562498092651 -6.08684396743774 -6.58345794677734 -9999 -9999 -9999 -9999 -9999 -9999 -9999 -9999 -9999 -9999 -9999 -9999 -9999 -9999
-13.1423645019531 -13.5261144638062 -10.2449998855591 -9.34890651702881 -8.80154132843018 -8.67022895812988 -8.37877082824707 -8.98390579223633 -9.07027053833008 -6.77369785308838 -6.17864608764648 -6.22016668319702 -6.11165618896484 -5.63303136825562 -5.05529165267944 -6.04482316970825 -6.86205196380615 -8.31243705749512 -8.1633129119873 -12.4059581756592 -15.1311044692993 -14.791937828064 -15.3482913970947 -16.0946979522705 -14.8249588012695 -12.7016563415527 -12.4509162902832 -9.5666561126709 -9.68375015258789 -11.0537395477295 -9.2778959274292 -7.55660438537598 -6.926353931427 -6.55105209350586 -7.35348987579346 -6.91018772125244 -6.49057292938232 -6.11894798278809 -5.89878129959106 -5.86226034164429 -6.17716693878174 -6.00879192352295 -5.85820817947388 -5.51815605163574 -5.44662475585938 -5.87346887588501 -5.85442686080933 -9999 -9999 -9999 -9999 -9999 -9999 -9999 -9999 -9999 -9999 -9999 -9999 -9999
-6.12832307815552 -11.857385635376 -12.3580417633057 -8.53859329223633 -9.77843761444092 -8.70941638946533 -9.73681259155273 -10.2627286911011 -10.4434375762939 -9.04082298278809 -8.76430225372314 -8.50684356689453 -7.28473949432373 -6.04660415649414 -5.10557270050049 -4.89922904968262 -5.15756273269653 -5.87807321548462 -6.52269792556763 -7.38945817947388 -9.68137550354004 -13.2150411605835 -13.0647811889648 -12.5300207138062 -10.0075731277466 -11.9300727844238 -10.0759687423706 -10.8705625534058 -11.4487400054932 -9.17645835876465 -9.25826072692871 -9.28413581848145 -6.7728123664856 -6.04721879959106 -5.83803129196167 -5.89429140090942 -6.03224992752075 -6.31192684173584 -6.41765642166138 -5.9537501335144 -5.75318765640259 -5.65315628051758 -5.56174993515015 -5.52485418319702 -5.63453149795532 -5.83255195617676 -5.88395833969116 -6.24583339691162 -9999 -9999 -9999 -9999 -9999 -9999 -9999 -9999 -9999 -9999 -9999 -9999
-5.48415613174438 -8.6565523147583 -11.6216564178467 -9.29895782470703 -8.97691631317139 -9.06233310699463 -9.56741619110107 -9.81717681884766 -10.0588026046753 -8.33139610290527 -10.46959400177 -8.77577114105225 -7.28596878051758 -6.86138534545898 -5.76123952865601 -6.05944776535034 -5.22843742370605 -4.88102102279663 -5.03964614868164 -5.38901042938232 -6.22715616226196 -7.38928127288818 -8.79129123687744 -7.02808332443237 -7.32977104187012 -8.39368724822998 -7.29747915267944 -7.12504196166992 -6.87297916412354 -8.22484397888184 -8.25191688537598 -8.25347900390625 -6.67432308197021 -6.29380178451538 -6.31584358215332 -6.23537492752075 -6.19097900390625 -6.8082914352417 -6.81471872329712 -6.88352108001709 -6.94489574432373 -6.33001041412354 -5.85821866989136 -5.80155181884766 -5.94998979568481 -6.04418754577637 -6.16503143310547 -6.00776052474976 -6.09603118896484 -9999 -9999 -9999 -9999 -9999 -9999 -9999 -9999 -9999 -9999 -9999
-8.37991619110107 -3.36751055717468 -8.37744808197021 -12.1437187194824 -10.0366458892822 -6.53614568710327 -11.0730314254761 -11.6345624923706 -9.98854160308838 -9.31409358978271 -9.21288585662842 -7.97511434555054 -7.4444375038147 -7.35001039505005 -6.98155212402344 -6.04113531112671 -6.23967695236206 -6.37195825576782 -6.10310411453247 -6.3803334236145 -6.07746887207031 -6.52974987030029 -8.29784393310547 -7.89793729782104 -7.29107284545898 -5.91560411453247 -5.71615600585938 -6.54534387588501 -6.42508316040039 -7.11292695999146 -7.21690607070923 -7.92326068878174 -7.20441675186157 -6.72079181671143 -6.1121768951416 -6.40664577484131 -7.28955221176147 -7.39256238937378 -7.12058353424072 -6.90996885299683 -6.57964563369751 -6.53936433792114 -7.02888536453247 -6.44062471389771 -6.85865640640259 -6.48705196380615 -6.48909378051758 -7.00608348846436 -7.28657293319702 -6.92973947525024 -9999 -9999 -9999 -9999 -9999 -9999 -9999 -9999 -9999 -9999
-1.31123960018158 -4.02596855163574 -1.38912498950958 -11.7364683151245 -11.2457294464111 -7.15998935699463 -6.72876071929932 -8.15420818328857 -8.6242504119873 -9.04144763946533 -8.41399002075195 -7.72522926330566 -7.31851053237915 -7.05729150772095 -7.15686464309692 -7.64854145050049 -8.39579200744629 -7.60417699813843 -8.18604183197021 -8.23363494873047 -7.88617706298828 -7.01187515258789 -7.83439588546753 -6.91948938369751 -6.297926902771 -6.66744804382324 -6.79505205154419 -6.62603139877319 -6.51324987411499 -6.88821887969971 -9.54979133605957 -10.5126876831055 -7.09201049804688 -6.73705196380615 -6.65241670608521 -7.13961458206177 -6.91004180908203 -6.14517688751221 -5.93055200576782 -5.64489603042603 -5.49242687225342 -7.33644771575928 -7.70677089691162 -7.69173955917358 -7.81866645812988 -6.61142683029175 -7.31471872329712 -7.18764591217041 -7.17926025390625 -7.5120415687561 -7.39780235290527 -9999 -9999 -9999 -9999 -9999 -9999 -9999 -9999 -9999
-6.01174974441528 -0.647135496139526 3.11796879768372 -6.17703104019165 -11.9864892959595 -10.6220836639404 -7.21004152297974 -11.2220315933228 -9.14914608001709 -9.1942081451416 -9.60108375549316 -9.66738510131836 -8.36479187011719 -8.13065624237061 -8.15215587615967 -7.90084362030029 -7.49068784713745 -6.73402070999146 -6.60041666030884 -6.23810434341431 -7.00220823287964 -8.09570789337158 -7.55644798278809 -7.19269800186157 -7.58464574813843 -9.61227130889893 -7.26122903823853 -6.2893853187561 -7.12423944473267 -7.36056280136108 -7.98691654205322 -7.76833343505859 -6.66929149627686 -8.53932285308838 -7.82622909545898 -8.45716667175293 -6.63768768310547 -6.02845811843872 -6.43682289123535 -6.51849985122681 -6.38644790649414 -7.66451025009155 -5.17551040649414 -6.64356231689453 -6.75229167938232 -6.14348936080933 -6.76701021194458 -8.27624988555908 -8.32045841217041 -8.52066707611084 -8.46931266784668 -7.8411979675293 -9999 -9999 -9999 -9999 -9999 -9999 -9999 -9999
-8.6969165802002 -7.4776668548584 -6.51113510131836 -0.0373021252453327 -6.84896850585938 -10.5569372177124 -5.21954154968262 -9.79969787597656 -10.5357294082642 -8.58893775939941 -6.95776081085205 -8.8586254119873 -8.89644813537598 -8.85510444641113 -9.71304130554199 -8.77140617370605 -8.5295524597168 -8.64665603637695 -9.557448387146 -6.8552188873291 -8.23645877838135 -9.69646835327148 -10.0674266815186 -9.33417701721191 -8.66462516784668 -10.1243019104004 -9.29819774627686 -7.27371883392334 -6.73755216598511 -6.31739568710327 -6.97092723846436 -6.88513517379761 -6.79363536834717 -7.48767709732056 -6.75736474990845 -7.7784481048584 -7.34341669082642 -6.35042715072632 -4.96487522125244 -4.95566701889038 -5.70381259918213 -5.39859390258789 -4.28663539886475 -7.10708332061768 -7.10142707824707 -6.55907297134399 -6.03711462020874 -6.21526050567627 -5.53821897506714 -7.31239604949951 -9.96555233001709 -7.57598972320557 -10.8960313796997 -9999 -9999 -9999 -9999 -9999 -9999 -9999
2.24486446380615 -1.25786447525024 -3.52730202674866 -4.98603105545044 -3.4271354675293 -4.07137489318848 -5.44894790649414 -8.38071918487549 -9.20409393310547 -6.42634391784668 -7.54828119277954 -7.06765604019165 -7.56814575195312 -8.1732816696167 -11.630687713623 -6.92829179763794 -10.0906457901001 -9.97332286834717 -8.16021919250488 -7.08460426330566 -6.70970821380615 -7.19447898864746 -10.5719585418701 -9.78075981140137 -7.74908351898193 -7.51565599441528 -6.95115613937378 -8.54626083374023 -9.05907249450684 -7.93907308578491 -5.21154165267944 -5.86648941040039 -5.2901668548584 -5.85861444473267 -5.74054145812988 -5.38683319091797 -5.82182312011719 -6.56778144836426 -6.38921880722046 -4.99044799804688 -4.73378133773804 -5.95278120040894 -6.67004156112671 -7.12351036071777 -6.30978155136108 -5.46176052093506 -4.81921863555908 -4.79326057434082 -4.66377067565918 -4.76560401916504 -6.58318758010864 -7.70704174041748 -8.77271842956543 -9999 -9999 -9999 -9999 -9999 -9999 -9999
1.06423962116241 0.300343781709671 4.65326023101807 -0.550541698932648 -7.41648960113525 -3.21631240844727 -4.26186466217041 -5.44288539886475 -7.88296842575073 -9.67792701721191 -8.55036449432373 -7.53942728042603 -7.68950033187866 -9.75346851348877 -7.12294816970825 -6.4046459197998 -9.92093753814697 -7.84141683578491 -6.45564603805542 -5.42931270599365 -4.79447937011719 -3.26163554191589 -6.1930832862854 -6.88096857070923 -5.79913520812988 -5.57764577865601 -4.48443746566772 -4.95405197143555 -6.26270818710327 -8.64908313751221 -6.85545825958252 -4.86828136444092 -5.06055212020874 -5.02881240844727 -4.86221885681152 -5.20768737792969 -5.40728139877319 -5.40072917938232 -4.66792726516724 -5.08727073669434 -6.41415643692017 -7.25244808197021 -7.3311562538147 -6.42718744277954 -5.03006267547607 -4.68306255340576 -4.6473126411438 -5.14688539505005 -5.01791667938232 -4.84646892547607 -4.79697942733765 -5.7302188873291 -5.16878128051758 -5.01445817947388 -9999 -9999 -9999 -9999 -9999 -9999
