02 cropping and modelling/wc2.1_10m_bio_2.asc
NCOLS 368 
NROWS 210 
XLLCORNER 67.1666666666667 
YLLCORNER 3.5 
CELLSIZE 0.166666666666667 
NODATA_value -9999 
[rows 0 to 26 of 210, columns 60 to 119 of 368]
-9999 -9999 -9999 -9999 -9999 -9999 -9999 -9999 -9999 -9999 -9999 -9999 -9999 -9999 -9999 -9999 -9999 -9999 -9999 -9999 -9999 -9999 -9999 -9999 -9999 -9999 -9999 -9999 -9999 -9999 -9999 -9999 -9999 -9999 -9999 -9999 -9999 -9999 -9999 -9999 -9999 -9999 -9999 -9999 -9999 -9999 -9999 -9999 -9999 -9999 -9999 -9999 -9999 -9999 -9999 -9999 -9999 -9999 -9999 -9999
13.65625 13.8566875457764 15.4368963241577 15.6014785766602 15.602707862854 15.7264585494995 15.7045211791992 -9999 -9999 -9999 -9999 -9999 -9999 -9999 -9999 -9999 -9999 -9999 -9999 -9999 -9999 -9999 -9999 -9999 -9999 -9999 -9999 -9999 -9999 -9999 -9999 -9999 -9999 -9999 -9999 -9999 -9999 -9999 -9999 -9999 -9999 -9999 -9999 -9999 -9999 -9999 -9999 -9999 -9999 -9999 -9999 -9999 -9999 -9999 -9999 -9999 -9999 -9999 -9999 -9999
13.8463544845581 13.9016036987305 15.4912080764771 15.5917291641235 15.6050214767456 15.6712293624878 15.6346664428711 15.5530004501343 15.5121040344238 15.4357089996338 15.4562921524048 15.4456043243408 15.4942502975464 15.4669790267944 15.548978805542 15.5933752059937 -9999 -9999 -9999 -9999 -9999 -9999 -9999 -9999 -9999 -9999 -9999 -9999 -9999 -9999 -9999 -9999 -9999 -9999 -9999 -9999 -9999 -9999 -9999 -9999 -9999 -9999 -9999 -9999 -9999 -9999 -9999 -9999 -9999 -9999 -9999 -9999 -9999 -9999 -9999 -9999 -9999 -9999 -9999 -9999
14.2061042785645 13.5199584960938 14.89231300354 15.506875038147 15.5220203399658 15.6145830154419 15.5857086181641 15.4921875 15.4556665420532 15.3993549346924 15.3857707977295 15.3686046600342 15.4055204391479 15.3475208282471 15.3763952255249 15.4126453399658 15.5142917633057 15.6216669082642 15.702917098999 15.5107088088989 16.0302925109863 -9999 -9999 -9999 -9999 -9999 -9999 -9999 -9999 -9999 -9999 -9999 -9999 -9999 -9999 -9999 -9999 -9999 -9999 -9999 -9999 -9999 -9999 -9999 -9999 -9999 -9999 -9999 -9999 -9999 -9999 -9999 -9999 -9999 -9999 -9999 -9999 -9999 -9999 -9999
14.8129997253418 14.4920415878296 14.908353805542 15.3962078094482 15.3142499923706 15.3460626602173 15.3335838317871 15.3943328857422 15.4256258010864 15.3446254730225 15.2813129425049 15.2858333587646 15.3386249542236 15.2826042175293 15.2510414123535 15.2890005111694 15.3842496871948 15.2773132324219 15.2756662368774 15.0396881103516 15.9669580459595 16.0362300872803 16.1456451416016 16.3076667785645 16.4886035919189 -9999 -9999 -9999 -9999 -9999 -9999 -9999 -9999 -9999 -9999 -9999 -9999 -9999 -9999 -9999 -9999 -9999 -9999 -9999 -9999 -9999 -9999 -9999 -9999 -9999 -9999 -9999 -9999 -9999 -9999 -9999 -9999 -9999 -9999 -9999
15.2446670532227 14.938437461853 15.1222076416016 15.2673540115356 15.0412502288818 14.9702501296997 14.3150835037231 15.0267915725708 15.349458694458 15.4255418777466 15.2632293701172 15.259916305542 15.3497915267944 15.2759380340576 14.9192085266113 15.1679582595825 14.8631248474121 14.5585832595825 14.5716047286987 15.6107702255249 15.8746871948242 15.8701667785645 16.0078964233398 16.1779174804688 16.3311252593994 16.3821048736572 16.5953750610352 16.76389503479 -9999 -9999 -9999 -9999 -9999 -9999 -9999 -9999 -9999 -9999 -9999 -9999 -9999 -9999 -9999 -9999 -9999 -9999 -9999 -9999 -9999 -9999 -9999 -9999 -9999 -9999 -9999 -9999 -9999 -9999 -9999 -9999
14.9368953704834 14.6097707748413 15.1842079162598 15.2329788208008 14.8265628814697 14.815333366394 14.8240623474121 14.9188957214355 14.4059581756592 14.8562507629395 15.1879587173462 15.2519578933716 15.2079172134399 14.6373329162598 13.3386039733887 13.9429378509521 14.2808952331543 14.5772085189819 15.4333124160767 15.5945205688477 15.6956872940063 15.7270832061768 15.9202709197998 16.0910835266113 16.2767505645752 16.2389163970947 16.5082492828369 16.6924781799316 16.8333950042725 16.9722709655762 17.0933742523193 -9999 -9999 -9999 -9999 -9999 -9999 -9999 -9999 -9999 -9999 -9999 -9999 -9999 -9999 -9999 -9999 -9999 -9999 -9999 -9999 -9999 -9999 -9999 -9999 -9999 -9999 -9999 -9999 -9999
14.7781457901001 14.6452913284302 14.5531873703003 14.6679792404175 14.7597913742065 14.8786249160767 14.8938121795654 14.5998544692993 14.3996877670288 14.6803131103516 14.7529373168945 14.5171451568604 14.5941038131714 14.583083152771 12.8835620880127 12.6010417938232 13.7592077255249 14.9231042861938 15.057562828064 15.4101877212524 15.6038131713867 15.6881046295166 15.881875038147 16.0647506713867 16.2523956298828 16.3238124847412 16.3497924804688 16.5618324279785 16.7082920074463 16.9012088775635 17.0452499389648 17.2594795227051 17.5449371337891 -9999 -9999 -9999 -9999 -9999 -9999 -9999 -9999 -9999 -9999 -9999 -9999 -9999 -9999 -9999 -9999 -9999 -9999 -9999 -9999 -9999 -9999 -9999 -9999 -9999 -9999 -9999
12.9217081069946 12.9477291107178 13.2986669540405 13.4324579238892 13.6173124313354 13.4557085037231 13.8360214233398 13.8608751296997 13.9885206222534 13.7663125991821 14.1872711181641 14.5164785385132 14.5707082748413 14.3478336334229 14.0681037902832 12.9801044464111 12.7539377212524 13.1135206222534 13.6190414428711 14.8670215606689 15.4163541793823 15.319146156311 15.3523330688477 15.4195423126221 15.8362293243408 16.2572288513184 15.9278125762939 16.3753547668457 16.6542091369629 16.8347301483154 17.0076675415039 17.2351455688477 17.1363544464111 16.4366455078125 17.0020618438721 -9999 -9999 -9999 -9999 -9999 -9999 -9999 -9999 -9999 -9999 -9999 -9999 -9999 -9999 -9999 -9999 -9999 -9999 -9999 -9999 -9999 -9999 -9999 -9999 -9999
13.1414995193481 13.6633958816528 13.0508756637573 12.759729385376 13.3646659851074 12.8478126525879 13.412166595459 13.4941463470459 13.5514793395996 13.5583333969116 13.652250289917 14.0687503814697 14.263500213623 13.9356880187988 13.675708770752 13.8247289657593 13.910249710083 14.222728729248 14.2715826034546 14.7644786834717 14.988938331604 14.930832862854 15.3468742370605 15.4147081375122 15.4887294769287 14.9802913665771 14.4393329620361 15.8924160003662 16.4050006866455 16.6479797363281 16.5463123321533 16.6341247558594 16.3674163818359 16.4008121490479 16.5235824584961 16.0702285766602 16.8490200042725 -9999 -9999 -9999 -9999 -9999 -9999 -9999 -9999 -9999 -9999 -9999 -9999 -9999 -9999 -9999 -9999 -9999 -9999 -9999 -9999 -9999 -9999 -9999
12.2936878204346 12.3482503890991 12.247875213623 11.6500205993652 11.9827289581299 12.0201044082642 12.4965000152588 11.7356672286987 12.3372297286987 12.9840202331543 13.5048751831055 13.9025001525879 14.1495418548584 13.778603553772 13.5826044082642 13.5246248245239 13.7096042633057 14.2156038284302 13.8970003128052 14.7174377441406 15.0260419845581 15.2075414657593 15.3421249389648 15.1698122024536 15.4586668014526 15.4575834274292 14.8690624237061 16.0210628509521 15.6498126983643 15.7990837097168 15.7284173965454 15.9869794845581 16.049186706543 16.228874206543 16.4157085418701 16.4118328094482 16.5034580230713 16.4294166564941 -9999 -9999 -9999 -9999 -9999 -9999 -9999 -9999 -9999 -9999 -9999 -9999 -9999 -9999 -9999 -9999 -9999 -9999 -9999 -9999 -9999 -9999
12.3870420455933 11.7965412139893 11.7030420303345 12.4356250762939 12.5327920913696 12.4320421218872 12.6421451568604 12.3721876144409 12.6135206222534 12.6690626144409 12.9027500152588 13.2846460342407 13.0522499084473 13.0545625686646 13.3307085037231 13.5908536911011 13.6663541793823 13.68443775177 13.2479791641235 13.3315830230713 14.2892913818359 14.9138746261597 15.1595001220703 15.0594167709351 15.5707292556763 15.7178745269775 15.6948957443237 16.1529159545898 15.8413953781128 15.6754169464111 15.436354637146 15.0111246109009 14.837103843689 15.2282295227051 15.2714996337891 14.9805212020874 14.6908330917358 14.3856248855591 14.6907291412354 14.8199577331543 -9999 -9999 -9999 -9999 -9999 -9999 -9999 -9999 -9999 -9999 -9999 -9999 -9999 -9999 -9999 -9999 -9999 -9999 -9999 -9999
13.4639587402344 13.4278745651245 13.8488121032715 14.0402708053589 13.6107501983643 13.1913747787476 12.1773748397827 12.0043125152588 11.9300003051758 11.4844379425049 11.6443538665771 12.2805833816528 12.5991048812866 12.4587087631226 12.6647081375122 13.0962085723877 15.1207714080811 15.2374172210693 14.8133754730225 14.5113124847412 15.0082502365112 15.3237915039062 15.4322919845581 15.3218746185303 15.6373119354248 15.6804790496826 15.474458694458 15.4772710800171 15.082896232605 13.8841037750244 13.4771251678467 13.6736249923706 13.2845830917358 13.8802919387817 13.5127086639404 13.1366662979126 14.0755004882812 14.4741039276123 14.3307085037231 14.5455207824707 15.2315626144409 -9999 -9999 -9999 -9999 -9999 -9999 -9999 -9999 -9999 -9999 -9999 -9999 -9999 -9999 -9999 -9999 -9999 -9999 -9999
13.2301664352417 13.0207920074463 14.0317497253418 14.324146270752 13.9298543930054 13.1128540039062 13.6420831680298 13.5523748397827 13.7509164810181 13.4389581680298 12.9594163894653 11.8748960494995 11.5511035919189 11.8995208740234 12.6328544616699 13.8171663284302 14.9567079544067 14.8203125 14.838791847229 14.9278745651245 15.078145980835 15.1065835952759 15.1592493057251 14.9477920532227 14.9949789047241 15.1613130569458 15.1805419921875 14.4361248016357 13.3077087402344 12.5912914276123 13.3504581451416 13.3610420227051 13.7460412979126 14.3653545379639 14.4536457061768 15.2545623779297 15.7576875686646 15.9982080459595 16.1059799194336 16.0792293548584 15.9271249771118 16.1088333129883 -9999 -9999 -9999 -9999 -9999 -9999 -9999 -9999 -9999 -9999 -9999 -9999 -9999 -9999 -9999 -9999 -9999 -9999
14.2159585952759 13.9779167175293 14.377875328064 14.4078750610352 14.9800415039062 15.0325412750244 13.6988954544067 13.939603805542 14.0007495880127 13.2182703018188 13.1214380264282 14.1007080078125 12.7953128814697 11.8781871795654 11.6152505874634 12.2626247406006 12.8418750762939 12.3712711334229 12.5088958740234 13.7166662216187 13.8221044540405 14.2539587020874 14.5911874771118 14.1950836181641 13.9113750457764 13.3908958435059 12.8501462936401 13.0118541717529 14.0296039581299 15.5598335266113 15.8374996185303 17.0712299346924 16.6517086029053 16.4720630645752 16.2331867218018 16.1964797973633 15.7836246490479 15.1630210876465 15.267707824707 15.5383539199829 15.4867296218872 15.7386455535889 15.9686460494995 -9999 -9999 -9999 -9999 -9999 -9999 -9999 -9999 -9999 -9999 -9999 -9999 -9999 -9999 -9999 -9999 -9999
12.72825050354 13.5722494125366 14.2252712249756 13.9144372940063 14.0541248321533 15.7369585037231 15.6272916793823 14.8879175186157 15.158145904541 14.5784997940063 13.987250328064 13.3588962554932 13.966646194458 13.5708122253418 12.4967708587646 12.7202081680298 12.4755420684814 12.9232292175293 12.7601041793823 12.8352909088135 13.8494167327881 13.6016464233398 13.4484167098999 14.0191040039062 14.5625629425049 15.1517286300659 13.7784585952759 14.6316041946411 14.6558122634888 15.255895614624 15.8275213241577 15.6391048431396 15.1854372024536 15.0618963241577 15.3578538894653 15.2618961334229 15.7304372787476 15.9991044998169 16.2572498321533 16.1313743591309 15.9638328552246 16.0108966827393 16.0753326416016 15.6722078323364 -9999 -9999 -9999 -9999 -9999 -9999 -9999 -9999 -9999 -9999 -9999 -9999 -9999 -9999 -9999 -9999
11.8708543777466 11.7603540420532 12.9396667480469 13.6241874694824 13.6456871032715 13.9958753585815 13.747896194458 14.1653747558594 13.3226461410522 12.5078544616699 13.1739168167114 14.2866668701172 14.2358751296997 15.3454790115356 13.8920211791992 12.6772708892822 12.8157081604004 13.1379585266113 13.1455211639404 12.3581247329712 13.0698957443237 13.7895212173462 14.0394163131714 13.7775421142578 13.8003120422363 15.9360628128052 16.4218330383301 16.2878341674805 15.0177917480469 14.7335004806519 15.0653743743896 13.7390203475952 14.6505002975464 14.4202709197998 14.7580623626709 15.185396194458 15.8071670532227 15.9572086334229 16.6086673736572 16.4314785003662 16.4675617218018 16.4898338317871 16.0616664886475 15.8458337783813 15.5304794311523 -9999 -9999 -9999 -9999 -9999 -9999 -9999 -9999 -9999 -9999 -9999 -9999 -9999 -9999 -9999
11.3347501754761 11.6480417251587 12.5147085189819 13.3448123931885 13.2506666183472 12.8092498779297 13.4329376220703 13.8485832214355 14.6686458587646 14.377103805542 14.4791250228882 15.0837497711182 15.6441249847412 15.984167098999 16.2565212249756 14.8608961105347 13.3483533859253 13.1080627441406 13.3538751602173 13.0827913284302 12.7717504501343 13.311541557312 13.0658121109009 13.2611045837402 13.833083152771 14.8039789199829 14.0754165649414 14.2229375839233 14.1353330612183 14.5867290496826 13.0387086868286 14.1703538894653 15.128999710083 13.6644372940063 15.2943124771118 15.3357915878296 15.3826875686646 15.7569379806519 16.0725841522217 16.1110420227051 16.0463962554932 15.8823957443237 15.8123960494995 16.1490840911865 15.9980211257935 15.6472501754761 -9999 -9999 -9999 -9999 -9999 -9999 -9999 -9999 -9999 -9999 -9999 -9999 -9999 -9999
10.9944372177124 10.7092294692993 11.5517082214355 12.7969379425049 13.4638338088989 13.902458190918 14.1990413665771 13.839937210083 13.7336664199829 14.5017709732056 14.5704164505005 15.1882085800171 15.4007711410522 15.9781036376953 16.2373752593994 16.3324794769287 15.9257707595825 15.1908750534058 14.9134578704834 12.8869171142578 11.437707901001 11.3030834197998 11.3308324813843 11.3953542709351 11.5649166107178 12.1241874694824 12.6275005340576 13.9683542251587 14.1292085647583 13.7104377746582 14.3294162750244 15.0162496566772 15.3683748245239 15.781229019165 15.5225629806519 15.0747079849243 15.3215627670288 15.6783123016357 15.6624794006348 15.5820207595825 15.7688331604004 15.8156661987305 15.8173332214355 15.6713542938232 14.9317502975464 15.3474788665771 15.4716463088989 -9999 -9999 -9999 -9999 -9999 -9999 -9999 -9999 -9999 -9999 -9999 -9999 -9999
11.0879793167114 10.6833124160767 10.7055835723877 12.0790205001831 12.3798751831055 13.0887088775635 12.9772920608521 13.3901252746582 13.4697914123535 13.3581876754761 13.6123542785645 13.7212705612183 14.0663957595825 14.9815835952759 16.1166038513184 14.5314588546753 14.283166885376 16.0660629272461 15.6468544006348 15.3579168319702 14.1411666870117 12.588791847229 12.5940628051758 12.6244163513184 13.8926877975464 13.5274381637573 13.8172292709351 13.9329166412354 13.4008121490479 14.1295833587646 13.9697704315186 13.5326871871948 14.7788333892822 15.3265209197998 15.0076875686646 14.0773334503174 15.0628328323364 15.3910627365112 15.3654375076294 15.5366668701172 15.5063753128052 15.800687789917 15.7153329849243 15.581166267395 15.4831037521362 15.3793125152588 15.3253755569458 15.2507915496826 -9999 -9999 -9999 -9999 -9999 -9999 -9999 -9999 -9999 -9999 -9999 -9999
10.7478542327881 10.9345626831055 10.5546455383301 11.1866664886475 11.7037506103516 11.3893747329712 12.2295417785645 12.8277711868286 13.1288957595825 14.2207078933716 13.1223955154419 13.6838750839233 14.4042291641235 14.3508539199829 15.0964374542236 14.8457708358765 14.5768337249756 14.9970836639404 14.8036670684814 15.6538543701172 15.6225624084473 15.2086048126221 13.9176254272461 13.3247079849243 14.3949584960938 14.7055416107178 15.2041664123535 15.2027502059937 15.2200002670288 14.5423955917358 14.5336666107178 14.1370830535889 14.5044794082642 14.7657709121704 14.9278125762939 14.2618751525879 14.5734996795654 15.0694580078125 14.9601459503174 14.7589168548584 14.638500213623 14.9938955307007 15.2434377670288 15.1585206985474 15.1552295684814 15.165207862854 15.2009372711182 14.9857292175293 14.9110622406006 -9999 -9999 -9999 -9999 -9999 -9999 -9999 -9999 -9999 -9999 -9999
10.7510414123535 11.1125211715698 10.9725208282471 10.6896457672119 11.3094167709351 12.36412525177 11.3452291488647 11.1535835266113 12.9456672668457 13.3386459350586 13.3486461639404 14.270604133606 14.8273334503174 14.6708545684814 14.5701456069946 14.8335208892822 14.7296876907349 14.5582504272461 14.4156246185303 14.2864999771118 14.6169376373291 14.8358335494995 13.3927707672119 13.2541666030884 14.1273126602173 14.8065414428711 13.4359378814697 14.7493543624878 14.484167098999 14.5955619812012 14.2293539047241 13.8785209655762 14.1878328323364 14.6360416412354 15.0549373626709 14.3492918014526 14.5445203781128 14.7766246795654 15.0989170074463 15.134729385376 15.0418748855591 15.0140628814697 14.5394792556763 14.7370834350586 14.578104019165 14.7001457214355 14.7684373855591 14.2590417861938 14.1399793624878 14.0929794311523 -9999 -9999 -9999 -9999 -9999 -9999 -9999 -9999 -9999 -9999
12.133770942688 12.0065212249756 12.0697088241577 10.7255210876465 10.7754163742065 11.3943958282471 12.2929792404175 12.5514583587646 13.076958656311 13.4732704162598 13.9146461486816 14.1148338317871 14.7217292785645 15.3083333969116 15.0862293243408 14.0988750457764 14.1561670303345 14.0451459884644 13.5675001144409 13.6300210952759 13.9716453552246 14.1049165725708 13.8137083053589 14.1701040267944 14.6506462097168 14.2588958740234 14.5787706375122 14.7426462173462 13.4617919921875 14.8331871032715 13.6317081451416 12.719708442688 14.5769786834717 14.4255208969116 14.6447916030884 14.6710214614868 15.0489168167114 15.4537706375122 15.3838958740234 15.494083404541 14.830020904541 14.5698537826538 14.4064168930054 14.1007289886475 14.1383752822876 14.6645212173462 14.4120206832886 14.308500289917 14.4608545303345 14.1313753128052 13.9917287826538 -9999 -9999 -9999 -9999 -9999 -9999 -9999 -9999 -9999
10.9198751449585 11.7091045379639 12.8376455307007 11.5602293014526 10.6479787826538 10.8087911605835 11.5682916641235 11.4061040878296 12.7889585494995 13.378999710083 13.4642086029053 13.4657297134399 13.9451665878296 14.0854787826538 13.9037294387817 13.6540212631226 14.3384170532227 14.6283330917358 14.0776243209839 13.0094995498657 13.9484586715698 13.7238330841064 13.6869373321533 13.7326459884644 14.1993751525879 13.0441665649414 14.2747497558594 14.7545623779297 14.8873958587646 14.8707084655762 14.8820838928223 14.7053337097168 14.8917083740234 14.4329786300659 14.691291809082 14.4914588928223 15.0514583587646 15.5010004043579 15.3296871185303 15.0100002288818 15.0996875762939 14.476770401001 15.6321878433228 15.1466665267944 14.8882083892822 14.7988958358765 14.9620628356934 13.9212493896484 13.826208114624 13.5963745117188 13.5897083282471 13.8481454849243 -9999 -9999 -9999 -9999 -9999 -9999 -9999 -9999
10.6279163360596 10.7350835800171 11.0786457061768 12.2041873931885 11.3560619354248 10.6703329086304 11.2390413284302 11.2114791870117 11.8531665802002 13.1977920532227 13.9161043167114 13.5677919387817 13.796895980835 14.0292921066284 13.5638751983643 13.7293128967285 13.4326877593994 13.5689792633057 13.6507291793823 14.4202709197998 14.1604585647583 13.4808959960938 12.7184371948242 13.2870626449585 13.67799949646 12.9761877059937 13.3229789733887 13.4263544082642 13.4820623397827 15.0586252212524 14.7741870880127 14.9622287750244 15.0226039886475 15.0069370269775 15.2701873779297 14.6885204315186 14.550874710083 15.0123538970947 15.4559164047241 15.8392915725708 15.5034170150757 15.5988960266113 14.7980623245239 14.669792175293 14.4219789505005 14.5876045227051 15.0311460494995 15.048770904541 14.8114376068115 14.5682916641235 12.7230205535889 12.5754375457764 12.0878953933716 -9999 -9999 -9999 -9999 -9999 -9999 -9999
12.3466873168945 12.1534795761108 11.8366460800171 11.3985624313354 12.1691455841064 11.689624786377 11.0063543319702 11.3958959579468 11.3414373397827 12.8586463928223 13.0304374694824 13.7765207290649 14.2621669769287 14.1011457443237 12.3557500839233 13.0627498626709 12.7536668777466 12.714937210083 13.9625625610352 14.6094579696655 14.5907917022705 14.6519584655762 13.0563745498657 13.108437538147 14.1555004119873 14.1864786148071 14.5802707672119 13.3644790649414 13.6198539733887 13.5764789581299 14.0155420303345 14.9098539352417 15.6219167709351 15.3582706451416 15.5431671142578 15.2229166030884 15.1766042709351 14.8654794692993 14.692479133606 15.0185203552246 15.4733963012695 15.2865629196167 14.8377914428711 14.6951875686646 14.9875621795654 15.4175205230713 15.7245626449585 15.3933544158936 14.7062921524048 15.5708332061768 14.6362915039062 13.5110836029053 13.3789796829224 -9999 -9999 -9999 -9999 -9999 -9999 -9999
12.2291460037231 12.1682291030884 12.9807291030884 12.4021253585815 11.260645866394 12.1260833740234 11.791187286377 12.7462291717529 12.5671043395996 11.968770980835 12.4024791717529 13.0036458969116 13.5625419616699 13.1323537826538 14.0159797668457 13.9936246871948 13.3499174118042 13.855583190918 14.3423337936401 15.0272083282471 14.9365005493164 15.1761455535889 14.3812913894653 14.2422285079956 14.7534370422363 14.3789167404175 12.2687921524048 13.4613952636719 14.9455413818359 14.1883754730225 13.6226663589478 14.638729095459 15.1677293777466 15.4625005722046 15.7293539047241 15.5629997253418 15.4008121490479 15.382833480835 15.1728544235229 14.922833442688 14.6113128662109 14.4471454620361 14.5517711639404 14.777458190918 15.6277084350586 15.7697496414185 15.6033334732056 15.3095626831055 15.0649585723877 15.1672706604004 14.3312501907349 14.6197710037231 15.0020627975464 15.1544580459595 -9999 -9999 -9999 -9999 -9999 -9999
