02 cropping and modelling/wc2.1_10m_bio_4.asc
NCOLS 368 
NROWS 210 
XLLCORNER 67.1666666666667 
YLLCORNER 3.5 
CELLSIZE 0.166666666666667 
NODATA_value -9999 
[rows 81 to 107 of 210, columns 60 to 119 of 368]
-9999 -9999 -9999 -9999 -9999 -9999 605.708862304688 605.007873535156 607.706298828125 611.991821289062 609.691284179688 620.07421875 623.143920898438 627.921875 622.768432617188 626.556762695312 626.932678222656 624.402893066406 623.585876464844 611.567077636719 606.800170898438 601.282409667969 598.995239257812 601.16162109375 601.495666503906 610.644470214844 607.63720703125 603.322326660156 613.2158203125 608.326416015625 607.789245605469 596.574584960938 591.483703613281 593.139709472656 588.948303222656 586.9267578125 580.319030761719 576.892456054688 578.113525390625 584.279663085938 587.466857910156 575.113220214844 576.683654785156 586.8486328125 586.201232910156 584.197082519531 579.858337402344 575.423400878906 565.629211425781 560.443298339844 558.905456542969 552.979614257812 542.179992675781 534.27392578125 532.335327148438 521.843078613281 515.213317871094 505.184295654297 505.129425048828 503.994415283203
-9999 -9999 -9999 -9999 -9999 -9999 -9999 -9999 605.918029785156 605.117797851562 602.283325195312 604.441467285156 613.512023925781 614.041015625 612.555053710938 615.135192871094 615.109741210938 607.701416015625 597.903381347656 595.347900390625 598.408996582031 602.974426269531 608.513549804688 606.274108886719 605.454650878906 606.18505859375 607.278625488281 603.41943359375 594.86572265625 586.4599609375 586.947448730469 588.927734375 587.976013183594 591.428833007812 594.950256347656 591.857849121094 585.050720214844 574.902404785156 572.855529785156 570.445861816406 564.148742675781 570.863220214844 581.454162597656 580.907104492188 576.518798828125 576.400939941406 573.490844726562 569.49169921875 564.732849121094 561.099548339844 552.25927734375 542.92138671875 537.503784179688 528.34033203125 523.879516601562 516.610107421875 509.272674560547 502.7822265625 498.374481201172 494.408264160156
-9999 -9999 -9999 -9999 -9999 -9999 -9999 -9999 -9999 601.999328613281 594.378845214844 596.823425292969 601.49853515625 596.913757324219 596.791442871094 593.735778808594 594.229309082031 592.58544921875 597.604797363281 608.731079101562 610.250549316406 605.104431152344 600.161804199219 603.793151855469 600.673400878906 601.099304199219 599.679565429688 592.054748535156 582.79931640625 584.674987792969 586.715087890625 586.633666992188 581.6845703125 591.881591796875 584.300354003906 579.887512207031 571.346313476562 566.886474609375 565.476257324219 565.206115722656 564.515502929688 578.555480957031 578.513000488281 573.446838378906 567.955932617188 569.254760742188 568.519470214844 565.873901367188 559.110778808594 551.669128417969 547.194580078125 542.662963867188 536.315063476562 522.849609375 512.292053222656 509.6748046875 502.402404785156 499.293731689453 490.472351074219 484.833465576172
-9999 -9999 -9999 -9999 -9999 -9999 -9999 -9999 -9999 -9999 -9999 587.292297363281 581.734252929688 579.057678222656 580.5234375 579.564270019531 595.620300292969 606.497192382812 604.192321777344 594.347412109375 586.556091308594 590.065185546875 597.883666992188 596.276428222656 591.475646972656 587.711364746094 587.110595703125 590.867309570312 591.05224609375 589.020751953125 588.94970703125 581.547485351562 577.400146484375 578.960205078125 578.124694824219 579.417297363281 580.106323242188 575.277465820312 573.782287597656 574.099487304688 573.390380859375 573.3095703125 567.429138183594 565.653381347656 565.906066894531 561.99072265625 560.007263183594 559.635070800781 549.018981933594 535.085815429688 532.193237304688 525.778442382812 517.259399414062 512.153686523438 504.849304199219 502.705841064453 497.178009033203 491.0673828125 481.146667480469 477.709136962891
-9999 -9999 -9999 -9999 -9999 -9999 -9999 -9999 -9999 -9999 -9999 -9999 563.660400390625 564.232238769531 576.377258300781 594.508911132812 598.633850097656 592.052429199219 586.993774414062 579.110107421875 576.765991210938 584.630493164062 585.241577148438 577.029296875 567.412475585938 586.260559082031 584.417358398438 579.168640136719 580.248840332031 579.947875976562 579.073913574219 574.9833984375 569.410766601562 567.004455566406 564.306274414062 576.573303222656 578.250122070312 573.063537597656 572.053161621094 573.215270996094 573.26513671875 569.3603515625 561.907470703125 560.825317382812 561.935119628906 557.128601074219 547.199096679688 544.503967285156 535.615051269531 529.106872558594 525.467529296875 523.892272949219 515.858032226562 510.882476806641 504.033721923828 496.545440673828 490.6689453125 486.591674804688 474.480194091797 470.165924072266
-9999 -9999 -9999 -9999 -9999 -9999 -9999 -9999 -9999 -9999 -9999 -9999 -9999 -9999 587.126953125 589.919677734375 574.722900390625 577.330078125 575.728088378906 574.579223632812 573.482604980469 581.233032226562 572.213684082031 557.539428710938 560.510070800781 577.579772949219 579.015991210938 573.153381347656 571.2568359375 567.970886230469 564.449829101562 566.169921875 564.462890625 528.61279296875 541.480895996094 569.159790039062 573.3671875 573.526672363281 568.321899414062 568.65185546875 570.750915527344 566.132080078125 563.008850097656 560.475524902344 555.550720214844 546.46435546875 535.4775390625 533.625915527344 528.341735839844 520.384887695312 516.663940429688 510.739074707031 507.506011962891 504.455017089844 505.583099365234 495.124938964844 483.731231689453 480.543273925781 473.667907714844 466.462463378906
-9999 -9999 -9999 -9999 -9999 -9999 -9999 -9999 -9999 -9999 -9999 -9999 -9999 -9999 -9999 569.736633300781 565.735961914062 566.275329589844 570.636047363281 574.621520996094 579.229797363281 579.30419921875 575.790466308594 573.940307617188 572.081848144531 567.508361816406 568.838989257812 560.625549316406 557.773803710938 552.410766601562 559.449035644531 554.315490722656 564.488037109375 565.177062988281 567.112365722656 559.161315917969 560.739807128906 559.718872070312 561.827270507812 559.034790039062 562.965087890625 560.125366210938 556.710754394531 548.955261230469 544.476013183594 531.954040527344 525.40771484375 523.513793945312 517.08642578125 510.421875 507.196594238281 501.046051025391 501.131805419922 494.477233886719 493.147796630859 487.419830322266 483.812072753906 473.365081787109 472.568176269531 466.16064453125
-9999 -9999 -9999 -9999 -9999 -9999 -9999 -9999 -9999 -9999 -9999 -9999 -9999 -9999 -9999 -9999 558.153564453125 554.761352539062 567.311645507812 568.502380371094 571.4462890625 573.721862792969 569.555297851562 564.100341796875 564.934265136719 557.086303710938 555.047180175781 554.441101074219 549.190979003906 545.487121582031 549.00244140625 544.506591796875 545.425964355469 559.338073730469 560.915161132812 559.2255859375 556.289855957031 549.302062988281 553.337036132812 550.488708496094 558.612365722656 554.939575195312 549.77490234375 539.84228515625 532.028869628906 521.491943359375 522.296081542969 518.7216796875 515.265319824219 507.131896972656 502.313690185547 493.882141113281 497.598236083984 493.422576904297 492.894714355469 483.938934326172 482.804077148438 471.226165771484 469.597442626953 464.382354736328
-9999 -9999 -9999 -9999 -9999 -9999 -9999 -9999 -9999 -9999 -9999 -9999 -9999 -9999 -9999 -9999 -9999 564.762939453125 564.031188964844 563.636352539062 567.83837890625 567.629760742188 565.808044433594 563.218200683594 562.500854492188 549.647399902344 544.843811035156 540.266418457031 534.531799316406 531.018493652344 534.134155273438 533.760986328125 532.400512695312 545.135375976562 545.730590820312 544.384826660156 541.445678710938 537.459899902344 538.989929199219 539.023803710938 528.269897460938 531.238891601562 523.087890625 522.703491210938 507.203216552734 507.672271728516 509.423004150391 499.992553710938 493.540313720703 493.079925537109 495.036224365234 493.974060058594 486.363220214844 486.843536376953 487.584594726562 485.034790039062 478.510131835938 471.280212402344 468.18603515625 464.336578369141
-9999 -9999 -9999 -9999 -9999 -9999 -9999 -9999 -9999 -9999 -9999 -9999 -9999 -9999 -9999 -9999 -9999 -9999 564.730346679688 556.620544433594 558.571350097656 551.014587402344 555.510070800781 556.755920410156 552.190734863281 544.467468261719 536.09326171875 530.852661132812 526.926452636719 523.269897460938 518.797546386719 522.37890625 521.027648925781 536.494323730469 534.357238769531 535.013488769531 536.961242675781 531.595458984375 517.217895507812 516.671447753906 500.886291503906 511.362396240234 501.978302001953 501.577819824219 492.075531005859 490.417266845703 486.011108398438 481.819061279297 472.597015380859 471.514251708984 475.975341796875 485.180786132812 482.519744873047 476.507720947266 476.165130615234 473.638580322266 471.953521728516 468.930389404297 462.253173828125 458.287292480469
-9999 -9999 -9999 -9999 -9999 -9999 -9999 -9999 -9999 -9999 -9999 -9999 -9999 -9999 -9999 -9999 -9999 -9999 -9999 540.872375488281 536.672119140625 530.657653808594 529.411865234375 534.197265625 532.437683105469 531.469360351562 525.010131835938 523.610473632812 518.075805664062 515.669128417969 520.855041503906 516.837097167969 517.145629882812 522.819763183594 523.402648925781 525.313598632812 530.84619140625 525.585083007812 511.207977294922 503.709533691406 498.036804199219 495.399475097656 487.129821777344 486.610412597656 482.665618896484 479.608795166016 472.966949462891 471.383666992188 463.189392089844 465.548858642578 473.619171142578 474.800140380859 475.696350097656 469.074798583984 467.152770996094 465.157470703125 464.62255859375 461.423614501953 456.682373046875 450.679229736328
-9999 -9999 -9999 -9999 -9999 -9999 -9999 -9999 -9999 -9999 -9999 -9999 -9999 -9999 -9999 -9999 -9999 -9999 -9999 -9999 521.445373535156 520.46533203125 515.196228027344 510.451477050781 514.516235351562 512.016418457031 511.950592041016 515.9375 509.724609375 512.332214355469 517.906494140625 515.693115234375 518.3544921875 517.515197753906 516.693420410156 516.345764160156 516.620788574219 511.067718505859 489.709259033203 489.497222900391 489.666290283203 485.629730224609 487.904602050781 479.350830078125 476.817291259766 474.939910888672 471.969512939453 465.973785400391 456.844635009766 465.133087158203 470.594299316406 472.461608886719 470.626556396484 464.488464355469 461.057769775391 459.929016113281 457.179901123047 451.83837890625 447.594909667969 445.853210449219
-9999 -9999 -9999 -9999 -9999 -9999 -9999 -9999 -9999 -9999 -9999 -9999 -9999 -9999 -9999 -9999 -9999 -9999 -9999 -9999 -9999 511.634887695312 510.312042236328 506.048950195312 500.418426513672 494.228607177734 486.181915283203 493.592102050781 496.972808837891 502.774780273438 512.546020507812 515.896179199219 512.630126953125 514.336547851562 509.14501953125 506.268859863281 499.961090087891 499.022186279297 494.295593261719 493.603607177734 485.194458007812 480.532897949219 476.740997314453 474.783416748047 469.961822509766 470.526428222656 467.852111816406 466.462799072266 460.135894775391 461.353088378906 464.420166015625 460.175537109375 462.672454833984 461.865783691406 457.324188232422 454.372375488281 450.633209228516 442.756500244141 441.432708740234 441.70849609375
-9999 -9999 -9999 -9999 -9999 -9999 -9999 -9999 -9999 -9999 -9999 -9999 -9999 -9999 -9999 -9999 -9999 -9999 -9999 -9999 -9999 -9999 500.335266113281 495.249694824219 489.331024169922 489.312713623047 481.068817138672 473.692810058594 483.628570556641 490.333923339844 501.063507080078 509.103515625 505.154357910156 510.521820068359 505.786926269531 490.628326416016 482.806365966797 484.227691650391 488.676574707031 485.342071533203 487.147674560547 476.577301025391 471.969482421875 466.480621337891 463.860687255859 462.416168212891 465.00830078125 467.605194091797 468.441802978516 455.301605224609 455.283813476562 458.194519042969 456.090270996094 451.71240234375 450.59228515625 449.567810058594 443.935821533203 440.786529541016 434.119964599609 436.28173828125
-9999 -9999 -9999 -9999 -9999 -9999 -9999 -9999 -9999 -9999 -9999 -9999 -9999 -9999 -9999 -9999 -9999 -9999 -9999 -9999 -9999 -9999 -9999 493.920471191406 481.673492431641 476.388214111328 472.446319580078 484.538269042969 493.106414794922 487.612976074219 484.956176757812 492.639312744141 498.030578613281 488.645050048828 489.275909423828 497.783599853516 496.637603759766 486.833984375 484.682708740234 484.667114257812 483.050262451172 475.451293945312 472.783233642578 465.755889892578 461.181518554688 459.778076171875 462.417510986328 462.593688964844 463.206329345703 456.485595703125 456.979187011719 453.227233886719 448.782897949219 445.877563476562 443.180480957031 439.195617675781 435.363128662109 427.162994384766 428.359954833984 430.118988037109
-9999 -9999 -9999 -9999 -9999 -9999 -9999 -9999 -9999 -9999 -9999 -9999 -9999 -9999 -9999 -9999 -9999 -9999 -9999 -9999 -9999 -9999 -9999 485.163360595703 478.59228515625 480.346710205078 488.132293701172 491.163696289062 488.008209228516 488.685119628906 485.652893066406 489.935302734375 491.750946044922 493.874664306641 486.768646240234 503.338439941406 497.067962646484 487.892517089844 477.490234375 479.143676757812 481.547821044922 472.518615722656 473.443420410156 473.825927734375 467.998657226562 465.130310058594 465.431274414062 461.248382568359 464.820220947266 459.106719970703 456.752746582031 448.397247314453 444.569580078125 439.139892578125 430.026641845703 430.847961425781 428.955841064453 426.507537841797 425.126556396484 420.020904541016
-9999 -9999 -9999 -9999 -9999 -9999 -9999 -9999 -9999 -9999 -9999 -9999 -9999 -9999 -9999 -9999 -9999 -9999 -9999 -9999 -9999 -9999 -9999 -9999 485.962799072266 487.750610351562 494.548065185547 485.654937744141 484.629150390625 483.64208984375 481.885345458984 489.957763671875 487.922058105469 491.243835449219 493.584899902344 498.015045166016 489.050598144531 488.571258544922 478.875213623047 478.019195556641 477.050415039062 472.48486328125 468.568786621094 467.773162841797 463.990142822266 464.679779052734 460.552215576172 458.667663574219 449.901947021484 453.396240234375 445.833923339844 436.287261962891 434.519134521484 432.654052734375 423.071044921875 419.690887451172 419.377014160156 415.464874267578 415.747039794922 408.073150634766
-9999 -9999 -9999 -9999 -9999 -9999 -9999 -9999 -9999 -9999 -9999 -9999 -9999 -9999 -9999 -9999 -9999 -9999 -9999 -9999 -9999 -9999 -9999 -9999 488.532958984375 493.028686523438 493.852203369141 495.539367675781 490.002166748047 481.526214599609 481.741638183594 479.140533447266 480.223754882812 485.695770263672 482.631164550781 486.230590820312 488.319427490234 488.289154052734 477.237487792969 475.528594970703 469.583740234375 468.58935546875 464.700469970703 460.882232666016 459.374694824219 463.505340576172 460.429016113281 445.814514160156 435.119049072266 434.986938476562 431.055206298828 425.041229248047 422.554382324219 421.618194580078 412.467590332031 415.380615234375 413.910705566406 408.856781005859 408.561950683594 403.651184082031
-9999 -9999 -9999 -9999 -9999 -9999 -9999 -9999 -9999 -9999 -9999 -9999 -9999 -9999 -9999 -9999 -9999 -9999 -9999 -9999 -9999 -9999 -9999 -9999 492.596405029297 494.174621582031 493.029937744141 490.941650390625 488.365203857422 483.842376708984 484.860107421875 475.314788818359 474.878356933594 480.756774902344 482.184234619141 480.751037597656 476.545654296875 478.52001953125 479.072601318359 475.887237548828 470.114562988281 459.906982421875 459.280395507812 461.052154541016 439.658416748047 454.1474609375 455.392456054688 444.139129638672 427.909759521484 426.847625732422 422.065490722656 417.645416259766 413.886505126953 409.069946289062 402.325164794922 397.265258789062 400.375183105469 401.324432373047 396.468292236328 388.960662841797
-9999 -9999 -9999 -9999 -9999 -9999 -9999 -9999 -9999 -9999 -9999 -9999 -9999 -9999 -9999 -9999 -9999 -9999 -9999 -9999 -9999 -9999 -9999 -9999 492.578979492188 493.017303466797 487.687591552734 485.240966796875 481.02783203125 483.508972167969 483.453521728516 485.143585205078 483.933990478516 478.350830078125 478.687591552734 477.319488525391 474.930114746094 471.629669189453 461.502075195312 464.3251953125 463.667755126953 467.968597412109 462.578063964844 458.371520996094 443.029235839844 452.576110839844 454.750305175781 438.757171630859 418.562225341797 421.752136230469 414.251556396484 407.829376220703 403.711273193359 402.590637207031 392.267181396484 384.301605224609 390.4580078125 392.98291015625 387.975189208984 381.339569091797
-9999 -9999 -9999 -9999 -9999 -9999 -9999 -9999 -9999 -9999 -9999 -9999 -9999 -9999 -9999 -9999 -9999 -9999 -9999 -9999 -9999 -9999 -9999 -9999 -9999 483.929046630859 478.549224853516 474.320007324219 474.169982910156 481.160003662109 483.772369384766 476.815765380859 478.632934570312 477.887939453125 478.101318359375 477.579956054688 471.548126220703 470.904113769531 466.622253417969 448.021789550781 444.464447021484 459.053985595703 462.044494628906 454.139617919922 440.0400390625 437.217895507812 439.224884033203 431.488067626953 417.037933349609 410.912322998047 401.101226806641 400.943023681641 396.716705322266 399.341400146484 384.027862548828 383.710296630859 385.692230224609 382.25390625 374.805725097656 369.739654541016
-9999 -9999 -9999 -9999 -9999 -9999 -9999 -9999 -9999 -9999 -9999 -9999 -9999 -9999 -9999 -9999 -9999 -9999 -9999 -9999 -9999 -9999 -9999 -9999 -9999 471.780334472656 470.127136230469 468.462066650391 465.937927246094 476.350189208984 470.984069824219 473.210906982422 469.370086669922 469.813720703125 467.711242675781 466.810974121094 468.234405517578 468.940093994141 459.642639160156 444.339050292969 451.481506347656 461.119598388672 458.441253662109 436.056243896484 438.927215576172 440.117431640625 421.189788818359 426.6015625 420.943939208984 412.374725341797 396.539978027344 392.908386230469 395.959838867188 395.036010742188 385.824188232422 385.926788330078 378.392974853516 368.758941650391 365.088531494141 362.756256103516
-9999 -9999 -9999 -9999 -9999 -9999 -9999 -9999 -9999 -9999 -9999 -9999 -9999 -9999 -9999 -9999 -9999 -9999 -9999 -9999 -9999 -9999 -9999 -9999 -9999 460.629943847656 456.892974853516 457.898712158203 461.870849609375 459.235473632812 457.131408691406 460.702941894531 465.332702636719 460.728271484375 462.054382324219 463.784393310547 464.126647949219 461.382873535156 448.198364257812 437.628723144531 453.282196044922 465.900970458984 447.842010498047 445.532135009766 441.815338134766 440.130035400391 432.187957763672 420.573089599609 423.527038574219 412.865905761719 400.210235595703 387.401153564453 390.609741210938 384.408721923828 373.007843017578 369.162231445312 366.269561767578 365.645874023438 358.533111572266 -9999
-9999 -9999 -9999 -9999 -9999 -9999 -9999 -9999 -9999 -9999 -9999 -9999 -9999 -9999 -9999 -9999 -9999 -9999 -9999 -9999 -9999 -9999 -9999 -9999 -9999 461.170257568359 455.0771484375 449.718627929688 452.500915527344 452.219635009766 452.375640869141 453.296081542969 461.208251953125 465.120574951172 462.413818359375 462.443145751953 461.036468505859 457.713714599609 440.965393066406 436.469848632812 459.091064453125 457.314727783203 451.666748046875 442.967254638672 428.139892578125 427.430450439453 428.522308349609 420.291229248047 417.280242919922 408.758148193359 394.320404052734 380.702972412109 381.142547607422 372.810272216797 371.306945800781 368.686584472656 363.264221191406 360.573577880859 352.614410400391 -9999
-9999 -9999 -9999 -9999 -9999 -9999 -9999 -9999 -9999 -9999 -9999 -9999 -9999 -9999 -9999 -9999 -9999 -9999 -9999 -9999 -9999 -9999 -9999 -9999 -9999 463.616241455078 451.656768798828 444.920867919922 442.65185546875 449.769653320312 458.554626464844 456.224670410156 452.594696044922 456.207061767578 450.415893554688 458.400512695312 460.536560058594 458.922943115234 456.395690917969 451.443542480469 442.997741699219 443.084106445312 439.772033691406 437.469573974609 429.490661621094 420.875122070312 420.480529785156 412.841369628906 404.649322509766 400.197082519531 386.494567871094 376.528259277344 368.215972900391 362.574493408203 363.203338623047 367.759246826172 364.103607177734 359.3076171875 350.523956298828 -9999
-9999 -9999 -9999 -9999 -9999 -9999 -9999 -9999 -9999 -9999 -9999 -9999 -9999 -9999 -9999 -9999 -9999 -9999 -9999 -9999 -9999 -9999 -9999 -9999 -9999 -9999 439.250427246094 441.377532958984 446.192077636719 453.489471435547 455.387603759766 447.650360107422 447.12548828125 448.096160888672 451.071746826172 449.876525878906 451.371398925781 451.040496826172 449.632232666016 442.329650878906 439.936340332031 439.989562988281 436.062652587891 425.069915771484 415.487182617188 415.026245117188 405.587280273438 405.276519775391 399.959442138672 388.888549804688 373.243591308594 367.995788574219 363.880767822266 353.174133300781 359.134704589844 359.685638427734 359.923400878906 351.333312988281 343.454315185547 322.593505859375
-9999 -9999 -9999 -9999 -9999 -9999 -9999 -9999 -9999 -9999 -9999 -9999 -9999 -9999 -9999 -9999 -9999 -9999 -9999 -9999 -9999 -9999 -9999 -9999 -9999 -9999 438.302398681641 451.327819824219 456.658111572266 453.405334472656 448.094604492188 438.297393798828 438.986450195312 444.4072265625 442.907043457031 443.59521484375 448.318328857422 444.532165527344 440.782806396484 437.647125244141 430.862884521484 421.083587646484 411.97216796875 412.425354003906 409.991119384766 402.883941650391 394.029602050781 381.723052978516 379.782348632812 373.146514892578 361.902130126953 357.413055419922 346.874328613281 348.585083007812 349.372589111328 351.178771972656 349.493927001953 337.236175537109 338.216491699219 -9999
