02 cropping and modelling/wc2.1_10m_bio_8.asc
NCOLS 368 
NROWS 210 
XLLCORNER 67.1666666666667 
YLLCORNER 3.5 
CELLSIZE 0.166666666666667 
NODATA_value -9999 
[rows 81 to 107 of 210, columns 240 to 299 of 368]
24.6971664428711 23.9680004119873 23.5290412902832 23.7247924804688 24.6562080383301 24.8832492828369 25.9705829620361 25.0395832061768 24.4694576263428 24.9004173278809 25.6807918548584 26.3527927398682 26.3084583282471 25.2986660003662 25.0472087860107 22.3061256408691 22.2174587249756 22.5278759002686 22.1245422363281 22.8406257629395 22.1043758392334 22.5340423583984 21.2156677246094 19.7380409240723 21.9817504882812 22.8974170684814 21.7681255340576 21.4479579925537 20.7369174957275 21.3435001373291 22.5410003662109 22.9147071838379 22.4603748321533 19.2229995727539 18.9618320465088 20.1287078857422 20.5227928161621 23.2422904968262 23.8117084503174 23.5169582366943 22.6944580078125 23.5088329315186 22.6440830230713 22.1439590454102 22.1014995574951 22.9331665039062 22.677791595459 22.2168750762939 22.8745822906494 22.1203327178955 22.4072494506836 22.4499168395996 22.094165802002 22.8773326873779 22.0772495269775 22.5699996948242 22.7746257781982 21.0721244812012 21.9701251983643 20.3096256256104
25.9146251678467 25.4574584960938 25.5776672363281 26.107292175293 26.6989574432373 25.7581253051758 25.6672077178955 25.5605411529541 25.609582901001 25.6000423431396 25.3904590606689 26.2450828552246 26.3246250152588 25.9181671142578 25.6612510681152 25.8510417938232 22.7444591522217 21.7474174499512 21.4817924499512 23.1690826416016 23.4389991760254 23.4125823974609 22.375207901001 20.3904571533203 22.1606674194336 22.8722076416016 20.1872081756592 21.2607078552246 21.4722499847412 20.6698741912842 22.1035423278809 22.9105834960938 21.9819583892822 21.4512500762939 19.7021255493164 21.0750007629395 22.6742076873779 23.7122917175293 24.3360404968262 23.5841655731201 21.5141258239746 22.1417922973633 21.5263328552246 22.4260005950928 22.7215824127197 22.6029586791992 22.6870002746582 23.221040725708 22.6937923431396 21.9627914428711 23.1924991607666 22.5837497711182 22.7187919616699 22.6097507476807 22.2040424346924 22.7517509460449 22.9824161529541 21.953125 21.3643741607666 20.7779998779297
25.5320835113525 26.2514991760254 25.1653747558594 26.4389171600342 26.4772090911865 27.0694580078125 26.2142086029053 26.4142913818359 26.0425415039062 26.1999168395996 26.2749176025391 26.3897914886475 26.5775413513184 26.3895416259766 26.4462909698486 26.4245414733887 23.326208114624 21.9530830383301 22.5267505645752 23.5926666259766 23.3115425109863 23.1752090454102 22.8843746185303 21.994291305542 23.2462501525879 23.1259574890137 21.4085826873779 21.6906661987305 22.5661239624023 21.752082824707 21.6184158325195 23.2714576721191 22.5244998931885 22.4901676177979 21.6455421447754 21.7085838317871 21.9215831756592 22.7962074279785 24.0127086639404 22.2922496795654 22.1408748626709 22.5705833435059 22.2862491607666 21.8026256561279 22.0451259613037 22.154333114624 22.5148334503174 23.1538753509521 23.304708480835 23.2269592285156 22.9141254425049 21.849292755127 23.5692081451416 23.4660415649414 22.8102912902832 23.3631248474121 22.9582920074463 22.5871658325195 20.9197082519531 20.1550827026367
25.3844165802002 25.6492919921875 26.2205009460449 25.589958190918 26.8328323364258 26.8208332061768 26.1776657104492 26.2304172515869 26.4349994659424 26.0717906951904 26.0220413208008 25.935791015625 26.6982498168945 26.8449993133545 26.7876243591309 26.7122917175293 26.5229167938232 25.087833404541 22.7671241760254 23.1306667327881 21.701000213623 22.5323753356934 22.4433746337891 23.4127082824707 23.4882507324219 23.7302913665771 23.9046669006348 22.9871253967285 21.872917175293 21.7931251525879 20.8064575195312 21.3020839691162 23.0129585266113 22.7329177856445 23.4710006713867 22.9739570617676 22.3602924346924 23.2249584197998 23.0757083892822 23.0804176330566 22.6089172363281 23.5120410919189 22.967041015625 22.0640411376953 22.2134590148926 21.8922920227051 23.4045829772949 23.7711658477783 23.8343753814697 23.5613327026367 23.3050003051758 23.1738338470459 23.5287094116211 23.5617084503174 23.8204154968262 22.8873748779297 23.2535839080811 22.6940422058105 21.0986251831055 20.4840831756592
26.6702079772949 26.2390003204346 26.0363750457764 25.1153335571289 26.2837924957275 26.5929584503174 26.9942512512207 25.8328323364258 25.9212493896484 25.5465412139893 25.470458984375 25.4857082366943 26.6784172058105 27.0732078552246 26.6495418548584 26.6811676025391 26.6747493743896 25.3191242218018 22.8882904052734 22.5556259155273 22.6142921447754 22.8619174957275 22.9302501678467 22.6429996490479 23.5102920532227 22.5921249389648 22.4443340301514 23.1322078704834 20.9764595031738 22.265998840332 21.7245006561279 21.4165000915527 23.3302917480469 22.867000579834 23.4845008850098 24.3545417785645 24.0658340454102 24.5226669311523 23.4357490539551 24.3325843811035 23.9651260375977 23.4106674194336 22.2835426330566 23.2387504577637 22.3709163665771 23.6195411682129 24.0842914581299 23.9727916717529 23.7601661682129 23.9382495880127 23.9523754119873 23.9438743591309 23.3677921295166 24.0502910614014 22.6307487487793 22.4046669006348 23.2095413208008 22.6804580688477 22.1182079315186 20.9405841827393
27.2238330841064 27.3424587249756 26.8038330078125 25.3530826568604 26.6526660919189 27.2916259765625 26.2996673583984 26.1768341064453 25.9127082824707 25.8374576568604 25.8347492218018 25.9717922210693 26.6327495574951 26.8185005187988 26.7471256256104 26.9417495727539 26.8487911224365 24.3421669006348 23.1224174499512 25.1287498474121 23.3535003662109 23.2338752746582 22.9383754730225 23.3863754272461 23.130708694458 22.8295001983643 23.1202507019043 23.8235416412354 23.297290802002 24.1071243286133 23.4923324584961 22.8677921295166 22.0721664428711 23.6582508087158 24.040958404541 23.9109153747559 23.9949169158936 23.7894592285156 23.5776672363281 24.2651252746582 23.2477073669434 21.8990001678467 22.9622917175293 23.2277088165283 22.9089584350586 24.2267074584961 23.9264583587646 23.1695823669434 24.0049591064453 23.5554580688477 24.0440826416016 24.2841243743896 24.0111656188965 23.0792922973633 22.486457824707 22.8723754882812 22.3776245117188 22.1762084960938 22.2054576873779 25.5643329620361
27.504415512085 27.5358333587646 27.0464992523193 26.714958190918 27.1790828704834 27.9680004119873 26.7556247711182 26.9747085571289 26.3942909240723 26.2672080993652 26.263334274292 26.4215412139893 26.8918743133545 27.2022495269775 27.0574569702148 26.6833744049072 25.6792907714844 23.3911666870117 25.2908744812012 26.140998840332 26.2485408782959 23.5391674041748 23.9443740844727 23.8778343200684 22.34375 23.8022079467773 24.265625 24.636625289917 23.9723320007324 24.7498760223389 24.5683746337891 23.5070419311523 22.3641242980957 22.8820838928223 24.2054996490479 23.3766250610352 24.1860408782959 23.6126251220703 23.7554588317871 23.255500793457 22.9184589385986 22.800666809082 22.8518753051758 23.2852916717529 23.8980407714844 23.9775009155273 23.4577083587646 24.1631240844727 23.3223342895508 22.8947906494141 23.7999992370605 24.2977504730225 23.5733757019043 22.5922508239746 22.7872505187988 23.2835426330566 25.1194171905518 25.6552925109863 26.9463748931885 26.1537094116211
27.40625 27.0875415802002 27.6006660461426 27.3052501678467 27.857666015625 28.0493335723877 27.2144165039062 26.6927509307861 26.4764175415039 26.5389995574951 27.0677509307861 26.8480415344238 27.2067089080811 27.2437496185303 27.1157493591309 26.1273746490479 24.3442497253418 25.532958984375 26.1748752593994 26.5192909240723 26.8178749084473 26.6117916107178 23.9546661376953 24.3981246948242 23.2526245117188 24.2745838165283 24.5710411071777 24.7775421142578 24.3380832672119 24.0931243896484 24.3724994659424 24.1947078704834 23.3577499389648 23.142707824707 24.1342506408691 24.2006244659424 24.7095413208008 24.548957824707 23.7517910003662 23.2590827941895 22.7835006713867 23.4143753051758 24.2952919006348 23.7847499847412 23.6533336639404 24.6672916412354 23.9650001525879 23.103666305542 22.5100421905518 25.0286254882812 25.8955001831055 26.1177501678467 23.9904594421387 25.5429992675781 26.6835422515869 25.9561672210693 27.2884998321533 26.390209197998 27.4348754882812 27.3804168701172
28.5366249084473 27.5239582061768 27.4444999694824 27.7246246337891 27.7628326416016 27.9843330383301 27.5909576416016 26.2078342437744 27.7124576568604 26.8710422515869 27.2235412597656 26.8677082061768 27.1462497711182 27.0207500457764 27.1686248779297 27.0904159545898 25.6431255340576 26.9612083435059 27.4644584655762 27.3852081298828 27.1717090606689 27.1934585571289 24.1818752288818 24.6259994506836 24.8716659545898 24.5980415344238 24.6176662445068 24.867208480835 23.4295825958252 24.2158336639404 23.8540000915527 24.443042755127 23.7974166870117 24.4431247711182 24.9209995269775 24.8815422058105 24.1294994354248 24.4204177856445 24.6523323059082 23.4441261291504 23.3452491760254 24.0475425720215 24.311206817627 24.1041660308838 24.3265419006348 24.5595417022705 23.4260406494141 25.914041519165 25.3708324432373 25.8531246185303 25.8015842437744 24.9048748016357 24.798791885376 27.1840839385986 28.0092506408691 27.8540000915527 27.9153747558594 27.7178745269775 27.5263557434082 27.0973205566406
28.0184574127197 28.2857913970947 28.054666519165 28.117000579834 27.9049167633057 28.0509166717529 28.138708114624 26.1889171600342 27.2197494506836 27.2164993286133 27.2428741455078 27.1443347930908 26.9335823059082 26.8862495422363 26.8936653137207 26.8205413818359 26.277458190918 27.1324577331543 27.423583984375 27.6240844726562 27.4965400695801 27.2936668395996 25.1243324279785 25.1732921600342 25.3218746185303 24.9518756866455 24.9294166564941 24.0549583435059 23.3995418548584 24.3043327331543 23.687707901001 26.6780834197998 27.0317916870117 27.2472076416016 27.3665428161621 27.2442512512207 27.4200420379639 27.1319999694824 26.6869583129883 26.7559585571289 26.644832611084 26.404125213623 25.9181251525879 26.9654579162598 27.0662078857422 26.5386238098145 26.667875289917 25.8122081756592 25.3200836181641 25.0463752746582 25.6286239624023 26.7114162445068 27.3230419158936 27.9467926025391 27.6499176025391 27.5890007019043 27.5573329925537 27.8938217163086 26.9641799926758 26.4367866516113
27.4288749694824 27.6710834503174 28.7043342590332 28.2087917327881 27.9050006866455 28.5142917633057 28.4248332977295 28.0075416564941 26.9667091369629 27.0551242828369 27.3300819396973 27.3160419464111 27.047082901001 26.7919998168945 26.533166885376 27.2337913513184 27.5382080078125 27.4912910461426 27.1222915649414 27.1713752746582 27.1573333740234 27.3365421295166 27.3014163970947 25.1024169921875 25.297290802002 27.3995418548584 25.4061660766602 27.2458744049072 26.9647922515869 26.9904174804688 27.0329170227051 26.4045829772949 26.6728744506836 27.4968757629395 27.5263328552246 27.4838333129883 27.4698753356934 26.8219165802002 26.9982089996338 27.2380409240723 26.8470001220703 26.7474174499512 26.6915416717529 26.3015422821045 27.0537490844727 25.8771667480469 25.746166229248 25.541166305542 25.8545417785645 25.5763339996338 26.9185009002686 26.0917911529541 26.8099174499512 26.7739582061768 27.3724174499512 27.8103332519531 27.5098342895508 27.3862552642822 -9999 -9999
27.3894996643066 27.5872077941895 28.2969169616699 28.8282909393311 28.6776237487793 28.3691253662109 28.3369178771973 27.6951675415039 26.9042091369629 27.015209197998 26.8647918701172 26.7630825042725 25.8487091064453 27.302791595459 27.5641670227051 27.5458335876465 27.5427074432373 27.2770824432373 26.8610420227051 27.1112079620361 27.1951656341553 25.1143341064453 25.1391677856445 26.6664581298828 26.8169994354248 26.9124584197998 26.6561241149902 27.0747489929199 26.9998741149902 27.267541885376 26.8795413970947 27.1297492980957 26.9469165802002 27.2315006256104 27.5560836791992 27.7023754119873 27.5971240997314 27.4730834960938 27.5306243896484 28.6088333129883 28.6822910308838 28.5007915496826 28.1666660308838 28.2979164123535 27.2294998168945 26.5294990539551 27.2179164886475 26.5932502746582 26.3749160766602 27.7759170532227 27.6620407104492 26.6169166564941 27.3474578857422 27.460916519165 27.0201244354248 26.9879989624023 27.3834762573242 -9999 -9999 -9999
27.5289993286133 27.1918754577637 27.6284580230713 27.8350009918213 28.7140007019043 28.4808750152588 28.0400428771973 28.001708984375 27.9212493896484 27.5950832366943 27.9596672058105 27.1986236572266 26.9182910919189 27.3652496337891 27.3455429077148 27.4463329315186 27.2447929382324 26.6969585418701 25.1635417938232 25.8780822753906 27.3123760223389 24.6537494659424 25.1590423583984 26.9813327789307 27.0325832366943 26.4990425109863 27.0949592590332 27.6007080078125 26.5711669921875 27.0217914581299 27.3794174194336 27.3653335571289 27.4168739318848 27.3842506408691 27.4168739318848 27.6413745880127 27.556209564209 27.5976657867432 28.4172077178955 28.3063335418701 28.4937496185303 28.1044578552246 27.4317092895508 27.7295417785645 27.9426250457764 27.6543750762939 26.5816669464111 26.7567081451416 27.7880821228027 27.996166229248 27.9918518066406 27.7975730895996 27.8777084350586 27.766622543335 27.7424507141113 27.4171237945557 27.3848476409912 -9999 -9999 -9999
27.8719596862793 27.8374576568604 28.2032909393311 28.1065406799316 28.622917175293 28.2242088317871 28.1994171142578 28.2469158172607 28.0680847167969 27.9662075042725 28.0456256866455 28.019624710083 28.1349582672119 27.3804168701172 26.9478759765625 26.7773342132568 26.7962074279785 26.8157920837402 26.7826251983643 27.1552925109863 27.1264991760254 26.4351253509521 26.3891258239746 26.2432498931885 26.5557498931885 27.6056671142578 28.0550422668457 27.6105003356934 26.6911659240723 26.6797924041748 27.4531669616699 27.0542488098145 27.1942081451416 26.6673755645752 27.3071250915527 27.4721240997314 27.668083190918 27.583833694458 28.4529457092285 28.624828338623 28.2605838775635 28.3216667175293 28.1387920379639 27.9707489013672 27.5654449462891 27.4814643859863 27.6454410552979 27.6020317077637 27.759895324707 27.724437713623 27.6675510406494 27.8909091949463 27.9006767272949 27.6375007629395 -9999 -9999 -9999 -9999 -9999 -9999
28.224250793457 28.0157508850098 28.4555416107178 28.425500869751 28.3099994659424 27.966833114624 28.0262088775635 28.023624420166 27.9400424957275 27.8249168395996 27.9337921142578 27.9950008392334 27.7726669311523 27.6426658630371 27.5068740844727 27.2428340911865 27.1712493896484 28.193042755127 27.9414157867432 26.933708190918 25.7843341827393 26.7118759155273 26.2962074279785 26.1730422973633 25.1315422058105 27.1552505493164 27.4328346252441 26.7887916564941 27.2588329315186 26.6503753662109 26.41233253479 27.4182510375977 27.3757915496826 26.9680404663086 27.3827075958252 27.6584167480469 27.7324161529541 28.6207084655762 28.5174350738525 28.4769611358643 28.3430480957031 28.2952880859375 27.4627513885498 27.4852657318115 27.131196975708 27.8062057495117 27.7637748718262 -9999 -9999 28.533332824707 28.466667175293 -9999 -9999 -9999 -9999 -9999 -9999 -9999 -9999 -9999
28.2627086639404 28.4119167327881 28.3677082061768 28.1769580841064 28.1675834655762 27.9272079467773 27.9219169616699 27.8748741149902 27.8168754577637 27.6189994812012 27.9317092895508 27.8914585113525 28.013500213623 27.4225826263428 26.994499206543 26.8705005645752 27.1421241760254 27.9327907562256 27.6197090148926 27.3004169464111 26.4427089691162 26.4051666259766 26.8589992523193 26.1835403442383 24.6807498931885 25.910249710083 25.5626659393311 26.6162910461426 27.6483745574951 26.1117496490479 26.1867904663086 27.4747924804688 27.6180419921875 27.6317920684814 27.4173755645752 27.5611248016357 27.5617904663086 28.0365829467773 28.3572769165039 28.5642852783203 28.1197662353516 27.6757488250732 27.4745140075684 27.5450973510742 27.4015502929688 -9999 -9999 -9999 -9999 -9999 -9999 -9999 -9999 -9999 -9999 -9999 -9999 -9999 -9999 -9999
27.9898338317871 27.7693748474121 27.9097080230713 27.4340419769287 27.2190837860107 27.4125423431396 27.613374710083 27.8712921142578 28.0720825195312 27.8267078399658 28.191499710083 28.0702075958252 27.9082508087158 27.6723747253418 27.6732921600342 27.2275009155273 28.1655426025391 27.5300407409668 27.6306247711182 27.3937911987305 27.0219993591309 27.2803745269775 27.3649997711182 25.9920425415039 23.8856658935547 25.0245418548584 26.0839157104492 27.3509178161621 26.8451671600342 26.1537494659424 27.2321662902832 27.7027912139893 27.6303329467773 27.6370010375977 26.4825420379639 27.195125579834 27.4492492675781 27.4762210845947 28.3593139648438 28.0777778625488 27.3394737243652 27.7654266357422 27.7988891601562 27.9166660308838 -9999 -9999 -9999 -9999 -9999 -9999 -9999 -9999 -9999 -9999 -9999 -9999 -9999 -9999 -9999 -9999
27.7002925872803 27.7779159545898 27.7657928466797 27.8039169311523 27.3700008392334 26.9711666107178 27.4852504730225 28.0905838012695 28.1553325653076 28.2065410614014 28.0110836029053 28.076000213623 28.0504169464111 27.9743747711182 28.1148338317871 28.1455421447754 28.05299949646 27.7793750762939 28.0335826873779 27.9560432434082 28.0977916717529 27.5304584503174 27.6030406951904 26.9011669158936 26.2998752593994 27.2111663818359 27.5366668701172 27.5420417785645 27.2180423736572 26.8044586181641 27.4807910919189 27.2738342285156 27.4050827026367 27.6044998168945 27.2370414733887 27.5996799468994 27.5839347839355 28.315824508667 28.1064701080322 28.4240741729736 28.4611110687256 28.6380958557129 27.4895839691162 -9999 -9999 -9999 -9999 -9999 -9999 -9999 -9999 -9999 -9999 -9999 -9999 -9999 -9999 -9999 -9999 -9999
26.3803329467773 26.2984580993652 26.919750213623 26.8985004425049 26.1805419921875 26.3550834655762 27.6199989318848 28.1482791900635 28.3401031494141 28.1811656951904 28.1415824890137 28.1535835266113 28.136791229248 28.2994155883789 28.2327919006348 27.8094997406006 27.8461666107178 28.097957611084 28.2747077941895 28.1803340911865 28.2665004730225 28.3922920227051 28.2564163208008 26.6030426025391 26.7690410614014 25.9825000762939 27.1909999847412 27.6677913665771 27.7135829925537 27.5952911376953 27.4951667785645 27.435375213623 27.155345916748 27.083179473877 26.8477210998535 27.060884475708 27.8720588684082 28.2722225189209 -9999 27.6980762481689 28.9500007629395 28.0845241546631 27.5766677856445 -9999 -9999 -9999 -9999 -9999 -9999 -9999 -9999 -9999 -9999 -9999 -9999 -9999 -9999 -9999 -9999 -9999
25.8427085876465 25.9150829315186 25.3247489929199 26.2313747406006 26.5831260681152 27.2918338775635 27.9533081054688 28.1731815338135 28.215425491333 28.255012512207 28.3069343566895 28.3628749847412 28.4835414886475 28.4340000152588 28.4307727813721 28.4225826263428 28.3192920684814 28.3149585723877 28.3117084503174 28.2840003967285 28.398832321167 28.5139579772949 28.4883327484131 28.0477504730225 28.0074157714844 27.3838748931885 27.7325820922852 27.534330368042 27.6942481994629 27.7030429840088 27.0350475311279 27.1521644592285 27.4378700256348 27.0921764373779 26.6645832061768 29.1666660308838 -9999 -9999 -9999 -9999 -9999 -9999 -9999 -9999 -9999 -9999 -9999 -9999 -9999 -9999 -9999 -9999 -9999 -9999 -9999 -9999 -9999 -9999 -9999 -9999
26.0185413360596 25.9614582061768 25.3084163665771 27.2666244506836 27.9428825378418 28.0594673156738 28.0291862487793 28.2753620147705 28.2450752258301 28.3084506988525 28.394702911377 28.5720252990723 28.5232086181641 28.554708480835 28.5611801147461 28.5275459289551 28.5607490539551 28.5782909393311 28.5517921447754 28.3950843811035 28.5032920837402 28.5582084655762 28.6308746337891 28.3956279754639 28.0952320098877 28.3449440002441 27.9696254730225 27.8839683532715 28.0658473968506 28.3999996185303 28.8666667938232 27.0388889312744 27.0856475830078 27.687858581543 28.1833343505859 -9999 -9999 -9999 -9999 -9999 -9999 -9999 -9999 -9999 -9999 -9999 -9999 -9999 -9999 -9999 -9999 -9999 -9999 -9999 -9999 -9999 -9999 -9999 -9999 -9999
27.2036666870117 27.0491256713867 27.3026142120361 28.0599460601807 28.1355476379395 28.2666664123535 -9999 -9999 -9999 -9999 -9999 28.6874656677246 28.6514263153076 28.585262298584 28.6333332061768 28.6487560272217 28.5896739959717 28.5766677856445 28.5646667480469 28.5496253967285 28.5672912597656 28.5739269256592 28.4747791290283 28.4835338592529 28.3538455963135 28.3893947601318 -9999 -9999 -9999 -9999 -9999 -9999 -9999 -9999 -9999 -9999 -9999 -9999 -9999 -9999 -9999 -9999 -9999 -9999 -9999 -9999 -9999 -9999 -9999 -9999 -9999 -9999 -9999 -9999 -9999 -9999 -9999 -9999 -9999 -9999
27.4523334503174 27.642993927002 27.5752029418945 27.8265438079834 27.8833332061768 -9999 -9999 -9999 -9999 -9999 -9999 -9999 -9999 -9999 -9999 28.5499992370605 28.6071662902832 28.4685840606689 28.4358749389648 28.6592197418213 28.5927429199219 28.5516662597656 -9999 -9999 -9999 -9999 -9999 -9999 -9999 -9999 -9999 -9999 -9999 -9999 -9999 -9999 -9999 -9999 -9999 -9999 -9999 -9999 -9999 -9999 -9999 -9999 -9999 -9999 -9999 -9999 -9999 -9999 -9999 -9999 -9999 -9999 -9999 -9999 -9999 -9999
27.0946254730225 27.6341495513916 27.3736114501953 27.5993061065674 27.9377784729004 -9999 -9999 -9999 -9999 -9999 -9999 28.8833332061768 -9999 -9999 -9999 28.6078815460205 28.6424160003662 28.6654586791992 28.605131149292 28.5969696044922 28.623893737793 -9999 -9999 -9999 -9999 -9999 -9999 -9999 -9999 -9999 -9999 -9999 -9999 -9999 -9999 -9999 -9999 -9999 -9999 -9999 -9999 -9999 -9999 -9999 -9999 -9999 -9999 -9999 -9999 -9999 -9999 -9999 -9999 -9999 -9999 -9999 -9999 -9999 -9999 -9999
27.8440475463867 27.4510269165039 27.3744621276855 27.6789855957031 -9999 -9999 -9999 -9999 -9999 -9999 -9999 -9999 28.8166675567627 -9999 -9999 28.6495170593262 28.7066669464111 28.7550010681152 28.6299152374268 28.8913326263428 28.5071659088135 -9999 -9999 -9999 -9999 -9999 -9999 -9999 -9999 -9999 -9999 -9999 -9999 -9999 -9999 -9999 -9999 -9999 -9999 -9999 -9999 -9999 -9999 -9999 -9999 -9999 -9999 -9999 -9999 -9999 -9999 -9999 -9999 -9999 -9999 -9999 -9999 -9999 -9999 -9999
28.0861110687256 27.8666667938232 -9999 -9999 -9999 -9999 -9999 -9999 -9999 -9999 -9999 -9999 -9999 -9999 -9999 28.665771484375 28.6248340606689 28.5894165039062 28.5407447814941 28.6980304718018 -9999 -9999 -9999 -9999 -9999 -9999 -9999 -9999 -9999 -9999 -9999 -9999 -9999 -9999 -9999 -9999 -9999 -9999 -9999 -9999 -9999 -9999 -9999 -9999 -9999 -9999 -9999 -9999 -9999 -9999 -9999 -9999 -9999 -9999 -9999 -9999 -9999 28.5 -9999 -9999
-9999 -9999 -9999 -9999 -9999 -9999 -9999 -9999 -9999 -9999 -9999 -9999 -9999 -9999 -9999 28.7648391723633 28.7007961273193 28.4295425415039 28.3324584960938 28.6791152954102 28.658332824707 -9999 -9999 -9999 -9999 -9999 -9999 -9999 -9999 -9999 -9999 -9999 -9999 -9999 -9999 -9999 -9999 -9999 -9999 -9999 -9999 -9999 -9999 -9999 -9999 -9999 -9999 -9999 -9999 -9999 -9999 -9999 -9999 -9999 -9999 -9999 -9999 -9999 -9999 -9999
