02 cropping and modelling/wc2.1_10m_bio_18.asc
NCOLS 368 
NROWS 210 
XLLCORNER 67.1666666666667 
YLLCORNER 3.5 
CELLSIZE 0.166666666666667 
NODATA_value -9999 
[rows 0 to 35 of 210, columns 0 to 81 of 368]
-9999.000000000000000 -9999 -9999 -9999 -9999 -9999 -9999 -9999 -9999 -9999 -9999 -9999 -9999 -9999 -9999 -9999 -9999 -9999 -9999 -9999 -9999 -9999 -9999 -9999 -9999 -9999 -9999 -9999 -9999 -9999 -9999 63 48 46 62 55 60 65 60 55 41 35 37 38 42 49 50 42 57 55 49 43 41 42 33 29 -9999 -9999 -9999 -9999 -9999 -9999 -9999 -9999 -9999 -9999 -9999 -9999 -9999 -9999 -9999 -9999 -9999 -9999 -9999 -9999 -9999 -9999 -9999 -9999 -9999 -9999
-9999 -9999 -9999 -9999 -9999 -9999 -9999 -9999 -9999 -9999 -9999 -9999 -9999 -9999 -9999 -9999 -9999 -9999 -9999 -9999 -9999 -9999 61 53 35 42 32 57 63 58 35 40 41 49 43 55 54 44 47 46 40 32 35 41 45 42 40 79 59 57 48 44 40 40 37 33 26 21 18 18 17 16 16 16 16 16 16 -9999 -9999 -9999 -9999 -9999 -9999 -9999 -9999 -9999 -9999 -9999 -9999 -9999 -9999 -9999
-9999 -9999 -9999 -9999 -9999 -9999 -9999 -9999 -9999 -9999 -9999 -9999 -9999 -9999 -9999 -9999 -9999 42 45 46 54 46 46 53 44 36 47 46 31 32 42 59 59 58 50 58 63 56 41 36 32 35 32 33 34 42 42 37 45 48 43 37 33 30 27 29 25 22 18 17 16 16 16 15 15 15 16 16 16 16 16 18 18 17 17 18 -9999 -9999 -9999 -9999 -9999 -9999
-9999 -9999 -9999 -9999 -9999 -9999 -9999 -9999 -9999 -9999 -9999 -9999 -9999 -9999 -9999 10 26 36 30 48 49 53 43 31 34 41 21 33 36 56 64 67 57 49 41 54 49 50 43 42 37 35 36 39 36 38 46 35 33 38 44 34 34 31 25 23 19 18 17 17 16 15 14 14 14 14 15 16 15 15 15 16 17 17 18 18 19 19 19 19 19 -9999
-9999 -9999 -9999 -9999 -9999 -9999 -9999 -9999 -9999 -9999 -9999 -9999 -9999 9 7 13 26 35 27 37 46 31 29 37 38 44 21 48 38 38 36 35 35 40 36 35 33 38 38 35 38 40 38 37 37 36 48 44 30 32 32 34 31 29 27 26 19 18 17 16 15 14 14 14 14 13 13 15 15 15 15 16 16 17 18 18 18 19 19 19 20 20
-9999 -9999 -9999 -9999 -9999 -9999 -9999 -9999 -9999 -9999 -9999 9 9 6 6 9 14 21 23 28 33 43 35 39 37 30 39 22 42 56 58 47 37 51 43 41 48 56 51 45 45 40 38 38 40 38 41 47 39 33 35 38 38 33 26 29 23 19 18 16 14 13 14 14 14 13 13 13 13 15 15 16 16 17 18 18 18 19 20 20 20 19
-9999 -9999 -9999 -9999 -9999 -9999 -9999 -9999 -9999 3 3 6 9 4 6 11 20 23 27 31 31 32 30 36 29 33 26 31 49 44 31 36 38 48 54 46 38 40 41 42 42 44 47 43 41 36 40 45 44 33 43 36 34 33 23 32 23 20 16 16 15 13 13 14 14 13 13 13 12 13 14 16 16 16 18 18 18 19 20 20 20 19
-9999 -9999 -9999 -9999 -9999 -9999 -9999 -9999 2 2 2 2 6 5 8 11 19 20 19 18 20 25 26 31 33 37 40 40 40 34 39 52 53 43 42 48 60 63 57 55 56 49 44 48 55 52 52 49 41 31 42 39 28 24 26 32 28 17 17 16 16 16 15 15 13 13 13 13 13 13 13 13 15 15 17 18 18 19 20 20 20 19
-9999 -9999 -9999 -9999 -9999 -9999 -9999 1 2 2 2 3 3 5 8 13 16 14 16 18 16 17 20 28 29 33 50 54 53 59 61 59 55 40 56 67 74 57 51 52 47 49 57 59 55 50 45 46 48 36 40 45 31 33 32 27 25 17 18 20 20 17 20 19 18 16 16 15 14 14 14 15 16 17 17 18 19 19 18 19 19 19
-9999 -9999 -9999 -9999 -9999 -9999 0 1 1 1 2 4 5 7 8 9 11 11 15 16 25 20 17 22 37 50 44 69 64 51 35 54 68 61 57 54 62 39 54 58 55 63 61 59 58 51 52 48 51 54 41 45 29 33 39 33 36 25 21 21 29 23 25 28 26 33 21 21 19 18 18 16 17 17 16 16 17 19 18 18 18 19
-9999 -9999 -9999 -9999 -9999 0 1 1 2 1 2 4 5 5 7 11 14 14 17 21 34 32 17 25 46 53 26 61 39 62 93 96 61 64 55 67 71 58 64 68 65 59 59 57 52 39 43 51 53 56 53 43 45 27 47 47 38 39 33 30 31 31 32 46 40 40 32 45 33 27 24 20 18 17 17 18 18 19 19 18 18 18
-9999 -9999 -9999 -9999 2 2 1 1 2 2 3 4 7 7 9 11 13 24 16 27 48 27 20 41 47 35 63 64 100 117 85 47 55 65 61 73 62 55 64 53 54 53 68 79 63 45 42 52 54 53 56 57 33 27 29 29 52 46 46 44 48 55 55 52 43 36 32 34 25 22 18 15 15 17 18 17 18 26 32 26 19 18
-9999 -9999 -9999 -9999 2 3 3 2 1 2 3 5 7 8 12 23 17 31 38 53 69 28 51 70 58 63 83 112 124 79 59 40 54 68 88 78 59 52 70 60 51 71 55 66 71 64 43 59 49 37 46 48 42 33 44 42 34 29 38 35 40 42 54 47 37 42 50 36 34 46 30 21 23 30 24 18 18 19 26 25 19 18
-9999 -9999 -9999 3 2 3 3 2 2 1 3 4 8 18 14 41 20 27 49 84 61 47 94 80 82 91 70 89 105 53 43 63 72 84 83 83 73 63 61 51 67 70 57 51 49 45 51 71 87 62 49 46 48 57 37 50 40 39 40 46 51 50 43 52 52 50 41 42 43 45 41 46 44 39 27 20 21 23 23 20 20 19
-9999 -9999 -9999 6 7 4 5 5 2 2 4 5 8 13 11 22 40 44 42 75 67 49 69 88 84 76 63 55 61 52 107 92 95 95 97 91 91 90 90 78 65 60 54 72 72 72 70 55 51 55 56 61 53 52 51 32 40 52 47 58 50 51 45 44 45 54 60 57 55 54 52 42 61 68 53 36 28 42 42 28 29 25
-9999 -9999 9 14 7 5 7 5 2 2 5 7 9 18 14 28 55 57 76 61 57 85 72 114 78 81 76 49 62 90 123 118 124 120 120 117 109 103 99 96 92 85 62 55 62 58 75 55 46 42 46 48 41 51 55 64 67 42 49 60 59 50 45 52 51 42 47 52 46 54 56 50 45 60 57 51 49 30 35 42 38 43
-9999 -9999 10 8 6 10 14 5 2 2 6 8 10 14 33 49 56 56 69 89 95 84 108 102 87 85 92 51 95 111 135 132 130 133 128 128 124 112 111 109 101 98 91 82 60 62 65 55 50 42 35 37 31 45 39 45 65 59 49 56 62 72 58 53 52 52 55 57 59 64 55 54 56 46 62 60 54 46 52 66 47 38
-9999 15 11 10 10 16 13 3 2 2 5 8 10 15 29 40 31 57 74 69 94 106 106 106 83 97 98 66 102 133 135 141 143 149 146 151 142 120 102 90 85 100 103 95 72 74 67 57 50 44 37 37 40 35 49 38 61 66 58 66 65 64 56 56 63 63 63 57 54 62 57 52 44 40 44 54 62 58 58 53 56 50
-9999 14 14 8 10 8 3 5 9 18 18 18 30 40 35 30 58 57 58 76 93 94 94 114 93 74 76 95 137 129 148 168 171 180 176 173 161 161 156 136 102 77 84 86 90 86 75 65 59 46 38 30 35 33 37 30 42 46 59 49 73 70 57 58 57 60 59 61 61 53 49 47 45 41 37 41 43 49 47 62 68 65
-9999 14 7 7 4 4 7 19 23 33 26 18 12 16 28 41 68 55 47 65 97 85 87 105 106 83 91 141 131 160 195 207 211 214 222 221 209 204 192 179 168 154 138 121 129 101 85 68 59 51 41 34 25 25 21 17 24 35 48 54 45 66 70 56 60 59 63 66 68 62 59 55 47 41 36 35 34 37 40 43 50 64
-9999 14 9 10 10 11 20 21 21 12 9 9 8 14 25 46 52 61 52 54 76 75 73 120 85 87 135 131 153 181 226 243 263 271 295 282 257 236 216 207 190 171 154 136 119 111 89 74 69 55 42 38 27 23 29 23 29 33 44 56 45 57 70 62 62 60 62 63 63 58 65 56 47 45 38 41 35 32 32 33 35 40
-9999 13 10 14 12 9 11 9 7 7 12 9 10 15 21 32 51 47 60 44 89 83 70 70 74 103 111 132 171 217 254 294 321 349 371 340 310 277 269 251 222 203 186 166 134 113 102 85 70 58 56 57 41 27 22 32 23 23 37 44 55 42 59 77 69 58 70 69 64 60 57 51 48 46 43 39 39 39 35 35 34 35
-9999 12 12 12 9 13 16 11 12 15 22 9 13 21 26 36 51 43 39 64 95 100 66 58 88 82 111 148 192 238 286 341 388 426 452 422 391 354 323 278 256 237 221 201 177 153 124 96 80 60 61 40 48 26 20 38 47 49 31 34 37 51 42 74 71 62 58 62 62 60 56 52 48 45 45 45 47 43 44 41 39 36
-9999 11 15 15 19 15 11 16 19 18 14 10 15 26 34 39 43 35 31 41 36 46 52 83 70 92 123 158 202 253 315 371 435 482 501 507 461 418 372 335 275 265 196 198 204 171 150 120 88 82 56 46 35 25 21 19 20 48 58 51 52 38 29 59 76 73 61 72 62 61 62 61 52 50 49 46 44 39 37 35 37 40
-9999 7 6 6 6 9 10 12 9 7 10 14 21 32 46 64 74 62 44 28 28 37 43 57 74 99 131 171 206 248 303 374 443 515 566 621 625 515 382 288 334 253 145 167 156 190 155 121 97 92 73 49 40 32 25 23 22 22 37 59 69 58 59 43 62 70 55 69 68 61 53 58 55 54 57 50 47 47 51 39 43 48
5 5 8 9 6 5 4 7 8 8 10 16 24 39 54 78 97 101 81 57 46 47 55 67 85 111 146 176 207 237 273 328 415 517 575 643 566 504 360 334 364 342 205 132 130 167 196 162 126 106 89 84 49 41 34 33 28 29 28 33 32 45 52 55 53 53 58 61 63 52 56 51 52 52 67 42 54 53 45 41 39 41
3 5 5 8 5 5 6 6 5 6 10 19 28 48 61 81 109 134 160 158 138 110 115 108 105 133 158 184 211 233 257 292 347 450 522 622 554 523 309 266 303 249 298 230 149 151 179 188 156 114 104 98 58 88 71 67 64 71 39 45 38 40 33 46 62 52 53 55 62 68 63 55 53 60 46 41 58 47 41 37 32 28
3 5 7 9 6 7 7 6 6 8 13 20 32 51 72 100 149 183 190 204 228 232 197 151 136 154 174 191 206 222 237 272 329 422 513 580 519 435 367 212 273 269 336 344 268 190 166 180 194 138 118 107 99 93 85 78 72 46 42 41 39 50 54 37 58 64 57 56 44 67 53 54 43 54 48 54 55 44 36 32 32 33
7 4 9 7 6 7 3 3 5 10 13 23 36 51 76 127 172 205 197 227 255 258 254 217 194 186 188 199 207 212 228 258 313 392 499 553 567 449 375 235 206 179 212 369 347 276 199 170 171 192 152 119 94 108 109 85 82 52 44 59 49 56 69 47 47 65 74 63 57 42 41 41 37 36 33 44 39 33 29 27 29 30
2 5 11 5 5 5 3 3 4 9 15 25 36 56 83 136 175 197 173 213 249 245 243 227 211 200 201 205 205 211 226 256 304 372 460 523 322 515 490 403 338 245 216 339 374 346 285 244 223 234 184 173 132 90 112 75 72 59 54 57 66 55 71 61 67 52 73 80 58 45 47 49 48 40 34 26 30 31 31 31 31 35
3 3 6 6 10 4 3 3 5 9 16 27 45 65 95 144 161 159 181 173 189 221 252 250 221 207 205 203 205 210 225 250 290 344 399 261 285 302 320 326 460 342 296 310 376 346 343 330 290 271 250 207 189 141 113 87 86 83 61 74 63 67 66 67 64 64 61 73 73 62 61 53 46 45 38 30 34 32 32 29 33 35
-9999 2 2 3 2 1 3 3 6 12 19 31 52 72 108 142 164 186 171 166 172 218 226 229 229 223 214 203 211 212 222 242 269 304 203 232 255 280 317 344 339 484 481 464 399 428 396 384 353 342 320 279 241 186 170 102 90 99 86 73 69 64 65 66 72 72 77 62 58 65 45 70 74 68 65 46 44 41 41 41 35 32
-9999 -9999 2 0 0 1 3 4 9 13 22 37 53 76 107 142 162 161 150 146 155 175 189 216 257 251 222 204 206 212 220 232 253 162 186 211 239 271 309 342 362 360 362 371 368 382 591 472 434 409 370 379 374 246 185 195 109 101 110 99 85 83 74 77 83 94 80 94 66 48 58 51 53 65 71 49 60 46 43 38 37 36
-9999 -9999 -9999 0 0 2 4 6 10 16 27 39 56 81 108 131 152 145 140 142 150 163 184 218 204 200 205 209 210 217 226 234 246 161 175 196 222 256 291 322 346 364 384 407 433 447 434 436 410 533 487 467 455 439 364 245 144 118 107 153 142 95 80 87 92 89 82 92 80 72 54 72 49 51 52 47 61 71 73 55 50 50
-9999 -9999 -9999 0 1 2 4 7 13 22 31 44 62 84 110 141 170 173 158 147 149 162 174 194 191 192 204 218 215 219 232 244 265 277 297 198 207 233 259 292 311 330 357 391 422 439 452 482 521 454 695 684 732 756 585 298 220 156 127 116 103 113 112 101 100 97 90 82 75 100 64 75 83 63 60 57 61 61 75 69 57 61
-9999 -9999 -9999 -9999 2 3 6 9 15 23 33 47 64 90 117 144 163 168 182 149 149 161 171 179 185 183 195 202 233 248 256 245 241 146 152 162 181 205 227 249 265 281 309 348 383 399 414 444 507 567 585 581 616 645 836 444 214 166 159 125 113 130 123 125 125 119 117 113 89 101 90 94 108 96 70 64 64 62 60 60 61 65
