02 cropping and modelling/wc2.1_10m_bio_3.asc
NCOLS 368 
NROWS 210 
XLLCORNER 67.1666666666667 
YLLCORNER 3.5 
CELLSIZE 0.166666666666667 
NODATA_value -9999 
[rows 81 to 107 of 210, columns 60 to 119 of 368]
-9999 -9999 -9999 -9999 -9999 -9999 39.7944946289062 39.6529846191406 39.6531639099121 39.9933052062988 39.9609909057617 39.916316986084 39.8437919616699 40.055606842041 40.2382316589355 40.0945510864258 39.8609008789062 39.4509468078613 38.8766059875488 38.3534469604492 38.6147727966309 39.0934181213379 38.84130859375 38.3645973205566 38.0625991821289 38.6789360046387 38.6864585876465 38.9200973510742 38.3869895935059 38.1075820922852 38.3021774291992 38.5749282836914 38.812427520752 38.889476776123 38.7348403930664 38.5393676757812 38.2065925598145 38.3909187316895 38.0997314453125 38.0617179870605 37.6147499084473 38.2212791442871 38.405574798584 37.8343505859375 38.3741989135742 38.931037902832 39.4769821166992 39.5993843078613 39.5886993408203 39.4630317687988 39.4629936218262 39.5269470214844 39.4768447875977 39.3809509277344 40.2194061279297 40.9586067199707 41.1660652160645 41.4365577697754 41.5938453674316 41.3528594970703
-9999 -9999 -9999 -9999 -9999 -9999 -9999 -9999 39.9712371826172 39.9473114013672 39.9220695495605 39.7560920715332 39.8651885986328 39.9424743652344 40.2272834777832 39.9954490661621 39.299919128418 38.6678237915039 39.031135559082 39.522575378418 39.3178291320801 39.2742919921875 39.0929298400879 38.7470779418945 38.9034729003906 38.9616050720215 39.0408248901367 38.9796409606934 38.8131294250488 39.1522979736328 38.6852264404297 39.1211013793945 38.9969635009766 39.0857620239258 38.6063919067383 38.3899917602539 38.4534111022949 38.9981155395508 38.6161689758301 37.9917259216309 37.7484893798828 38.2375411987305 38.1691360473633 38.4548263549805 38.8531112670898 39.2921905517578 39.5568313598633 39.4489097595215 39.4663581848145 39.4835205078125 39.1098518371582 39.1018676757812 38.9104118347168 39.6824722290039 40.7645988464355 40.5080299377441 41.1666564941406 41.7677879333496 42.1726493835449 41.9998741149902
-9999 -9999 -9999 -9999 -9999 -9999 -9999 -9999 -9999 40.0027923583984 40.0386238098145 39.9628486633301 39.9245529174805 39.5220222473145 39.6665687561035 39.2046508789062 38.8107986450195 39.3598899841309 39.9382591247559 39.5295867919922 39.2260551452637 39.1103363037109 39.0473823547363 38.8122100830078 39.0310211181641 39.0165596008301 39.0306587219238 39.065502166748 39.277889251709 39.1075897216797 38.8920288085938 39.073356628418 39.2598876953125 39.0773582458496 38.7582244873047 38.4338912963867 38.2213745117188 38.5720558166504 38.6310997009277 38.4598808288574 38.4111213684082 38.209774017334 38.213321685791 38.3919219970703 38.4748115539551 39.1799163818359 39.1686248779297 39.4964332580566 39.3514289855957 38.8402633666992 38.1901969909668 38.7423210144043 39.7563858032227 40.191967010498 40.8199119567871 40.8941040039062 41.5930976867676 41.8523139953613 42.3966369628906 42.351318359375
-9999 -9999 -9999 -9999 -9999 -9999 -9999 -9999 -9999 -9999 -9999 39.8874626159668 39.6809196472168 39.4948692321777 39.4999160766602 39.9998207092285 40.1464538574219 40.0825576782227 39.8857192993164 39.4162178039551 39.1417999267578 38.794750213623 38.9166221618652 39.0678062438965 38.8256340026855 38.7211532592773 38.9192962646484 38.7357902526855 38.6053161621094 38.5842628479004 38.5082855224609 38.3171272277832 39.2286796569824 39.570972442627 38.926399230957 38.6561889648438 38.580150604248 38.849681854248 38.5484771728516 38.9046363830566 38.3175430297852 38.4785499572754 38.9931755065918 39.0924072265625 39.2967185974121 39.3355560302734 38.8363800048828 38.6728248596191 39.0662422180176 39.3688049316406 39.8085327148438 39.9940719604492 40.3224258422852 40.5369529724121 40.9373474121094 41.3600692749023 41.8305625915527 42.050838470459 42.4740295410156 42.5846328735352
-9999 -9999 -9999 -9999 -9999 -9999 -9999 -9999 -9999 -9999 -9999 -9999 40.6056098937988 40.4132080078125 40.4690933227539 40.2298011779785 39.9600563049316 39.542350769043 39.5904884338379 39.5476913452148 39.1096267700195 39.0650520324707 39.0351257324219 38.7948341369629 38.2646751403809 38.6907730102539 38.514476776123 38.6238441467285 38.4670486450195 38.3516273498535 38.4654197692871 38.7645530700684 39.1775894165039 39.0218887329102 38.1021385192871 37.9797019958496 38.4695091247559 38.7844543457031 38.8015518188477 38.8045310974121 38.7094421386719 38.7038307189941 38.5962066650391 38.6086502075195 38.562328338623 38.5001106262207 39.0561943054199 39.3059768676758 39.3911361694336 39.4044532775879 39.799015045166 39.9565696716309 40.2744903564453 40.5715446472168 40.802806854248 41.3405647277832 41.981502532959 42.0938987731934 42.4617767333984 42.9883193969727
-9999 -9999 -9999 -9999 -9999 -9999 -9999 -9999 -9999 -9999 -9999 -9999 -9999 -9999 40.5584449768066 39.9734878540039 39.5948867797852 39.8420867919922 40.1516265869141 39.5195541381836 39.1648788452148 39.2755165100098 39.1647987365723 38.8270225524902 38.1383857727051 39.3253936767578 38.7095375061035 38.65380859375 39.3136024475098 39.3400650024414 39.451732635498 38.6480827331543 38.8860168457031 37.2191543579102 37.3676567077637 38.828498840332 38.9644622802734 38.4336585998535 38.6632652282715 38.6411056518555 38.8943214416504 39.2351875305176 39.3275756835938 38.9585952758789 38.5020866394043 38.5565719604492 39.1650657653809 38.8327331542969 38.8877487182617 39.3236541748047 39.1385726928711 39.7395362854004 40.3979797363281 40.3887977600098 40.5473365783691 41.3070640563965 41.7623863220215 41.976016998291 42.5137176513672 42.9017219543457
-9999 -9999 -9999 -9999 -9999 -9999 -9999 -9999 -9999 -9999 -9999 -9999 -9999 -9999 -9999 39.9447021484375 40.0993843078613 40.1724319458008 40.0270309448242 39.5510787963867 39.4797248840332 39.5697212219238 39.3330230712891 39.1958351135254 39.2711524963379 39.5247192382812 38.8312835693359 38.4636764526367 38.2802352905273 38.2848587036133 38.9450263977051 38.2349243164062 38.880184173584 38.5468444824219 38.8458137512207 39.172981262207 38.9051818847656 38.4581565856934 38.0031471252441 38.2662963867188 38.464111328125 38.3939971923828 38.7039108276367 38.5145111083984 38.3396911621094 39.2125968933105 39.1967887878418 38.6236419677734 38.9149703979492 39.209156036377 38.9714469909668 39.1115951538086 39.9097480773926 39.9674911499023 40.1857109069824 40.3679084777832 41.1899948120117 41.239070892334 42.2808647155762 42.9229965209961
-9999 -9999 -9999 -9999 -9999 -9999 -9999 -9999 -9999 -9999 -9999 -9999 -9999 -9999 -9999 -9999 39.9150466918945 39.8969650268555 39.8308296203613 39.7650871276855 39.6281509399414 39.8080368041992 38.809871673584 39.2198181152344 39.7769584655762 39.4486808776855 39.6219673156738 39.1996192932129 38.7142906188965 38.0477409362793 38.0502281188965 37.6896514892578 37.633975982666 38.2092170715332 37.8747787475586 38.0908660888672 38.2510986328125 38.0325775146484 38.4922714233398 38.6123428344727 37.4265289306641 37.4151763916016 37.5687255859375 38.3910713195801 39.2086181640625 38.9590835571289 39.2004661560059 38.7148399353027 38.6446266174316 39.5108489990234 39.8402099609375 39.1154556274414 39.8927154541016 40.2290115356445 40.4252433776855 40.6580963134766 40.7863845825195 40.7554550170898 41.7273254394531 42.7364463806152
-9999 -9999 -9999 -9999 -9999 -9999 -9999 -9999 -9999 -9999 -9999 -9999 -9999 -9999 -9999 -9999 -9999 39.8096809387207 39.7484550476074 38.9541854858398 39.5698432922363 39.4815788269043 39.1989707946777 38.8420028686523 39.0634994506836 39.6033592224121 39.259937286377 39.2556343078613 38.7033843994141 38.3784103393555 38.0241203308105 37.9744567871094 37.9763069152832 37.4349670410156 37.4975318908691 38.4895210266113 38.5640258789062 38.5003356933594 37.8891983032227 38.6414680480957 37.4262504577637 37.5045318603516 37.3395729064941 37.8162384033203 38.2371368408203 39.3477210998535 39.0232353210449 39.6387214660645 39.4344329833984 39.3974266052246 40.0950927734375 40.2221527099609 40.2392196655273 40.6268615722656 40.3987922668457 40.4538459777832 40.711296081543 40.8659934997559 41.6379852294922 42.3840599060059
-9999 -9999 -9999 -9999 -9999 -9999 -9999 -9999 -9999 -9999 -9999 -9999 -9999 -9999 -9999 -9999 -9999 -9999 40.0859069824219 39.8940277099609 39.7954711914062 39.9323081970215 40.0876350402832 39.522876739502 39.3504409790039 40.1261596679688 40.1529388427734 39.8006439208984 39.4468803405762 39.3698196411133 38.9801979064941 39.1211853027344 39.2513465881348 38.8004837036133 38.9047660827637 39.324878692627 39.2041282653809 38.8417625427246 38.2776947021484 38.2649536132812 39.3767471313477 39.6645202636719 38.7653312683105 38.8420333862305 39.9092483520508 40.8121299743652 40.5565986633301 40.5522003173828 40.8120079040527 40.7186965942383 39.7550086975098 39.5545845031738 39.9483947753906 40.4911041259766 40.7118263244629 40.7532119750977 41.0519027709961 41.5691184997559 42.2136688232422 42.4908294677734
-9999 -9999 -9999 -9999 -9999 -9999 -9999 -9999 -9999 -9999 -9999 -9999 -9999 -9999 -9999 -9999 -9999 -9999 -9999 41.1071701049805 41.3985061645508 41.1962051391602 40.547420501709 39.6543960571289 40.1756172180176 40.5811958312988 40.536865234375 40.2911529541016 40.1990776062012 40.2379951477051 39.8079109191895 39.652759552002 39.7537422180176 39.6008987426758 39.612133026123 39.5917701721191 39.4764785766602 39.2135810852051 39.0884628295898 39.5251541137695 40.094669342041 39.763240814209 40.0536499023438 40.1427955627441 41.2844314575195 41.2179260253906 41.0495643615723 40.6014595031738 40.9830131530762 40.6637725830078 40.5114364624023 40.8459014892578 40.7155113220215 40.0583763122559 40.8655548095703 41.293384552002 41.3941917419434 41.8316993713379 42.4735260009766 42.8128700256348
-9999 -9999 -9999 -9999 -9999 -9999 -9999 -9999 -9999 -9999 -9999 -9999 -9999 -9999 -9999 -9999 -9999 -9999 -9999 -9999 41.5686874389648 41.6068344116211 41.6706161499023 40.2572479248047 40.7987976074219 41.138988494873 40.4292869567871 40.2901840209961 40.3670043945312 39.9867858886719 40.0325393676758 39.8574981689453 39.8202629089355 39.5187072753906 39.5612144470215 39.611686706543 39.3793601989746 39.514087677002 39.8298072814941 39.9449920654297 39.4973335266113 39.5766944885254 40.5018081665039 40.0067443847656 41.3041229248047 41.1380386352539 41.1035232543945 41.3162879943848 41.5540466308594 40.4835510253906 40.6005706787109 41.0469169616699 41.022159576416 40.5418434143066 41.296070098877 41.6233863830566 41.8087577819824 41.7200965881348 42.5190162658691 42.512752532959
-9999 -9999 -9999 -9999 -9999 -9999 -9999 -9999 -9999 -9999 -9999 -9999 -9999 -9999 -9999 -9999 -9999 -9999 -9999 -9999 -9999 41.864917755127 41.9734001159668 42.0524749755859 42.1822662353516 42.1018943786621 41.4986572265625 40.4651222229004 40.5111083984375 39.8980255126953 39.6914558410645 39.5987892150879 39.055736541748 38.9348297119141 39.2502021789551 39.3058013916016 39.3189086914062 39.7082443237305 39.8046073913574 39.5750732421875 39.0731201171875 39.901554107666 40.6226196289062 40.0937309265137 40.414680480957 41.0270729064941 40.8696937561035 41.1088600158691 40.6348762512207 39.9357604980469 39.6580696105957 40.0374221801758 40.1592750549316 40.8343658447266 40.8751258850098 41.8826637268066 42.1007614135742 41.549934387207 42.4447555541992 42.572868347168
-9999 -9999 -9999 -9999 -9999 -9999 -9999 -9999 -9999 -9999 -9999 -9999 -9999 -9999 -9999 -9999 -9999 -9999 -9999 -9999 -9999 -9999 41.8325881958008 41.6641273498535 41.4942474365234 42.1346435546875 41.6700134277344 40.390552520752 40.8246726989746 40.250919342041 39.0121726989746 38.8756332397461 38.1959495544434 38.1543998718262 38.1576194763184 38.4656639099121 39.510669708252 40.1602363586426 40.1375312805176 39.8740501403809 40.1694717407227 40.2170143127441 40.2278594970703 40.3491477966309 40.2873344421387 40.863094329834 40.564510345459 39.8721313476562 39.4389533996582 39.6678695678711 41.0172386169434 41.5725593566895 41.6772575378418 42.1234741210938 41.8702583312988 41.7407608032227 41.5268478393555 42.2775039672852 43.0333709716797 42.4198684692383
-9999 -9999 -9999 -9999 -9999 -9999 -9999 -9999 -9999 -9999 -9999 -9999 -9999 -9999 -9999 -9999 -9999 -9999 -9999 -9999 -9999 -9999 -9999 41.0698776245117 40.8037071228027 40.7923736572266 39.9317512512207 39.1705703735352 39.2344284057617 39.2986259460449 38.5027275085449 38.5048446655273 38.7148132324219 37.7722282409668 37.7594261169434 38.3479690551758 38.9994697570801 40.1529235839844 40.1153755187988 40.2564086914062 40.2734146118164 39.9593887329102 40.6251907348633 40.8268356323242 40.5483818054199 40.3373794555664 40.2589416503906 39.8793907165527 39.8473625183105 40.6622276306152 40.6260566711426 41.413990020752 42.3394966125488 42.2065048217773 42.0161514282227 41.8196716308594 42.7757949829102 43.2182083129883 43.0371932983398 42.6940536499023
-9999 -9999 -9999 -9999 -9999 -9999 -9999 -9999 -9999 -9999 -9999 -9999 -9999 -9999 -9999 -9999 -9999 -9999 -9999 -9999 -9999 -9999 -9999 40.5490760803223 41.0193214416504 40.8356513977051 39.8640785217285 39.2301483154297 39.052303314209 39.5338325500488 39.3881378173828 39.4628562927246 39.8423767089844 39.2344017028809 38.1883392333984 38.6756782531738 38.7147521972656 38.9355201721191 39.7703552246094 39.9971923828125 40.0381355285645 39.9990386962891 39.9188232421875 40.0276908874512 40.5537261962891 40.4497489929199 41.0685615539551 40.6778450012207 40.2278518676758 39.8378410339355 40.3959426879883 41.8433036804199 42.2545776367188 42.3977813720703 41.728099822998 42.2106666564941 42.4871253967285 43.1599807739258 42.7141876220703 42.8932342529297
-9999 -9999 -9999 -9999 -9999 -9999 -9999 -9999 -9999 -9999 -9999 -9999 -9999 -9999 -9999 -9999 -9999 -9999 -9999 -9999 -9999 -9999 -9999 -9999 41.0279998779297 40.9916038513184 40.4498329162598 40.1663589477539 40.1149673461914 40.1933441162109 39.8383636474609 39.1997146606445 39.7645950317383 39.6072044372559 38.778003692627 38.7775993347168 38.5883941650391 39.0160827636719 38.993236541748 39.4267349243164 39.830982208252 40.442699432373 40.0744667053223 40.5141563415527 40.4185600280762 40.7738838195801 41.134449005127 40.2714653015137 39.5592575073242 40.1896133422852 41.5790863037109 42.0622138977051 41.7968482971191 42.6155776977539 42.5014266967773 42.0641479492188 43.4156951904297 43.5857696533203 43.2624015808105 43.3080101013184
-9999 -9999 -9999 -9999 -9999 -9999 -9999 -9999 -9999 -9999 -9999 -9999 -9999 -9999 -9999 -9999 -9999 -9999 -9999 -9999 -9999 -9999 -9999 -9999 41.5109405517578 41.2086791992188 40.8653297424316 40.0632247924805 40.0912590026855 40.2670631408691 40.0320358276367 39.8758697509766 39.6899032592773 39.3289756774902 39.0712280273438 38.838752746582 38.6702270507812 38.9596710205078 39.3133163452148 39.2594985961914 40.3321571350098 40.4488296508789 40.8036117553711 40.1331329345703 39.4533767700195 39.818603515625 40.2749176025391 40.073558807373 40.3347816467285 41.5727195739746 42.3144149780273 42.992603302002 42.8229637145996 42.5579109191895 42.1943664550781 41.9859580993652 43.2539558410645 43.6414260864258 43.0945854187012 43.0965309143066
-9999 -9999 -9999 -9999 -9999 -9999 -9999 -9999 -9999 -9999 -9999 -9999 -9999 -9999 -9999 -9999 -9999 -9999 -9999 -9999 -9999 -9999 -9999 -9999 41.4475860595703 41.0577774047852 40.702262878418 40.1072006225586 39.8437347412109 40.1236190795898 39.9668846130371 40.0822257995605 39.8282356262207 39.7141265869141 39.3264808654785 39.2819976806641 39.2267036437988 39.2378730773926 38.8584785461426 38.9883842468262 40.3630867004395 41.1022987365723 41.1174659729004 40.5233688354492 39.5882339477539 39.7135276794434 40.5947303771973 40.343189239502 41.3506126403809 41.8357734680176 42.5963973999023 43.1614761352539 43.5099563598633 43.1417655944824 41.4305534362793 41.3371276855469 42.0704307556152 43.8267860412598 43.7041854858398 43.7455673217773
-9999 -9999 -9999 -9999 -9999 -9999 -9999 -9999 -9999 -9999 -9999 -9999 -9999 -9999 -9999 -9999 -9999 -9999 -9999 -9999 -9999 -9999 -9999 -9999 41.338062286377 40.9581146240234 40.8474922180176 40.175666809082 40.1922721862793 40.2102928161621 40.1114654541016 39.8431053161621 39.7375411987305 39.7609367370605 39.530445098877 39.6308403015137 39.4445495605469 39.5783576965332 38.9412002563477 38.9589347839355 40.270191192627 40.5629806518555 41.1058349609375 40.9881782531738 40.1705627441406 40.0969619750977 41.0563278198242 40.2696571350098 41.5491981506348 41.9567337036133 42.9999313354492 43.6904716491699 44.0058212280273 43.0500373840332 41.759838104248 41.7540702819824 43.7144165039062 43.9161682128906 43.7010192871094 43.7343521118164
-9999 -9999 -9999 -9999 -9999 -9999 -9999 -9999 -9999 -9999 -9999 -9999 -9999 -9999 -9999 -9999 -9999 -9999 -9999 -9999 -9999 -9999 -9999 -9999 -9999 41.0086212158203 40.6940765380859 40.653507232666 40.681640625 40.1324653625488 39.9417877197266 39.9100761413574 39.5616607666016 39.4726829528809 39.5705833435059 39.2885322570801 39.457633972168 39.3507881164551 38.9229393005371 38.2361183166504 39.5368919372559 40.6613616943359 40.0910911560059 40.3796157836914 40.442741394043 40.5518569946289 40.8790092468262 40.5273742675781 41.3729858398438 42.1539001464844 42.7824211120605 43.3852005004883 43.9976425170898 43.4559898376465 42.6025810241699 42.6684684753418 44.2863540649414 44.1545219421387 44.2474136352539 43.3969650268555
-9999 -9999 -9999 -9999 -9999 -9999 -9999 -9999 -9999 -9999 -9999 -9999 -9999 -9999 -9999 -9999 -9999 -9999 -9999 -9999 -9999 -9999 -9999 -9999 -9999 41.1729354858398 40.9056587219238 40.5866088867188 40.7978515625 40.2171249389648 40.1781196594238 39.553050994873 39.3857955932617 40.1246376037598 39.9995460510254 39.7412147521973 39.5310668945312 40.3137512207031 40.4099464416504 39.6628265380859 40.0314140319824 40.1511878967285 40.18798828125 39.7251281738281 40.6842041015625 41.1724166870117 40.4364204406738 40.8628463745117 41.1537475585938 41.991153717041 42.5580520629883 43.4867401123047 43.1465492248535 43.0012741088867 43.2212524414062 43.6381683349609 43.3996200561523 44.0127639770508 43.9851531982422 43.2208786010742
-9999 -9999 -9999 -9999 -9999 -9999 -9999 -9999 -9999 -9999 -9999 -9999 -9999 -9999 -9999 -9999 -9999 -9999 -9999 -9999 -9999 -9999 -9999 -9999 -9999 41.2302474975586 41.1341972351074 41.2404747009277 40.6248512268066 40.8336601257324 40.3918952941895 40.5339431762695 40.4606399536133 40.4583053588867 40.6468620300293 40.6588706970215 40.0362396240234 40.721923828125 40.2610282897949 39.5849952697754 39.6840057373047 39.7962532043457 39.6201362609863 40.2498092651367 40.6481590270996 40.878002166748 40.903751373291 40.9113998413086 41.3844795227051 41.7817649841309 41.7630081176758 42.8476333618164 43.3390235900879 43.9506530761719 43.8267478942871 44.4653854370117 44.2979202270508 43.7738342285156 43.6674995422363 -9999
-9999 -9999 -9999 -9999 -9999 -9999 -9999 -9999 -9999 -9999 -9999 -9999 -9999 -9999 -9999 -9999 -9999 -9999 -9999 -9999 -9999 -9999 -9999 -9999 -9999 40.6706695556641 40.8054962158203 41.431884765625 41.039867401123 40.9417915344238 40.5640907287598 40.9430656433105 40.6176719665527 40.1433639526367 40.3351783752441 40.1299171447754 40.1471061706543 40.7251243591309 40.1571235656738 39.7796287536621 39.5634689331055 40.0028800964355 40.0633735656738 40.2133331298828 39.9973297119141 41.0039024353027 41.9121971130371 41.4759368896484 41.4476089477539 41.8174591064453 41.902473449707 42.3522033691406 43.1803436279297 44.6323204040527 44.0574378967285 43.8483238220215 43.7175331115723 43.4926261901855 42.9146385192871 -9999
-9999 -9999 -9999 -9999 -9999 -9999 -9999 -9999 -9999 -9999 -9999 -9999 -9999 -9999 -9999 -9999 -9999 -9999 -9999 -9999 -9999 -9999 -9999 -9999 -9999 40.3996086120605 40.4898567199707 40.9145622253418 41.0522117614746 40.8706398010254 40.3096580505371 40.6598129272461 41.0399017333984 40.1448631286621 39.6454238891602 39.9574546813965 40.0097427368164 40.4668769836426 40.3372840881348 40.3921890258789 40.6809387207031 41.0277824401855 40.5814018249512 40.9345321655273 41.180778503418 41.1830596923828 41.5591316223145 41.965892791748 42.1956748962402 42.1972122192383 42.7809181213379 43.6106986999512 44.3806266784668 44.7959403991699 44.0558166503906 43.3234062194824 43.453296661377 43.3493995666504 42.9843406677246 -9999
-9999 -9999 -9999 -9999 -9999 -9999 -9999 -9999 -9999 -9999 -9999 -9999 -9999 -9999 -9999 -9999 -9999 -9999 -9999 -9999 -9999 -9999 -9999 -9999 -9999 -9999 40.625114440918 41.065258026123 41.0252914428711 40.3099365234375 40.3893814086914 40.3444671630859 40.8232955932617 40.3894691467285 40.8343276977539 40.9067611694336 40.7406768798828 40.3900871276855 40.6910400390625 41.0416603088379 41.094425201416 40.7808113098145 40.5940742492676 40.9600601196289 40.5061378479004 40.8065032958984 40.9620552062988 42.2045516967773 42.273853302002 42.4450454711914 43.4516525268555 43.3658828735352 43.5634231567383 44.5667381286621 44.299388885498 43.4847183227539 43.5445518493652 43.2342567443848 42.6138076782227 42.0107727050781
-9999 -9999 -9999 -9999 -9999 -9999 -9999 -9999 -9999 -9999 -9999 -9999 -9999 -9999 -9999 -9999 -9999 -9999 -9999 -9999 -9999 -9999 -9999 -9999 -9999 -9999 40.4857635498047 40.589771270752 40.1167106628418 40.3224449157715 40.0825462341309 40.2046585083008 40.9654350280762 40.8523712158203 41.2266082763672 41.249828338623 40.4237632751465 40.4992256164551 40.7742767333984 40.5201797485352 39.3454971313477 39.6518630981445 39.8607788085938 40.2404022216797 40.7088203430176 40.2145652770996 40.8262786865234 41.4591255187988 41.9787521362305 42.830135345459 43.6667938232422 44.000431060791 44.3896331787109 43.8851699829102 43.5247268676758 43.5252876281738 43.4207191467285 43.3400268554688 43.0716743469238 -9999
