02 cropping and modelling/wc2.1_10m_bio_14.asc
NCOLS 368 
NROWS 210 
XLLCORNER 67.1666666666667 
YLLCORNER 3.5 
CELLSIZE 0.166666666666667 
NODATA_value -9999 
[rows 39 to 77 of 210, columns 174 to 260 of 368]
-9999 -9999 -9999 -9999 -9999 -9999 -9999 -9999 5 4 5 4 5 4 4 5 7 5 4 4 4 4 4 4 4 4 3 3 3 3 3 4 4 4 3 3 3 4 4 5 6 5 4 4 4 5 7 7 5 5 5 5 4 4 4 5 5 6 6 7 7 8 8 9 10 10 11 11 12 13 13 13 14 15 14 15 15 16 16 16 15 15 15 14 15 16 16
-9999 -9999 -9999 -9999 -9999 -9999 5 6 5 4 5 5 5 4 4 5 6 7 6 5 4 4 4 4 4 3 3 3 3 3 3 3 2 3 3 3 4 4 4 5 6 6 6 5 4 5 6 6 6 6 5 5 5 5 5 6 6 6 7 7 8 9 9 10 11 11 12 12 13 14 14 14 15 16 16 16 16 16 17 16 16 16 16 16 17 18 17
-9999 -9999 -9999 4 4 4 5 4 5 5 4 4 4 4 4 4 5 4 5 5 5 5 5 4 4 3 3 3 3 4 4 3 4 3 3 3 4 4 5 5 5 6 5 5 5 5 6 8 6 5 5 5 5 6 6 6 7 7 8 8 9 9 10 11 11 13 13 13 14 14 15 15 15 17 18 18 19 19 17 18 17 18 18 17 18 19 19
-9999 4 4 4 4 4 4 5 5 5 4 4 5 5 4 4 3 4 4 4 5 5 6 5 4 4 3 3 3 3 3 4 4 4 3 2 4 4 4 6 5 5 5 6 5 6 8 7 6 6 6 6 6 6 7 7 7 8 8 9 9 10 11 11 12 13 14 14 15 15 16 16 16 16 17 19 19 19 18 18 17 19 20 21 21 20 19
4 4 4 5 4 4 4 5 5 5 4 4 4 4 3 3 4 4 4 4 4 4 4 4 3 4 4 2 2 3 4 4 4 4 3 3 4 3 4 6 5 5 6 7 9 9 8 7 7 7 6 6 7 7 8 8 8 9 9 10 11 11 12 12 13 14 14 16 16 16 16 17 17 17 17 18 19 19 19 19 19 18 19 21 19 20 20
5 5 5 4 5 4 3 4 5 4 4 4 4 4 4 3 3 3 4 4 3 4 5 4 3 3 3 3 3 2 4 3 3 3 2 3 3 2 3 4 5 5 8 9 10 8 7 7 7 7 6 7 8 8 8 9 9 10 10 11 12 12 13 13 14 15 15 16 16 16 16 17 17 18 18 19 19 20 20 19 20 21 21 21 20 20 20
4 5 6 6 6 4 4 4 4 4 4 4 3 3 4 4 4 4 4 4 3 3 4 3 2 2 2 3 2 2 3 4 4 2 2 2 3 2 3 4 4 7 10 10 9 8 7 7 7 7 7 7 8 8 9 10 10 11 11 12 13 13 13 14 14 15 16 17 16 17 17 17 18 18 18 19 20 20 21 21 21 22 22 23 23 21 21
5 5 6 4 5 5 4 4 3 3 4 4 4 3 4 5 3 3 5 4 3 3 3 2 2 3 2 2 2 2 2 3 2 3 2 2 3 4 6 6 5 7 11 11 10 9 7 7 7 6 7 8 8 9 10 11 11 12 13 14 13 13 13 14 16 16 17 17 17 17 17 18 19 19 19 20 20 21 23 23 25 25 25 25 26 24 25
5 4 4 6 5 4 5 4 3 3 3 3 3 3 4 5 3 4 4 6 5 3 3 2 2 2 2 2 2 2 2 2 3 3 4 3 4 4 8 9 10 12 12 12 11 10 8 8 7 7 8 8 9 10 11 12 12 12 14 14 14 14 14 15 16 17 17 17 17 17 18 18 19 20 20 22 22 23 25 25 25 25 25 24 25 24 25
4 4 4 5 7 6 4 5 4 4 3 3 3 3 3 4 3 5 4 4 4 3 3 2 2 1 1 1 2 2 2 1 2 4 3 4 4 4 8 11 12 14 14 14 13 11 9 8 8 8 9 9 10 11 12 12 13 14 14 15 15 15 15 16 17 17 17 17 17 18 19 20 20 21 23 24 25 25 26 26 26 25 26 25 25 25 25
6 5 6 4 4 4 4 4 5 4 3 3 3 3 3 3 3 4 3 3 4 2 2 2 2 2 1 1 1 1 2 2 2 3 4 4 4 5 9 14 16 16 16 15 13 12 11 9 9 9 10 10 11 11 13 13 14 15 15 15 16 16 17 17 17 17 17 18 18 18 20 20 21 23 25 25 25 26 26 26 26 26 26 27 27 28 26
8 6 7 5 4 4 4 4 4 5 4 3 3 3 3 3 3 3 3 4 5 3 3 1 1 1 1 1 1 1 1 2 1 2 3 5 5 11 13 17 18 18 17 16 14 14 12 11 11 10 11 11 11 12 13 14 15 16 16 16 17 17 17 17 17 18 18 18 18 19 19 21 22 24 25 24 26 26 26 26 27 28 29 29 29 29 28
7 8 7 6 6 5 4 4 3 4 4 3 3 3 3 3 4 3 4 4 7 4 2 2 1 1 1 1 1 1 2 1 1 3 4 6 7 11 13 17 18 19 18 17 16 15 13 12 12 12 12 12 13 13 14 15 16 16 17 17 17 17 17 17 18 18 18 18 19 18 20 20 23 24 24 24 25 25 26 27 28 28 28 28 28 29 28
7 8 8 6 7 7 6 4 4 4 5 4 3 3 3 3 3 3 5 4 4 2 3 3 1 1 1 2 2 1 2 2 1 3 6 8 7 10 14 16 16 17 18 18 17 16 14 13 13 12 13 13 14 14 15 16 16 16 18 18 18 18 18 18 19 19 19 19 19 19 21 23 24 23 22 25 24 25 26 26 26 29 27 29 28 28 30
6 6 7 7 7 8 6 6 4 5 5 6 4 4 4 4 4 3 4 4 4 3 3 3 2 2 2 2 2 2 3 2 2 3 7 8 9 10 10 13 14 14 15 17 18 16 15 15 13 13 14 14 15 16 17 17 17 18 18 18 19 19 19 19 19 19 19 18 21 24 23 23 22 22 22 24 24 25 25 26 27 27 27 27 28 29 30
8 8 7 7 8 9 9 8 6 5 5 7 5 4 4 4 4 4 4 3 3 3 3 3 3 2 2 2 2 2 2 2 2 4 5 8 10 9 11 10 11 12 14 16 17 17 16 15 15 15 15 16 17 18 18 19 19 19 20 19 19 19 19 19 19 19 19 19 20 22 20 20 20 22 23 23 26 25 25 25 27 27 27 27 28 29 29
8 9 9 8 8 8 9 9 8 7 5 5 7 6 5 4 4 4 3 3 3 3 3 3 3 2 2 2 2 2 4 3 3 3 4 7 10 11 11 11 12 14 15 15 16 16 17 16 16 16 17 17 19 19 20 21 21 21 21 21 20 19 19 19 19 18 19 21 23 21 21 21 21 22 22 24 25 24 25 26 27 27 28 28 28 29 30
8 8 9 10 10 9 8 9 8 7 7 7 6 7 6 5 4 4 4 3 3 4 3 3 2 2 2 2 2 2 3 3 3 3 4 7 8 9 9 10 10 13 12 13 14 15 17 17 17 17 17 19 20 21 22 23 23 22 22 21 20 19 19 18 18 19 21 22 22 23 21 20 21 22 22 24 25 24 25 27 27 28 29 29 29 31 32
8 8 9 9 9 9 9 9 9 8 7 7 8 8 7 6 5 5 5 4 3 4 4 4 3 3 3 2 2 3 3 3 3 4 4 5 6 6 9 10 8 11 12 14 14 14 15 15 17 18 18 19 21 23 24 25 24 23 22 20 19 18 18 18 18 22 22 20 20 21 22 22 21 21 24 25 25 25 27 27 28 29 30 31 32 33 34
9 8 9 9 10 9 9 9 9 8 8 8 8 8 8 7 7 6 5 4 5 5 4 4 3 3 3 3 3 3 2 3 3 3 5 6 5 6 8 9 8 10 11 14 14 14 14 14 15 17 18 20 21 22 24 24 23 22 21 19 18 18 18 18 18 19 21 19 21 22 21 21 22 22 22 24 26 26 27 28 29 30 31 32 33 35 36
8 8 9 10 10 10 9 9 8 8 8 8 9 8 8 8 7 6 5 5 6 5 5 4 4 3 3 3 3 3 3 4 3 3 3 5 4 8 8 6 8 8 9 13 13 14 14 14 15 17 18 19 21 21 22 22 21 20 18 18 17 17 17 17 18 20 21 19 21 21 20 23 22 22 23 25 25 27 28 30 31 32 33 34 35 35 37
9 10 11 10 11 10 9 9 10 9 9 9 10 9 9 10 8 7 6 6 6 6 6 5 5 4 4 4 3 3 3 4 3 4 4 5 4 6 8 7 8 8 9 12 12 13 13 13 15 17 18 18 19 20 21 20 19 18 18 17 17 17 17 17 18 19 19 20 20 21 21 22 22 23 24 25 26 27 29 30 32 32 32 33 35 37 37
11 11 12 11 10 10 9 9 12 13 12 11 12 11 10 10 9 7 7 8 7 7 6 5 5 5 5 4 4 4 4 4 4 4 5 5 4 5 6 8 9 9 8 12 12 12 13 14 15 17 18 17 17 18 19 19 17 16 17 17 17 17 17 17 18 18 19 19 21 21 21 21 22 24 25 27 28 29 30 32 32 33 32 33 35 36 38
13 13 13 12 12 10 9 13 15 13 14 14 13 13 13 12 10 9 8 8 7 8 7 6 6 6 5 5 5 4 5 4 4 5 5 5 4 6 6 7 9 9 11 13 12 12 13 14 15 16 17 17 17 17 17 17 16 16 17 17 16 16 16 16 17 18 18 19 20 21 22 23 23 24 26 28 29 30 30 31 31 32 32 35 36 37 38
16 14 13 13 12 12 14 16 17 16 17 16 15 15 14 13 11 10 9 9 8 8 7 7 7 7 6 6 5 5 5 5 5 6 5 5 4 5 6 7 8 8 9 11 11 12 13 14 15 16 16 16 17 16 16 16 16 16 15 15 16 16 16 16 17 17 18 20 20 21 22 23 24 25 28 30 29 29 30 30 30 31 33 35 36 36 38
17 14 13 12 11 16 16 17 17 17 17 16 16 15 14 14 12 12 10 10 9 8 7 7 7 7 6 6 7 6 6 6 6 6 5 5 4 5 5 7 8 8 9 11 10 12 14 13 13 15 16 15 16 16 16 16 16 16 16 16 16 16 16 16 17 18 18 19 20 22 23 24 25 26 28 28 29 30 30 30 30 31 32 34 36 36 38
17 16 15 14 15 16 15 15 16 15 15 18 16 17 16 15 14 13 11 12 11 9 8 8 8 8 7 8 8 7 6 6 5 6 6 5 5 7 6 6 8 9 10 9 9 11 13 13 13 14 15 15 15 16 16 16 16 16 16 16 16 16 16 16 17 18 18 20 21 22 23 25 26 27 28 28 29 30 30 30 31 31 33 35 35 38 40
17 15 15 15 15 16 15 18 17 15 15 19 17 18 17 16 14 14 12 11 12 10 9 9 8 9 8 8 8 7 7 6 6 7 7 7 7 9 7 7 8 9 9 9 9 10 12 12 11 13 14 14 15 15 15 16 16 16 16 16 16 16 16 16 17 18 19 20 21 23 24 25 27 28 28 29 29 31 31 31 31 32 33 35 36 38 41
17 16 16 16 15 17 15 15 17 16 16 18 21 18 18 16 16 14 13 12 12 12 10 10 9 9 9 9 8 7 7 8 9 8 6 7 6 8 7 8 7 10 9 9 10 10 11 11 11 12 13 14 15 15 15 16 16 16 16 16 16 16 16 16 17 18 19 21 22 23 25 27 27 28 28 29 30 31 31 32 32 34 35 36 38 40 41
23 19 16 16 16 17 17 17 16 16 16 18 20 18 17 16 16 13 13 12 12 12 11 11 11 10 10 9 8 8 9 9 8 7 7 7 6 8 8 7 6 8 10 9 10 9 10 10 11 12 13 14 15 15 15 16 16 16 16 16 16 16 16 17 18 18 20 22 24 25 25 27 28 28 29 30 30 31 32 33 33 35 35 37 39 40 40
22 17 16 17 17 17 17 17 17 19 17 18 18 18 18 16 16 13 13 13 11 11 12 11 10 10 11 9 9 10 9 8 7 7 8 6 7 9 9 7 6 8 9 9 9 9 10 10 11 12 13 14 15 15 16 16 16 16 16 16 16 16 17 18 18 19 21 23 24 25 26 27 28 28 30 30 30 31 32 34 35 36 37 39 40 41 41
19 20 19 18 17 16 17 16 17 20 17 18 18 18 17 16 16 14 13 13 12 12 12 11 11 11 11 10 9 10 9 8 8 7 6 6 8 8 9 8 7 6 8 10 9 9 9 10 11 12 13 14 15 16 17 16 16 16 16 16 16 17 17 18 18 20 21 23 24 25 26 27 27 29 30 30 31 32 34 35 37 38 38 40 41 42 42
22 22 21 20 18 16 17 16 18 19 16 17 18 17 17 16 16 15 14 13 13 13 13 11 11 12 11 10 9 10 8 7 7 6 5 7 7 7 7 8 8 7 8 9 8 9 10 11 12 13 14 15 16 17 18 17 17 17 17 17 17 17 18 18 19 20 22 23 25 26 27 27 28 29 29 31 32 33 35 37 38 39 40 40 42 43 44
26 18 21 21 19 17 17 16 19 18 16 17 18 17 16 16 16 15 14 14 14 13 13 12 12 12 11 10 10 9 8 7 7 6 6 7 6 6 6 8 8 7 7 8 9 10 11 11 12 13 14 15 17 18 18 18 18 18 18 18 18 18 18 18 19 21 22 24 25 25 27 28 29 29 30 31 32 34 36 37 39 41 41 42 44 44 45
26 17 19 26 21 16 17 15 17 17 16 17 18 16 16 16 17 15 15 16 14 14 14 12 12 12 11 10 10 9 9 8 8 7 6 6 6 7 7 7 7 8 6 8 10 10 10 11 11 13 14 16 17 18 18 18 18 18 18 18 18 18 18 19 20 21 23 24 25 25 26 28 29 29 30 31 32 34 36 38 41 42 43 43 45 46 46
16 14 15 20 16 16 16 17 17 18 17 17 17 17 17 17 16 16 15 15 15 16 14 13 13 12 11 11 10 10 10 9 8 6 6 5 7 9 9 8 8 8 8 9 10 10 10 11 12 13 14 16 18 19 18 19 19 18 18 18 18 18 18 19 21 21 23 24 25 26 26 28 28 29 30 31 32 35 37 39 41 43 44 44 45 46 47
12 14 14 14 14 16 14 15 17 16 17 16 17 17 17 17 17 17 16 16 16 16 15 13 13 13 12 11 11 10 10 9 7 5 6 6 8 10 10 10 10 9 9 10 10 11 12 12 12 13 16 17 18 19 18 18 18 18 18 18 18 18 18 19 21 21 23 24 25 26 27 27 28 29 30 31 33 35 38 40 42 44 45 45 47 47 48
12 11 13 13 13 16 14 14 14 15 14 15 16 17 18 18 17 17 17 17 16 17 16 14 13 12 11 12 11 10 10 10 8 5 6 8 9 11 11 11 10 10 10 10 11 12 12 12 13 14 16 17 18 19 19 18 18 17 17 18 18 18 18 19 21 22 23 24 25 26 27 28 29 30 31 32 34 36 38 41 43 45 45 46 47 47 48
10 11 13 14 12 14 12 13 13 13 14 16 16 17 18 17 17 16 17 17 17 16 16 16 14 13 12 12 12 11 10 10 8 7 7 10 10 11 10 11 11 10 11 12 12 12 12 12 13 14 16 18 20 20 19 19 18 17 16 16 17 17 18 20 21 22 23 24 25 26 27 27 29 31 32 33 35 37 39 41 43 45 45 47 47 47 48
