02 cropping and modelling/wc2.1_10m_bio_19.asc
NCOLS 368 
NROWS 210 
XLLCORNER 67.1666666666667 
YLLCORNER 3.5 
CELLSIZE 0.166666666666667 
NODATA_value -9999 
[rows 37 to 73 of 210, columns 255 to 339 of 368]
46 47 48 48 48 49 49 51 52 52 51 52 55 55 57 58 59 59 60 62 67 68 71 73 73 78 79 82 81 81 82 83 84 84 86 89 87 88 90 90 88 88 88 88 89 90 91 91 93 92 93 97 96 97 101 98 99 98 101 106 112 113 111 110 110 108 108 107 107 107 107 -9999 -9999 -9999 -9999 -9999 -9999 -9999 -9999 -9999 -9999 -9999 -9999 -9999 -9999
49 49 49 50 51 50 50 51 53 53 55 55 56 57 60 61 61 61 64 65 67 69 71 74 80 80 87 86 86 87 88 88 90 92 93 95 95 96 97 97 96 93 93 91 94 94 94 95 96 96 97 99 100 101 111 104 101 101 102 107 111 118 115 115 113 114 111 111 108 109 108 110 111 -9999 -9999 -9999 -9999 -9999 -9999 -9999 -9999 -9999 -9999 -9999 -9999
54 54 52 55 57 57 57 55 54 55 59 59 58 58 61 61 61 64 65 66 70 73 76 78 82 84 87 89 91 91 92 92 95 96 99 100 101 103 105 105 103 100 97 97 98 105 99 97 99 101 102 103 104 109 111 108 109 107 110 114 117 121 123 125 124 118 113 114 114 114 112 113 114 117 -9999 -9999 -9999 -9999 -9999 -9999 -9999 -9999 -9999 -9999 -9999
59 57 56 60 62 61 58 58 60 60 61 61 60 59 62 63 65 64 66 67 72 76 80 81 84 87 89 92 93 94 94 96 98 99 102 108 108 110 112 112 111 107 103 101 101 106 101 102 102 104 107 108 113 111 112 114 114 113 117 124 121 135 137 134 127 121 117 120 121 117 117 117 117 118 -9999 -9999 -9999 -9999 -9999 -9999 -9999 -9999 -9999 -9999 -9999
65 64 62 65 68 66 66 66 62 59 65 64 61 60 62 65 66 66 68 69 73 77 80 84 88 90 92 94 96 96 97 99 103 103 109 109 112 115 118 119 117 112 107 104 104 102 101 102 106 113 111 112 117 116 120 120 119 121 129 131 129 137 141 148 136 125 131 133 129 128 120 118 118 120 -9999 -9999 -9999 -9999 -9999 -9999 -9999 -9999 -9999 -9999 -9999
67 71 72 73 71 67 63 67 69 64 61 62 61 62 62 66 68 69 69 73 78 79 83 87 90 93 95 96 99 99 98 100 102 108 114 115 118 122 123 126 124 116 110 107 106 107 110 110 113 116 118 119 123 121 131 124 125 130 135 137 139 139 138 139 134 135 133 151 142 133 132 129 123 123 -9999 -9999 -9999 -9999 -9999 -9999 -9999 -9999 -9999 -9999 -9999
65 67 73 67 71 70 64 68 73 68 63 60 63 62 65 68 70 73 72 76 79 82 88 91 95 99 98 100 103 103 101 102 106 110 116 121 128 127 129 129 126 119 113 110 107 111 116 117 122 125 125 125 130 132 135 131 132 133 132 134 135 137 139 140 133 138 140 149 142 136 143 136 133 124 -9999 -9999 -9999 -9999 -9999 -9999 -9999 -9999 -9999 -9999 -9999
72 71 72 69 68 71 67 75 71 68 65 64 64 65 67 70 73 76 77 81 84 88 93 97 101 103 104 105 105 108 107 109 111 118 117 124 128 130 136 137 136 130 122 114 110 114 117 122 128 129 129 130 136 136 138 136 137 137 136 136 136 138 140 140 124 128 145 141 136 132 134 130 132 128 -9999 -9999 -9999 -9999 -9999 -9999 -9999 -9999 -9999 -9999 -9999
76 75 78 78 73 71 74 73 68 69 66 69 67 70 71 75 77 80 82 85 89 94 98 101 105 107 109 111 112 115 115 115 118 120 123 126 129 134 141 137 138 128 120 115 115 121 125 129 136 135 136 137 140 140 141 141 141 143 142 141 143 146 155 145 134 135 153 148 135 129 130 130 129 127 -9999 -9999 -9999 -9999 195 -9999 -9999 -9999 -9999 -9999 -9999
83 85 85 86 82 84 78 76 71 66 67 68 71 74 75 78 80 85 88 91 96 100 103 107 112 113 119 120 121 120 123 120 123 126 129 132 134 137 141 138 138 131 127 127 128 130 135 137 139 139 143 144 147 147 148 148 148 149 150 149 151 152 169 168 158 158 166 155 144 137 134 133 -9999 -9999 -9999 -9999 192 196 203 -9999 -9999 -9999 -9999 -9999 -9999
84 84 83 85 82 85 90 80 72 72 72 73 75 79 81 83 85 89 92 96 100 104 106 111 115 118 122 125 123 127 127 129 132 134 136 139 143 141 143 144 140 139 136 137 140 141 141 145 148 152 154 154 157 159 159 156 156 157 155 155 157 160 176 181 170 171 167 160 151 144 -9999 201 -9999 -9999 143 200 200 198 -9999 -9999 -9999 -9999 -9999 -9999 -9999
87 88 86 87 84 85 87 81 79 77 78 81 83 84 86 91 91 94 98 102 105 110 115 118 122 125 129 128 130 132 137 141 139 141 143 145 147 151 151 148 146 147 148 149 149 148 149 155 163 163 162 166 166 168 165 167 163 165 168 166 163 166 179 177 174 171 168 164 -9999 154 -9999 -9999 -9999 211 170 150 152 212 -9999 227 -9999 -9999 -9999 -9999 -9999
91 91 93 92 95 90 95 91 85 83 83 87 89 90 92 97 99 102 105 109 114 119 121 127 131 133 134 135 136 137 141 146 150 149 151 152 157 157 154 155 156 158 159 157 156 159 163 169 173 171 175 176 178 174 175 180 178 171 168 167 169 172 180 180 178 171 177 184 160 160 154 155 -9999 158 159 160 164 226 226 -9999 -9999 -9999 -9999 -9999 -9999
96 99 98 99 100 98 97 95 92 91 91 90 93 96 99 102 105 109 114 118 122 125 128 133 141 140 138 139 143 145 148 152 153 156 158 159 159 162 163 165 167 167 167 167 167 173 179 179 182 185 193 191 187 181 182 186 179 175 174 173 173 176 180 182 183 183 171 166 167 163 160 160 167 169 171 172 232 -9999 234 -9999 -9999 -9999 -9999 -9999 -9999
96 97 96 97 101 98 95 93 94 95 95 98 101 103 107 112 115 120 124 128 134 136 137 141 141 143 144 147 149 150 155 155 158 161 164 166 167 171 171 171 174 172 172 172 177 182 182 186 187 191 192 193 190 187 188 189 184 181 180 179 178 177 175 179 178 174 167 164 163 161 161 169 171 175 177 175 177 236 -9999 -9999 -9999 -9999 -9999 -9999 -9999
99 96 99 97 99 104 99 99 101 102 102 105 109 114 117 120 124 129 133 137 141 154 145 146 149 149 152 154 157 160 160 162 164 167 168 170 173 175 179 178 178 178 177 178 183 185 188 193 199 199 200 202 199 196 192 193 188 186 186 182 182 178 177 180 172 169 165 164 168 163 161 167 168 173 177 179 180 -9999 -9999 -9999 -9999 -9999 -9999 -9999 -9999
96 95 95 99 102 104 106 104 106 107 109 115 117 122 124 128 133 137 142 148 150 152 151 152 156 160 162 165 165 167 168 170 171 174 176 176 178 184 184 183 183 181 183 187 192 193 198 203 211 210 210 210 210 204 199 194 190 190 187 185 183 179 176 174 172 169 164 162 164 161 161 163 165 169 246 192 -9999 -9999 -9999 -9999 -9999 -9999 -9999 -9999 -9999
96 96 96 100 105 104 107 111 113 117 118 122 125 132 135 138 141 146 150 153 158 158 159 162 167 165 168 170 175 177 178 180 176 177 177 177 180 186 189 186 187 189 190 193 198 202 206 211 210 210 212 218 212 208 204 201 198 194 190 185 183 181 177 175 174 168 165 166 165 167 161 164 166 168 251 246 -9999 -9999 -9999 -9999 -9999 -9999 -9999 -9999 -9999
96 98 100 102 105 108 112 118 117 121 127 131 135 139 143 147 151 153 157 160 162 165 167 169 170 172 177 180 181 182 180 180 179 181 181 183 185 189 194 193 193 198 200 202 207 212 214 216 217 216 222 221 217 217 214 208 201 196 193 190 185 180 180 175 170 172 170 167 172 165 158 160 163 165 176 -9999 -9999 -9999 -9999 -9999 -9999 -9999 -9999 -9999 -9999
98 102 104 105 112 115 121 123 126 128 134 142 148 149 151 155 160 164 165 171 171 172 173 175 177 185 182 184 186 187 187 188 192 193 188 186 188 193 196 196 200 203 207 211 215 219 222 224 226 225 226 224 221 217 216 206 200 197 193 190 182 181 178 174 173 175 168 165 164 162 161 161 168 166 172 -9999 -9999 -9999 -9999 -9999 -9999 -9999 -9999 -9999 -9999
101 104 111 114 117 121 125 130 131 135 143 149 153 156 159 161 166 169 173 177 179 178 182 182 186 186 187 190 194 194 192 200 193 190 187 187 189 194 200 201 206 211 220 221 225 227 229 232 236 236 235 229 223 219 213 209 202 198 194 189 182 180 178 175 179 179 172 164 162 161 162 161 164 -9999 -9999 247 -9999 -9999 -9999 -9999 -9999 -9999 -9999 -9999 -9999
105 108 113 117 122 126 131 135 137 143 148 153 158 160 163 167 175 178 181 183 185 184 188 189 189 188 194 197 199 197 201 203 197 190 191 192 194 200 203 207 212 217 225 226 232 236 238 240 243 241 237 231 227 222 216 214 210 200 201 192 186 183 176 178 176 169 168 178 168 163 165 163 173 240 -9999 -9999 -9999 -9999 -9999 -9999 -9999 -9999 -9999 -9999 -9999
109 112 117 121 125 132 136 139 144 150 156 160 163 168 170 175 182 187 191 189 191 191 192 193 195 198 199 200 201 203 200 196 195 193 193 195 198 209 204 209 214 223 226 231 238 243 244 246 247 246 241 236 230 223 219 210 208 200 196 192 187 181 178 183 181 180 183 177 169 167 169 172 241 242 -9999 -9999 -9999 -9999 -9999 -9999 -9999 -9999 -9999 -9999 -9999
110 114 118 125 131 135 141 148 151 156 162 165 169 175 177 181 183 189 197 195 196 194 195 198 205 196 204 204 205 199 198 197 197 198 199 198 207 206 208 211 218 223 230 237 243 246 248 250 251 253 247 238 231 225 218 213 210 204 194 188 182 178 181 182 181 178 172 181 176 174 179 182 255 245 -9999 -9999 -9999 -9999 -9999 -9999 -9999 -9999 -9999 -9999 -9999
114 117 122 128 133 140 145 150 156 164 166 171 177 179 183 185 189 195 198 205 202 200 201 204 202 201 203 203 200 197 198 200 200 199 201 202 209 210 212 214 220 227 233 240 246 248 249 250 250 249 244 235 229 224 221 213 206 201 193 186 187 186 178 173 177 173 173 179 176 184 189 193 258 -9999 -9999 -9999 -9999 -9999 -9999 -9999 -9999 -9999 -9999 -9999 -9999
115 120 127 133 139 144 147 154 159 166 170 176 183 186 184 189 194 199 201 207 207 204 205 205 205 204 203 201 199 200 201 203 201 203 205 208 209 208 211 218 223 229 234 239 244 246 247 247 245 242 238 230 224 215 219 210 201 194 195 187 186 179 180 173 172 170 173 180 186 192 210 261 -9999 -9999 -9999 -9999 -9999 -9999 -9999 -9999 -9999 -9999 -9999 -9999 -9999
117 124 130 136 140 146 154 159 165 168 174 181 184 187 188 193 198 200 204 208 212 208 209 212 207 207 207 203 201 200 202 203 206 208 209 210 210 212 217 221 228 230 235 241 243 243 243 241 238 236 231 225 218 211 210 203 203 206 196 188 194 186 183 179 173 173 180 183 197 206 -9999 -9999 -9999 -9999 -9999 -9999 -9999 -9999 -9999 -9999 -9999 -9999 -9999 -9999 -9999
120 127 133 140 143 151 160 167 167 170 178 181 183 189 193 197 199 203 206 212 213 210 210 211 210 209 207 204 201 204 204 207 207 208 211 212 213 214 219 222 226 231 235 240 242 242 238 239 239 231 225 225 215 209 206 200 207 206 196 195 187 179 174 171 169 172 180 260 208 218 -9999 -9999 -9999 -9999 -9999 -9999 -9999 -9999 -9999 -9999 -9999 -9999 -9999 -9999 -9999
126 131 139 142 150 157 168 167 170 176 178 181 186 188 194 199 201 205 207 209 211 212 211 211 212 213 213 224 209 209 206 208 210 210 211 211 214 220 221 224 228 230 233 237 240 238 239 240 236 227 223 219 212 207 201 200 198 202 200 197 183 179 181 168 166 171 184 259 264 271 -9999 -9999 -9999 -9999 -9999 -9999 -9999 -9999 -9999 -9999 -9999 -9999 -9999 -9999 -9999
130 135 142 146 154 163 172 167 172 175 181 183 193 193 195 201 205 204 208 210 212 217 211 214 218 221 224 215 207 207 206 209 211 212 213 214 215 217 223 224 226 225 229 233 237 237 233 235 228 225 222 214 209 205 198 197 201 199 191 188 184 180 178 166 169 172 174 -9999 268 -9999 -9999 -9999 -9999 -9999 -9999 -9999 -9999 -9999 -9999 -9999 -9999 -9999 -9999 -9999 -9999
135 142 146 154 161 166 164 168 171 174 177 182 189 195 196 201 202 214 213 208 211 213 210 214 218 215 215 212 211 208 207 211 213 214 214 214 216 220 222 227 224 223 227 230 233 232 228 227 225 222 219 212 207 204 195 198 203 197 191 179 181 184 175 165 168 166 -9999 -9999 -9999 -9999 -9999 -9999 -9999 -9999 -9999 -9999 -9999 -9999 -9999 -9999 -9999 -9999 -9999 -9999 -9999
138 144 150 160 164 165 169 171 175 179 182 185 193 194 199 199 201 206 208 207 209 209 210 222 220 211 212 206 207 211 210 215 214 213 215 216 219 221 223 224 222 223 225 228 227 225 226 222 221 216 213 209 204 197 195 200 196 197 188 179 181 185 177 169 165 165 264 -9999 -9999 -9999 -9999 -9999 -9999 -9999 -9999 -9999 -9999 -9999 -9999 -9999 -9999 -9999 -9999 -9999 -9999
143 149 156 163 166 169 173 178 179 183 185 189 190 195 199 199 202 207 204 206 210 206 210 209 208 210 210 211 211 209 211 213 214 213 215 216 221 223 219 220 220 222 223 224 222 220 219 219 215 212 208 206 200 197 199 195 191 187 184 184 183 181 178 173 173 -9999 256 -9999 -9999 -9999 -9999 -9999 -9999 -9999 -9999 -9999 -9999 -9999 -9999 -9999 -9999 -9999 -9999 -9999 -9999
148 152 158 165 169 173 178 182 182 190 189 192 192 197 199 200 201 203 203 202 203 205 210 205 212 213 212 216 211 211 212 214 214 216 217 216 220 217 216 216 217 221 220 221 215 215 213 211 210 208 206 202 196 195 189 187 189 191 186 185 188 186 183 -9999 277 -9999 -9999 -9999 -9999 -9999 -9999 -9999 -9999 -9999 -9999 -9999 -9999 -9999 -9999 -9999 -9999 -9999 -9999 -9999 -9999
153 157 160 167 174 180 181 184 193 192 191 192 196 198 199 200 199 201 199 199 201 201 201 204 210 210 222 216 209 209 211 214 215 217 217 215 217 216 212 216 215 217 215 214 209 209 209 206 202 202 199 197 192 187 182 184 183 182 184 185 187 188 188 279 281 -9999 -9999 -9999 -9999 -9999 -9999 -9999 -9999 -9999 -9999 -9999 -9999 -9999 -9999 -9999 -9999 -9999 -9999 -9999 -9999
158 163 168 173 178 184 186 192 193 190 192 196 199 197 196 197 197 196 196 197 197 196 199 205 208 220 224 210 211 208 213 216 216 212 211 214 213 211 210 211 209 212 207 208 206 204 201 199 196 194 192 190 185 180 178 180 182 177 179 181 183 277 280 292 309 311 -9999 -9999 -9999 -9999 -9999 -9999 -9999 -9999 -9999 -9999 -9999 -9999 -9999 -9999 -9999 -9999 -9999 -9999 -9999
163 168 173 179 184 188 188 197 193 192 196 198 200 202 201 200 196 196 192 191 191 193 200 210 210 221 220 207 209 213 214 212 214 213 212 212 209 207 207 207 207 206 203 201 199 197 194 191 190 188 186 184 178 177 174 172 171 173 171 174 179 275 278 -9999 -9999 -9999 -9999 -9999 -9999 -9999 -9999 -9999 -9999 -9999 -9999 -9999 -9999 -9999 -9999 -9999 -9999 -9999 -9999 -9999 -9999
