02 cropping and modelling/wc2.1_10m_bio_11.asc
NCOLS 368 
NROWS 210 
XLLCORNER 67.1666666666667 
YLLCORNER 3.5 
CELLSIZE 0.166666666666667 
NODATA_value -9999 
[rows 81 to 107 of 210, columns 60 to 119 of 368]
-9999 -9999 -9999 -9999 -9999 -9999 17.8459587097168 17.8962917327881 17.869499206543 17.7535419464111 17.8296661376953 17.7779159545898 17.6443328857422 17.3869590759277 17.3231658935547 17.5087490081787 17.7462921142578 18.047290802002 17.9087924957275 17.6509170532227 17.3780822753906 17.3313331604004 17.2910423278809 17.2209587097168 17.5494575500488 17.921667098999 17.6019992828369 17.5852088928223 17.9515838623047 17.8620414733887 17.798583984375 17.888916015625 17.746374130249 17.6839580535889 17.7274589538574 17.7329578399658 17.8447494506836 18.0136661529541 18.1831665039062 18.4088745117188 18.3929576873779 18.552375793457 18.6025428771973 18.3064575195312 18.2012500762939 18.0833740234375 18.0082912445068 17.9728336334229 18.1939582824707 18.1476669311523 18.1782913208008 18.3567924499512 18.4067497253418 18.423999786377 18.7315826416016 18.7707500457764 18.7916259765625 18.7946243286133 18.7672500610352 18.6580009460449
-9999 -9999 -9999 -9999 -9999 -9999 -9999 -9999 17.7765007019043 17.7354583740234 17.7857074737549 17.7152919769287 17.7128753662109 17.5625419616699 17.4070415496826 17.6676254272461 17.7470417022705 17.5738754272461 17.3141670227051 17.4508743286133 17.405876159668 17.4115409851074 17.3303756713867 17.3645000457764 17.4246253967285 17.2626667022705 17.0763759613037 17.0511665344238 17.1713752746582 17.2866249084473 17.8346252441406 18.0498752593994 17.80637550354 17.4479999542236 17.1821250915527 17.2238330841064 17.367000579834 17.5065002441406 17.2354583740234 17.4548740386963 17.5799579620361 18.6241245269775 18.5432090759277 18.4872093200684 18.4544162750244 18.2956256866455 18.1772499084473 18.1745414733887 18.2154579162598 18.2130012512207 18.1464576721191 18.0356674194336 17.9247074127197 18.234748840332 18.9029159545898 18.6707916259766 18.5787925720215 18.7209167480469 18.8707084655762 18.8012084960938
-9999 -9999 -9999 -9999 -9999 -9999 -9999 -9999 -9999 17.6554164886475 17.7894592285156 17.8898754119873 17.7708339691162 17.5555419921875 17.5128746032715 17.7969169616699 17.5630836486816 17.4775009155273 17.6344165802002 17.3298759460449 17.2839584350586 17.4498748779297 17.6877498626709 17.4835414886475 17.474666595459 17.329833984375 17.245792388916 17.2916259765625 17.5458755493164 17.7070426940918 17.9211654663086 17.953498840332 17.9639587402344 17.8579578399658 17.9237499237061 17.5907917022705 17.3526668548584 17.4139175415039 17.3624591827393 17.547248840332 18.3602905273438 18.447624206543 18.4071254730225 18.2640838623047 18.1615829467773 18.3686676025391 18.2792091369629 18.2455825805664 18.1773338317871 17.9186248779297 17.5756244659424 17.589958190918 18.1166248321533 18.0116672515869 18.3936252593994 18.3578338623047 18.5100841522217 18.6559162139893 18.7825412750244 18.7322082519531
-9999 -9999 -9999 -9999 -9999 -9999 -9999 -9999 -9999 -9999 -9999 17.8074989318848 17.8932075500488 17.6557083129883 17.674165725708 17.832124710083 17.9170837402344 17.6584167480469 17.5853748321533 17.5981254577637 17.1953754425049 17.445499420166 17.5312919616699 17.5681667327881 17.5937080383301 17.5861663818359 17.8020000457764 17.8410835266113 17.7445411682129 17.7457504272461 17.8234996795654 17.484375 17.6483345031738 17.9328327178955 18.1551666259766 18.1334571838379 18.1099166870117 18.2101249694824 18.1614170074463 18.4799156188965 18.2410411834717 18.1081657409668 18.2587909698486 18.1304588317871 18.2674160003662 18.3178329467773 18.1051254272461 17.8330841064453 17.544750213623 17.6485424041748 17.7530841827393 17.8525428771973 18.0230007171631 18.0906677246094 18.2289161682129 18.451416015625 18.7506256103516 18.7870006561279 18.8281669616699 18.9908332824707
-9999 -9999 -9999 -9999 -9999 -9999 -9999 -9999 -9999 -9999 -9999 -9999 17.9954166412354 18.0100002288818 18.1684589385986 17.964750289917 17.7909164428711 17.8204574584961 17.877124786377 17.6947498321533 17.2142906188965 17.6644992828369 17.6890830993652 17.7572917938232 17.8234577178955 17.8611660003662 17.6960411071777 17.5431251525879 17.5965003967285 17.6383743286133 17.6141662597656 17.4774589538574 17.5524997711182 17.9084587097168 17.8733329772949 17.7215423583984 17.9566249847412 17.9265823364258 18.0643749237061 18.3055000305176 18.3213748931885 18.0050411224365 17.870792388916 17.7259998321533 17.6713752746582 17.7045841217041 17.4742088317871 17.3933753967285 17.5301246643066 17.6478328704834 17.9595413208008 18.1808338165283 18.4128742218018 18.4946670532227 18.4833755493164 18.6124992370605 18.9654159545898 19.0503749847412 19.0236663818359 19.2091674804688
-9999 -9999 -9999 -9999 -9999 -9999 -9999 -9999 -9999 -9999 -9999 -9999 -9999 -9999 18.1052074432373 17.9941673278809 17.8865833282471 18.046875 18.1146240234375 18.1136245727539 17.7131252288818 17.8330421447754 18.0847511291504 18.279541015625 17.9160842895508 17.9209175109863 17.6708755493164 17.4813327789307 17.9010829925537 17.7902507781982 17.7001667022705 17.6350002288818 18.1232089996338 18.4437503814697 18.1450824737549 17.720832824707 18.0020427703857 17.7237911224365 17.7601661682129 17.9987087249756 18.2221660614014 18.2735004425049 18.1984577178955 17.9029159545898 17.593334197998 17.2048759460449 17.089750289917 17.0275001525879 16.9462089538574 17.0410423278809 17.2297496795654 17.9364166259766 18.5258331298828 18.5204162597656 18.7857494354248 19.0277080535889 19.1257076263428 19.2745838165283 19.2805824279785 19.4039173126221
-9999 -9999 -9999 -9999 -9999 -9999 -9999 -9999 -9999 -9999 -9999 -9999 -9999 -9999 -9999 18.4245834350586 18.0363330841064 17.9916248321533 18.0357913970947 18.0268325805664 17.9819164276123 18.0235843658447 18.0105838775635 17.9885005950928 18.0057506561279 18.0294990539551 17.8371257781982 17.4972076416016 17.4327087402344 17.136791229248 17.6199588775635 17.3488750457764 18.1297492980957 18.0254993438721 17.6612071990967 17.5768756866455 17.6117076873779 17.4080410003662 17.2457084655762 17.3266658782959 17.6203327178955 17.8577079772949 17.9662094116211 17.6279582977295 17.3329162597656 17.2209167480469 17.1909999847412 17.3060836791992 17.2194576263428 17.3330821990967 17.3308753967285 18.0104579925537 18.5315418243408 18.6065425872803 18.7481670379639 19.0195426940918 19.3797073364258 19.5290832519531 19.6044998168945 19.6823749542236
-9999 -9999 -9999 -9999 -9999 -9999 -9999 -9999 -9999 -9999 -9999 -9999 -9999 -9999 -9999 -9999 17.9299163818359 17.8494167327881 17.9222087860107 17.994083404541 17.9612083435059 18.0772075653076 17.72825050354 17.9577503204346 18.3033332824707 18.0181674957275 18.0322093963623 17.7975826263428 17.404541015625 17.0514163970947 17.0376243591309 16.7353324890137 17.0375823974609 17.7795829772949 17.4854583740234 17.338249206543 17.2020416259766 17.0839996337891 17.3804168701172 17.3740844726562 17.3601665496826 17.4469585418701 17.3662910461426 17.5702075958252 17.8062076568604 17.3740825653076 17.6117496490479 17.7723751068115 17.9303321838379 18.3075828552246 18.5900840759277 18.6485424041748 19.0020408630371 19.2773742675781 19.4224586486816 19.6497497558594 19.5103340148926 19.7627506256104 19.8390426635742 19.9242496490479
-9999 -9999 -9999 -9999 -9999 -9999 -9999 -9999 -9999 -9999 -9999 -9999 -9999 -9999 -9999 -9999 -9999 17.888334274292 17.7903747558594 17.5363330841064 17.8825416564941 17.9215412139893 17.7841243743896 17.7634582519531 18.1296253204346 18.1686668395996 17.845251083374 17.7026672363281 17.1891250610352 16.5389995574951 16.3829174041748 16.3768329620361 16.5092506408691 17.2294158935547 17.100040435791 17.1928329467773 16.9932079315186 16.7716255187988 16.6572074890137 17.1798324584961 16.4197082519531 16.5402908325195 16.375 16.5679588317871 16.4461669921875 17.0117492675781 17.0783748626709 17.2802925109863 17.7017078399658 17.9652500152588 18.5912914276123 18.7754993438721 18.726583480835 19.3942909240723 19.5831661224365 19.7561664581299 19.7974586486816 19.7962913513184 19.9202499389648 20.03733253479
-9999 -9999 -9999 -9999 -9999 -9999 -9999 -9999 -9999 -9999 -9999 -9999 -9999 -9999 -9999 -9999 -9999 -9999 17.8773746490479 17.8990821838379 17.8102493286133 17.7262496948242 18.1321659088135 18.1296253204346 18.1431655883789 18.4681663513184 18.3225002288818 18.0360412597656 17.6221656799316 17.4292907714844 16.9528331756592 16.8090000152588 17.0364990234375 17.6465835571289 17.580249786377 17.5305423736572 17.2024154663086 16.9192924499512 16.0914173126221 16.044792175293 15.197416305542 16.4597091674805 15.9603748321533 16.322416305542 16.6556243896484 17.2396259307861 17.1500415802002 17.1073760986328 17.4072914123535 17.7247924804688 18.0055408477783 18.67795753479 19.068000793457 19.3992080688477 19.7135410308838 19.8526248931885 19.861499786377 19.9802494049072 20.0648746490479 20.0681667327881
-9999 -9999 -9999 -9999 -9999 -9999 -9999 -9999 -9999 -9999 -9999 -9999 -9999 -9999 -9999 -9999 -9999 -9999 -9999 18.0466251373291 17.9711666107178 17.6295833587646 17.1971244812012 17.5418338775635 17.9058742523193 18.5288753509521 18.6447505950928 18.4182910919189 18.3127498626709 18.3162498474121 18.3734588623047 17.996208190918 18.0817089080811 17.9549999237061 17.9722919464111 17.7237911224365 17.4524173736572 17.0906677246094 16.4243755340576 15.9691247940063 16.0311660766602 16.2742080688477 16.1940841674805 16.9072914123535 17.7008323669434 17.6507091522217 17.5084571838379 17.3803749084473 17.6750411987305 17.9481658935547 18.9158325195312 19.5841255187988 19.5615825653076 18.7999992370605 19.6002922058105 19.9827499389648 19.9599590301514 20.0805416107178 20.2336673736572 20.3274993896484
-9999 -9999 -9999 -9999 -9999 -9999 -9999 -9999 -9999 -9999 -9999 -9999 -9999 -9999 -9999 -9999 -9999 -9999 -9999 -9999 17.5900840759277 17.5988750457764 17.3880844116211 16.6207084655762 17.1706256866455 17.8465003967285 18.1153335571289 18.466625213623 18.5915412902832 18.5530414581299 18.9647083282471 18.8192501068115 18.7651252746582 18.3535423278809 18.0912494659424 17.9046249389648 17.3862075805664 17.0502490997314 16.0326251983643 16.0300827026367 16.1060009002686 16.2953338623047 17.1722068786621 16.9030418395996 17.9614162445068 18.0669593811035 18.1409587860107 18.1565837860107 18.127082824707 18.2527503967285 19.236291885376 19.6965827941895 19.8382911682129 19.6537094116211 19.7196655273438 19.9537506103516 20.0710411071777 20.1443328857422 20.286750793457 20.2862911224365
-9999 -9999 -9999 -9999 -9999 -9999 -9999 -9999 -9999 -9999 -9999 -9999 -9999 -9999 -9999 -9999 -9999 -9999 -9999 -9999 -9999 17.8228340148926 17.6780834197998 17.6399173736572 17.5951671600342 17.4762496948242 16.9794578552246 17.761791229248 18.5477085113525 18.5572490692139 18.9274997711182 19.1716251373291 19.1298751831055 18.4244155883789 18.1490840911865 17.6778755187988 17.0119571685791 17.3181247711182 17.619291305542 17.8336658477783 17.3739585876465 16.8814582824707 17.3561668395996 17.644416809082 17.9788341522217 18.3806247711182 18.4386672973633 18.5445823669434 18.1763744354248 18.1770420074463 18.601375579834 18.8841247558594 19.2045421600342 19.7674160003662 19.3662090301514 19.7216663360596 20.0042915344238 20.1280002593994 20.3755416870117 20.3871250152588
-9999 -9999 -9999 -9999 -9999 -9999 -9999 -9999 -9999 -9999 -9999 -9999 -9999 -9999 -9999 -9999 -9999 -9999 -9999 -9999 -9999 -9999 17.8321666717529 17.4158325195312 17.1603336334229 17.5379161834717 17.3973331451416 16.976749420166 18.5259170532227 18.4888324737549 18.6525001525879 19.1281242370605 19.1668758392334 18.7192916870117 18.1771659851074 17.3980827331543 17.2007503509521 17.9081249237061 18.4368743896484 18.3940410614014 19.0353755950928 18.4153327941895 18.5461673736572 18.8115425109863 18.6846256256104 18.550708770752 18.6721668243408 18.7257919311523 18.5697498321533 18.279167175293 19.4887504577637 19.939416885376 20.0657081604004 20.2667083740234 20.1389579772949 19.9494171142578 19.6573753356934 20.0384578704834 20.5325412750244 20.3750839233398
-9999 -9999 -9999 -9999 -9999 -9999 -9999 -9999 -9999 -9999 -9999 -9999 -9999 -9999 -9999 -9999 -9999 -9999 -9999 -9999 -9999 -9999 -9999 17.6932926177979 17.0477924346924 16.7338333129883 17.0288333892822 17.9711246490479 18.7879161834717 18.8234157562256 18.2174587249756 18.9038753509521 19.7024993896484 18.7175407409668 18.2348747253418 19.2262077331543 19.148624420166 18.878791809082 18.8901252746582 19.3072509765625 19.5263328552246 19.0965824127197 19.5389575958252 19.6141242980957 19.2883338928223 18.9796657562256 19.2328338623047 19.2601661682129 19.1319580078125 19.2133750915527 19.3995418548584 19.7386245727539 20.1803321838379 20.1245422363281 20.0607089996338 20.0732078552246 20.4051666259766 20.6245422363281 20.7246246337891 20.6088752746582
-9999 -9999 -9999 -9999 -9999 -9999 -9999 -9999 -9999 -9999 -9999 -9999 -9999 -9999 -9999 -9999 -9999 -9999 -9999 -9999 -9999 -9999 -9999 17.4733333587646 18.3174991607666 18.7653331756592 19.4145832061768 18.9215831756592 18.9835834503174 19.9182510375977 19.814208984375 19.9783325195312 20.5003757476807 20.1655826568604 19.4615421295166 20.039083480835 19.7818756103516 19.2612075805664 19.0624580383301 19.6194591522217 19.9017086029053 19.7638740539551 19.766040802002 20.0213756561279 20.0946254730225 19.9899578094482 20.2317504882812 19.9139995574951 19.5263748168945 18.9190006256104 18.8699989318848 19.7577495574951 20.0560836791992 19.9997081756592 19.5011253356934 20.0966663360596 20.5059585571289 20.740291595459 20.7500419616699 20.8765411376953
-9999 -9999 -9999 -9999 -9999 -9999 -9999 -9999 -9999 -9999 -9999 -9999 -9999 -9999 -9999 -9999 -9999 -9999 -9999 -9999 -9999 -9999 -9999 -9999 19.6230010986328 19.9866676330566 20.1816673278809 20.2648754119873 20.3153324127197 20.5128746032715 20.6036243438721 20.3082084655762 20.7771663665771 20.636417388916 20.2368755340576 20.4103755950928 19.9957504272461 20.0987491607666 19.4909992218018 19.6122093200684 19.9948749542236 20.4217491149902 20.1687927246094 20.3500843048096 20.5313739776611 20.4959583282471 20.4777088165283 19.6770420074463 18.7771244049072 18.7466239929199 18.9837913513184 19.1514167785645 19.3600006103516 19.9503746032715 19.6442909240723 19.5578327178955 20.8230838775635 21.0115833282471 21.0091667175293 21.1199588775635
-9999 -9999 -9999 -9999 -9999 -9999 -9999 -9999 -9999 -9999 -9999 -9999 -9999 -9999 -9999 -9999 -9999 -9999 -9999 -9999 -9999 -9999 -9999 -9999 20.1903743743896 20.3535842895508 20.5250415802002 20.5030002593994 20.6714172363281 20.8659591674805 20.8501243591309 20.8950004577637 20.952917098999 20.9578742980957 20.8861675262451 20.8931255340576 20.6410827636719 20.6096248626709 20.3647918701172 20.3494167327881 20.7264595031738 20.6863327026367 20.6169586181641 20.0312919616699 19.5144157409668 19.8262920379639 20.1651248931885 19.2192077636719 18.3282089233398 18.7980842590332 19.3427505493164 19.5240421295166 19.3990001678467 19.5298748016357 19.2199592590332 19.6719589233398 20.8061676025391 21.0261669158936 20.9599571228027 21.0394992828369
-9999 -9999 -9999 -9999 -9999 -9999 -9999 -9999 -9999 -9999 -9999 -9999 -9999 -9999 -9999 -9999 -9999 -9999 -9999 -9999 -9999 -9999 -9999 -9999 20.4254589080811 20.5514583587646 20.7147083282471 20.7185001373291 20.8150424957275 21.0268745422363 20.9715824127197 21.0658760070801 21.08424949646 21.2371673583984 21.1862087249756 21.2016258239746 21.2426662445068 21.117582321167 20.6359176635742 20.4254589080811 20.960916519165 21.0706672668457 20.8104991912842 20.3227081298828 19.168083190918 19.726749420166 20.5363330841064 19.5033340454102 18.2060413360596 18.6234169006348 19.527458190918 19.7707920074463 19.7070407867432 19.1490840911865 17.5030822753906 17.2940425872803 19.6783332824707 21.1260833740234 21.187915802002 21.2386245727539
-9999 -9999 -9999 -9999 -9999 -9999 -9999 -9999 -9999 -9999 -9999 -9999 -9999 -9999 -9999 -9999 -9999 -9999 -9999 -9999 -9999 -9999 -9999 -9999 20.6124591827393 20.6732921600342 20.8768329620361 20.8861255645752 21.0351657867432 21.1576251983643 21.2032089233398 21.1668338775635 21.2001667022705 21.3584575653076 21.379207611084 21.3969173431396 21.3633327484131 21.4224166870117 21.3390007019043 20.962833404541 21.2247505187988 20.9050006866455 20.839542388916 20.5774574279785 19.7678756713867 19.8893337249756 20.8011245727539 19.6418743133545 18.0709171295166 18.6762504577637 19.5528755187988 19.937915802002 19.9735832214355 19.1218338012695 16.8386249542236 17.1857490539551 20.7137908935547 21.2005424499512 21.2112922668457 21.3417491912842
-9999 -9999 -9999 -9999 -9999 -9999 -9999 -9999 -9999 -9999 -9999 -9999 -9999 -9999 -9999 -9999 -9999 -9999 -9999 -9999 -9999 -9999 -9999 -9999 -9999 20.8791656494141 20.9468746185303 21.1032085418701 21.1942081451416 21.0151252746582 21.0279998779297 21.2067089080811 20.968957901001 21.0722503662109 21.2738761901855 21.3122081756592 21.2810821533203 21.3398761749268 20.8781661987305 21.0517501831055 21.267541885376 20.9614582061768 20.420166015625 20.2487506866455 19.9219589233398 20.0911254882812 20.7739162445068 20.2942504882812 19.2667083740234 18.5960006713867 18.886999130249 19.8187503814697 20.2519989013672 19.9109592437744 18.2348747253418 19.1916656494141 21.2802505493164 21.3412075042725 21.4071655273438 21.4633941650391
-9999 -9999 -9999 -9999 -9999 -9999 -9999 -9999 -9999 -9999 -9999 -9999 -9999 -9999 -9999 -9999 -9999 -9999 -9999 -9999 -9999 -9999 -9999 -9999 -9999 21.0591659545898 21.0369987487793 21.0443744659424 21.1208343505859 20.9475002288818 21.0705413818359 20.5457916259766 20.5894584655762 20.9264163970947 21.0608329772949 21.1702919006348 21.1107082366943 21.293041229248 21.3662490844727 21.228874206543 21.2106246948242 20.8709583282471 20.4952907562256 19.5432910919189 20.4253330230713 20.8924579620361 21.338041305542 21.2044162750244 20.5496253967285 20.2263336181641 19.1175422668457 19.8247909545898 20.2185840606689 20.3709583282471 20.279333114624 20.6177501678467 20.5707092285156 21.2098331451416 21.5225028991699 21.4886112213135
-9999 -9999 -9999 -9999 -9999 -9999 -9999 -9999 -9999 -9999 -9999 -9999 -9999 -9999 -9999 -9999 -9999 -9999 -9999 -9999 -9999 -9999 -9999 -9999 -9999 21.1632499694824 21.2146244049072 21.1920413970947 20.9568748474121 21.148416519165 21.013334274292 20.8607501983643 21.0692081451416 21.1048755645752 21.3476676940918 21.3814163208008 21.1507911682129 21.4116249084473 21.361291885376 21.304500579834 21.1406669616699 20.7108325958252 20.3505840301514 20.5121250152588 20.7321662902832 20.9325008392334 21.1609172821045 21.3938751220703 21.1096248626709 20.7780838012695 20.1170845031738 19.5064163208008 20.6222496032715 21.3541240692139 21.2021675109863 21.5414581298828 21.6536674499512 21.6161613464355 21.6294269561768 -9999
-9999 -9999 -9999 -9999 -9999 -9999 -9999 -9999 -9999 -9999 -9999 -9999 -9999 -9999 -9999 -9999 -9999 -9999 -9999 -9999 -9999 -9999 -9999 -9999 -9999 20.9136657714844 20.9267082214355 21.1675834655762 21.0890407562256 21.1870422363281 20.9477920532227 20.9999160766602 21.0697917938232 21.0964164733887 21.3430423736572 21.3143749237061 21.3802089691162 21.5673751831055 21.4272918701172 21.3985004425049 21.0454578399658 20.9604587554932 20.863166809082 20.7165412902832 20.2032089233398 20.767749786377 21.4122924804688 21.5023326873779 21.2924575805664 21.0279998779297 21.0911254882812 20.3527088165283 20.9389591217041 21.7630825042725 21.7307090759277 21.7193756103516 21.7132091522217 21.7379322052002 21.8532619476318 -9999
-9999 -9999 -9999 -9999 -9999 -9999 -9999 -9999 -9999 -9999 -9999 -9999 -9999 -9999 -9999 -9999 -9999 -9999 -9999 -9999 -9999 -9999 -9999 -9999 -9999 20.777458190918 20.8544578552246 20.9646663665771 21.0593338012695 21.029541015625 20.6878337860107 20.849458694458 21.1284580230713 20.9539585113525 20.5871257781982 21.1963329315186 21.3612079620361 21.554708480835 21.5218334197998 21.5831241607666 21.732666015625 21.8072490692139 21.597583770752 21.4310836791992 21.0592079162598 20.6384582519531 21.088207244873 21.5978755950928 21.8412094116211 21.4845409393311 21.6344585418701 21.8339176177979 21.963041305542 22.0130004882812 21.8624172210693 21.7373332977295 21.7764587402344 21.7942924499512 21.8822708129883 -9999
-9999 -9999 -9999 -9999 -9999 -9999 -9999 -9999 -9999 -9999 -9999 -9999 -9999 -9999 -9999 -9999 -9999 -9999 -9999 -9999 -9999 -9999 -9999 -9999 -9999 -9999 20.8921241760254 21.0354995727539 20.9974174499512 20.5837078094482 20.603666305542 20.648458480835 20.939582824707 20.88454246521 21.0651245117188 21.2954177856445 21.407958984375 21.4674587249756 21.7457084655762 21.8400001525879 21.7967491149902 21.6458740234375 21.4353332519531 21.7662925720215 20.8921661376953 20.489917755127 20.4316673278809 21.5270824432373 21.7229156494141 21.7154579162598 21.9260005950928 21.5912914276123 21.5500411987305 22.0389575958252 21.8459167480469 21.8476257324219 21.8544158935547 21.908784866333 21.8437957763672 22.1650009155273
-9999 -9999 -9999 -9999 -9999 -9999 -9999 -9999 -9999 -9999 -9999 -9999 -9999 -9999 -9999 -9999 -9999 -9999 -9999 -9999 -9999 -9999 -9999 -9999 -9999 -9999 20.8552494049072 20.5717506408691 20.2093334197998 20.3735008239746 20.3639583587646 19.4820003509521 20.8916244506836 20.9589157104492 21.2482509613037 21.3594169616699 21.2190837860107 21.4374580383301 21.6765003204346 21.4153327941895 20.3531246185303 20.0694580078125 19.7813339233398 20.5831661224365 21.1371669769287 20.8699989318848 20.7684993743896 20.5119590759277 20.8442497253418 21.4337501525879 21.7515830993652 21.6527919769287 21.9190006256104 22.017707824707 21.9792499542236 21.9264583587646 21.9423332214355 22.0765151977539 21.9452381134033 -9999
