02 cropping and modelling/wc2.1_10m_bio_18.asc
NCOLS 368 
NROWS 210 
XLLCORNER 67.1666666666667 
YLLCORNER 3.5 
CELLSIZE 0.166666666666667 
NODATA_value -9999 
[rows 72 to 107 of 210, columns 246 to 327 of 368]
530 489 483 498 489 484 487 493 486 492 492 524 507 517 539 474 502 478 425 405 393 389 396 405 412 420 427 434 438 442 447 450 476 478 539 587 480 462 442 440 461 491 481 486 511 519 523 534 547 545 571 552 567 565 564 555 563 535 535 583 571 540 540 571 616 643 593 591 589 469 448 441 419 394 394 -9999 -9999 -9999 -9999 -9999 -9999 -9999
525 500 488 506 505 498 506 512 501 502 520 570 531 538 555 486 537 456 419 403 391 395 431 432 435 436 445 444 440 442 447 466 513 506 574 561 467 459 460 461 436 460 464 484 500 497 508 517 529 546 550 537 548 558 552 521 528 564 564 558 533 542 581 562 554 565 586 556 437 441 419 400 -9999 -9999 -9999 -9999 -9999 -9999 -9999 -9999 -9999 -9999
515 503 507 520 513 525 523 528 531 529 550 582 558 569 535 540 516 468 436 427 411 424 505 470 457 467 465 457 451 447 452 492 505 578 575 554 493 491 460 449 434 452 459 484 483 503 510 514 522 562 561 541 526 531 534 512 570 562 556 541 541 592 591 536 578 563 393 552 399 383 394 -9999 -9999 -9999 -9999 -9999 -9999 -9999 -9999 -9999 -9999 -9999
526 513 522 533 527 538 546 555 550 554 567 578 570 581 549 537 483 470 471 484 458 441 465 452 443 450 453 454 460 455 475 474 533 556 561 558 476 466 449 438 433 443 467 474 490 499 512 514 539 556 557 552 562 559 524 530 583 547 537 525 559 566 554 574 536 540 522 379 384 389 370 -9999 -9999 -9999 -9999 -9999 -9999 -9999 -9999 -9999 -9999 -9999
549 552 542 541 544 555 565 569 573 585 594 601 601 585 557 526 509 498 498 492 490 460 458 453 453 452 457 467 471 482 529 488 518 517 553 498 475 480 456 448 450 462 492 510 494 503 512 533 542 530 574 535 566 534 558 554 532 550 530 565 580 536 569 542 562 555 391 371 378 357 -9999 -9999 -9999 -9999 -9999 -9999 -9999 -9999 -9999 -9999 -9999 -9999
588 588 579 586 582 581 594 600 608 624 639 627 610 592 575 558 582 545 521 500 470 464 461 468 471 467 481 495 520 506 514 517 522 525 508 517 530 506 475 464 470 483 513 510 501 509 527 567 528 525 548 541 615 596 560 518 529 552 561 578 558 562 603 549 397 393 366 343 341 361 370 -9999 -9999 -9999 -9999 -9999 -9999 -9999 -9999 -9999 -9999 -9999
598 604 611 635 618 617 630 625 641 657 662 653 636 618 601 593 605 550 571 514 487 483 489 497 480 487 513 505 512 487 511 554 552 529 543 536 514 503 497 492 489 496 514 517 530 523 545 563 534 541 551 582 586 553 521 511 510 547 539 537 526 399 379 376 367 349 342 338 348 365 380 -9999 -9999 -9999 -9999 -9999 -9999 -9999 -9999 -9999 -9999 -9999
619 624 637 638 630 636 643 649 671 687 692 684 672 643 624 620 588 583 543 524 508 537 572 554 525 533 495 498 499 500 514 533 547 514 532 562 533 518 517 516 516 519 547 541 585 545 577 568 569 536 551 586 618 567 524 527 518 587 550 392 388 377 385 371 354 345 352 355 363 370 -9999 -9999 -9999 -9999 -9999 -9999 -9999 -9999 -9999 735 803 703
642 650 655 661 653 654 656 676 695 712 722 714 691 665 657 629 591 575 557 542 531 542 562 550 521 530 509 511 523 527 536 511 524 522 543 569 539 554 546 542 540 554 575 586 607 568 588 559 549 532 554 578 575 555 610 576 529 580 431 383 380 361 361 368 349 340 -9999 363 -9999 -9999 -9999 -9999 -9999 -9999 -9999 -9999 -9999 474 568 795 860 819
668 670 676 672 669 663 670 692 710 723 729 724 702 677 655 626 621 625 582 547 553 552 555 537 520 508 520 586 593 565 560 538 537 544 566 563 574 588 585 574 577 588 573 599 596 589 582 544 570 543 530 579 540 588 572 573 515 455 461 430 394 365 365 355 351 326 -9999 378 -9999 -9999 -9999 -9999 -9999 -9999 -9999 -9999 595 615 761 968 1022 957
700 694 693 689 688 677 680 692 704 714 718 715 703 676 653 633 619 628 585 562 605 574 558 574 549 532 545 555 598 561 556 560 567 577 618 608 626 610 606 606 605 587 592 617 585 594 575 566 572 549 526 556 569 579 546 423 393 385 414 372 374 370 367 355 -9999 -9999 -9999 -9999 -9999 -9999 -9999 -9999 -9999 -9999 -9999 -9999 702 830 1051 1067 1047 932
722 714 710 698 691 685 679 682 685 691 698 702 693 673 656 640 624 614 583 578 597 584 560 573 580 551 563 564 584 586 600 600 593 629 634 636 638 650 648 645 630 608 595 590 592 623 559 549 562 540 538 544 604 625 554 394 386 377 390 371 362 357 353 338 -9999 -9999 -9999 -9999 -9999 -9999 -9999 -9999 -9999 -9999 -9999 738 916 1137 1094 1031 1018 908
743 737 727 717 704 691 671 668 665 667 672 682 682 673 669 644 635 602 592 586 580 579 595 597 618 610 584 596 600 618 644 642 644 653 660 654 663 682 674 675 630 609 598 594 597 590 567 556 542 568 549 558 613 632 461 425 426 400 383 378 343 334 -9999 -9999 -9999 -9999 -9999 -9999 -9999 -9999 -9999 -9999 -9999 -9999 748 970 1219 1205 1338 1179 933 835
766 761 748 732 715 691 664 653 636 636 643 663 690 668 659 640 622 616 598 611 613 592 639 614 624 635 609 629 635 646 667 668 676 664 672 683 706 687 696 671 640 627 615 602 597 580 584 557 597 606 568 584 595 534 474 490 435 421 407 396 -9999 -9999 -9999 -9999 -9999 -9999 -9999 -9999 -9999 -9999 -9999 -9999 -9999 724 834 1089 1289 1262 1234 1189 932 791
792 778 767 746 719 684 648 622 607 603 611 655 682 655 647 635 626 608 610 618 615 602 615 609 619 633 657 647 653 678 692 699 702 688 706 736 720 713 711 679 673 669 630 635 610 598 591 609 624 608 625 632 519 524 475 485 452 435 418 -9999 -9999 -9999 -9999 -9999 -9999 -9999 -9999 -9999 -9999 -9999 -9999 -9999 -9999 755 861 1089 1301 1113 1337 1201 812 -9999
813 807 787 761 721 674 627 593 571 572 603 668 634 629 631 633 617 608 642 616 620 621 630 630 631 650 675 681 668 698 693 716 713 724 732 741 744 733 709 708 702 663 673 679 644 625 636 658 646 622 691 668 508 531 532 491 467 435 -9999 -9999 -9999 -9999 -9999 -9999 -9999 -9999 -9999 -9999 -9999 -9999 -9999 -9999 711 754 1018 1224 1301 1173 1435 932 691 -9999
834 825 810 773 716 664 613 564 533 551 623 603 609 616 623 629 631 620 645 628 630 635 650 657 657 662 686 697 687 700 697 709 724 735 758 750 743 745 749 743 722 720 725 705 672 661 716 665 666 689 542 562 523 520 507 491 470 463 -9999 -9999 -9999 -9999 -9999 -9999 -9999 -9999 -9999 -9999 476 401 -9999 698 744 846 1136 1347 1265 1116 1294 818 706 -9999
847 836 835 781 719 667 606 552 500 508 574 571 587 610 623 630 641 637 640 650 653 659 690 684 694 687 703 697 692 702 716 716 721 751 765 756 769 773 773 756 761 731 726 702 694 714 750 674 666 571 577 569 545 537 522 506 -9999 -9999 -9999 -9999 -9999 -9999 -9999 -9999 -9999 -9999 -9999 385 495 523 -9999 723 830 995 1318 1308 1261 1606 1223 813 703 -9999
844 839 831 781 723 671 620 563 520 520 559 575 595 613 624 635 643 652 665 671 677 703 717 711 725 714 710 707 704 703 708 717 728 741 757 782 804 794 785 784 767 763 754 747 750 710 695 689 702 601 599 609 574 578 -9999 -9999 -9999 -9999 -9999 -9999 -9999 -9999 -9999 -9999 -9999 -9999 458 467 453 -9999 -9999 782 912 1141 1469 1281 1544 1432 1003 813 671 -9999
813 805 795 762 719 681 647 606 580 570 576 586 608 626 644 652 665 682 691 705 703 720 730 736 736 747 746 725 727 710 700 726 744 762 786 809 822 841 812 823 810 795 761 788 733 752 734 743 636 636 625 616 -9999 -9999 -9999 -9999 -9999 -9999 -9999 -9999 -9999 -9999 -9999 -9999 -9999 -9999 -9999 537 568 705 -9999 941 1068 1377 1645 1350 1383 1326 918 842 -9999 -9999
758 752 756 742 715 692 685 658 644 621 612 618 633 647 656 671 689 714 723 736 750 751 756 760 768 769 772 754 752 736 733 745 780 800 830 851 863 870 852 842 823 811 801 741 735 760 742 643 658 659 643 -9999 -9999 -9999 -9999 -9999 -9999 -9999 -9999 -9999 -9999 -9999 -9999 -9999 -9999 -9999 -9999 -9999 -9999 -9999 -9999 1143 1351 1537 1795 1537 1539 1068 979 838 -9999 -9999
713 692 705 720 719 714 707 703 690 667 648 648 691 685 677 701 716 736 749 770 775 782 801 807 799 797 796 789 778 771 768 797 808 856 898 927 936 922 891 866 860 830 778 758 743 741 662 656 656 651 644 -9999 -9999 -9999 -9999 -9999 -9999 -9999 -9999 -9999 -9999 -9999 -9999 -9999 -9999 -9999 -9999 -9999 -9999 -9999 -9999 1289 1428 1578 1814 1780 1452 1193 974 -9999 -9999 -9999
711 690 707 724 728 729 732 728 716 701 686 678 685 692 703 729 752 768 782 785 802 819 833 840 833 835 830 834 826 809 817 832 848 880 942 1008 1008 972 928 876 849 811 773 776 681 661 671 658 -9999 -9999 -9999 -9999 -9999 -9999 -9999 -9999 -9999 -9999 -9999 -9999 -9999 -9999 -9999 -9999 -9999 -9999 -9999 -9999 -9999 -9999 -9999 -9999 1349 1550 1801 2024 1643 1119 824 706 697 -9999
768 745 745 753 753 750 750 745 736 725 718 701 702 714 751 750 777 795 834 824 838 858 861 873 883 863 861 869 861 871 860 882 880 905 948 1000 1022 974 949 872 855 -9999 -9999 763 727 -9999 -9999 -9999 -9999 -9999 -9999 -9999 -9999 -9999 -9999 -9999 -9999 -9999 -9999 -9999 -9999 -9999 -9999 -9999 -9999 -9999 -9999 -9999 -9999 -9999 -9999 -9999 1289 1546 1944 2237 1660 1196 -9999 720 696 -9999
841 820 805 794 784 780 773 767 759 751 739 724 731 745 765 782 798 822 863 864 887 891 895 914 919 897 895 894 894 895 900 924 920 902 988 1027 1050 997 931 -9999 -9999 -9999 -9999 -9999 -9999 -9999 -9999 -9999 -9999 -9999 -9999 -9999 -9999 -9999 -9999 -9999 -9999 -9999 -9999 -9999 -9999 -9999 -9999 -9999 -9999 -9999 -9999 -9999 -9999 -9999 -9999 -9999 -9999 1569 1893 2339 1605 -9999 -9999 -9999 -9999 -9999
919 891 865 839 821 808 795 785 773 768 753 758 760 771 783 799 816 848 898 902 912 917 939 949 941 931 924 926 939 928 940 947 942 880 923 1007 1043 962 -9999 -9999 -9999 -9999 -9999 -9999 -9999 -9999 -9999 -9999 -9999 -9999 -9999 -9999 -9999 -9999 -9999 -9999 -9999 -9999 -9999 -9999 -9999 -9999 -9999 -9999 -9999 -9999 -9999 -9999 -9999 -9999 -9999 -9999 -9999 1436 1725 1910 1497 -9999 -9999 -9999 -9999 -9999
1005 970 925 884 856 834 816 800 783 779 775 776 778 788 798 816 837 859 889 902 928 953 974 983 972 960 949 942 946 935 954 960 952 880 876 900 874 -9999 -9999 -9999 -9999 -9999 -9999 -9999 -9999 -9999 -9999 -9999 -9999 -9999 -9999 -9999 -9999 -9999 -9999 -9999 -9999 -9999 -9999 -9999 -9999 -9999 -9999 -9999 -9999 -9999 -9999 -9999 -9999 -9999 -9999 -9999 -9999 -9999 -9999 1509 1392 -9999 -9999 -9999 737 -9999
1103 1042 971 922 881 848 830 815 800 797 795 793 794 803 818 834 855 885 906 939 955 978 1013 1017 994 973 967 957 956 944 959 962 -9999 895 914 879 862 -9999 -9999 -9999 -9999 -9999 -9999 -9999 -9999 -9999 -9999 -9999 -9999 -9999 -9999 -9999 -9999 -9999 -9999 -9999 -9999 -9999 -9999 -9999 -9999 -9999 -9999 -9999 -9999 -9999 -9999 -9999 -9999 -9999 -9999 -9999 -9999 -9999 -9999 1276 1192 -9999 -9999 -9999 674 -9999
1193 1088 993 933 888 860 840 822 805 807 803 804 806 819 830 846 869 887 911 942 960 979 999 1006 1004 987 959 957 959 951 -9999 -9999 -9999 -9999 -9999 -9999 -9999 -9999 -9999 -9999 -9999 -9999 -9999 -9999 -9999 -9999 -9999 -9999 -9999 -9999 -9999 -9999 -9999 -9999 -9999 -9999 -9999 -9999 -9999 -9999 -9999 -9999 -9999 -9999 -9999 -9999 -9999 -9999 -9999 -9999 -9999 -9999 -9999 -9999 -9999 -9999 -9999 -9999 -9999 -9999 -9999 -9999
1218 1077 1024 915 872 846 844 827 810 806 813 813 820 830 839 853 879 895 916 931 961 979 988 991 992 961 962 955 941 -9999 -9999 -9999 -9999 -9999 -9999 -9999 -9999 -9999 -9999 -9999 -9999 -9999 -9999 -9999 -9999 -9999 -9999 -9999 -9999 -9999 -9999 -9999 -9999 -9999 -9999 -9999 -9999 -9999 -9999 -9999 -9999 -9999 -9999 -9999 -9999 -9999 -9999 -9999 -9999 -9999 -9999 -9999 -9999 -9999 -9999 -9999 -9999 -9999 -9999 -9999 -9999 -9999
-9999 -9999 -9999 -9999 -9999 858 832 817 819 792 804 817 824 830 847 858 876 884 901 920 -9999 -9999 -9999 -9999 -9999 -9999 -9999 -9999 -9999 -9999 -9999 -9999 -9999 -9999 -9999 -9999 -9999 -9999 -9999 -9999 -9999 -9999 -9999 -9999 -9999 -9999 -9999 -9999 -9999 -9999 -9999 -9999 -9999 -9999 -9999 -9999 -9999 -9999 -9999 -9999 -9999 -9999 -9999 -9999 -9999 -9999 -9999 -9999 -9999 -9999 -9999 -9999 -9999 -9999 -9999 -9999 -9999 -9999 -9999 -9999 -9999 -9999
-9999 -9999 -9999 -9999 -9999 -9999 -9999 -9999 -9999 801 812 814 826 833 841 851 -9999 -9999 -9999 -9999 -9999 -9999 -9999 -9999 -9999 -9999 -9999 -9999 -9999 -9999 -9999 -9999 -9999 -9999 -9999 -9999 -9999 -9999 -9999 -9999 -9999 -9999 -9999 -9999 -9999 -9999 -9999 -9999 -9999 -9999 -9999 -9999 -9999 -9999 -9999 -9999 -9999 -9999 -9999 -9999 -9999 -9999 -9999 -9999 -9999 -9999 -9999 -9999 -9999 -9999 -9999 -9999 -9999 -9999 -9999 -9999 -9999 -9999 -9999 -9999 -9999 -9999
-9999 -9999 -9999 -9999 -9999 777 -9999 -9999 -9999 802 813 817 806 823 843 -9999 -9999 -9999 -9999 -9999 -9999 -9999 -9999 -9999 -9999 -9999 -9999 -9999 -9999 -9999 -9999 -9999 -9999 -9999 -9999 -9999 -9999 -9999 -9999 -9999 -9999 -9999 -9999 -9999 -9999 -9999 -9999 -9999 -9999 -9999 -9999 -9999 -9999 -9999 -9999 -9999 -9999 -9999 -9999 -9999 -9999 -9999 -9999 -9999 -9999 -9999 -9999 -9999 -9999 -9999 -9999 -9999 -9999 -9999 -9999 -9999 -9999 -9999 -9999 -9999 -9999 -9999
-9999 -9999 -9999 -9999 -9999 -9999 765 -9999 -9999 791 807 811 793 805 817 -9999 -9999 -9999 -9999 -9999 -9999 -9999 -9999 -9999 -9999 -9999 -9999 -9999 -9999 -9999 -9999 -9999 -9999 -9999 -9999 -9999 -9999 -9999 -9999 -9999 -9999 -9999 -9999 -9999 -9999 -9999 -9999 -9999 -9999 -9999 -9999 -9999 -9999 -9999 -9999 -9999 -9999 -9999 -9999 -9999 -9999 -9999 -9999 -9999 -9999 -9999 -9999 -9999 -9999 -9999 -9999 -9999 -9999 -9999 -9999 -9999 -9999 -9999 -9999 -9999 -9999 -9999
-9999 -9999 -9999 -9999 -9999 -9999 -9999 -9999 -9999 781 799 810 816 812 -9999 -9999 -9999 -9999 -9999 -9999 -9999 -9999 -9999 -9999 -9999 -9999 -9999 -9999 -9999 -9999 -9999 -9999 -9999 -9999 -9999 -9999 -9999 -9999 -9999 -9999 -9999 -9999 -9999 -9999 -9999 -9999 -9999 -9999 -9999 -9999 -9999 1119 -9999 -9999 -9999 -9999 -9999 -9999 -9999 -9999 -9999 -9999 -9999 -9999 -9999 -9999 -9999 -9999 -9999 -9999 -9999 -9999 -9999 -9999 -9999 -9999 -9999 -9999 -9999 -9999 -9999 738
-9999 -9999 -9999 -9999 -9999 -9999 -9999 -9999 -9999 780 798 818 826 826 809 -9999 -9999 -9999 -9999 -9999 -9999 -9999 -9999 -9999 -9999 -9999 -9999 -9999 -9999 -9999 -9999 -9999 -9999 -9999 -9999 -9999 -9999 -9999 -9999 -9999 -9999 -9999 -9999 -9999 -9999 -9999 -9999 -9999 -9999 -9999 -9999 -9999 -9999 -9999 -9999 -9999 -9999 -9999 -9999 -9999 -9999 -9999 -9999 -9999 -9999 -9999 -9999 -9999 -9999 -9999 -9999 -9999 -9999 -9999 -9999 -9999 -9999 -9999 -9999 -9999 -9999 -9999
