02 cropping and modelling/wc2.1_10m_bio_12.asc
NCOLS 368 
NROWS 210 
XLLCORNER 67.1666666666667 
YLLCORNER 3.5 
CELLSIZE 0.166666666666667 
NODATA_value -9999 
[rows 140 to 174 of 210, columns 158 to 236 of 368]
-9999 -9999 -9999 -9999 -9999 -9999 -9999 -9999 -9999 -9999 -9999 -9999 -9999 -9999 -9999 -9999 -9999 -9999 -9999 -9999 -9999 -9999 -9999 -9999 -9999 4680 4194 3565 2880 2399 2015 1802 1587 1403 1270 1175 1116 1063 1004 937 893 886 938 991 1065 1141 1147 1089 1073 1055 1039 1024 1036 1065 1095 1120 1150 1196 1236 1272 1299 1316 1332 1347 1370 1401 1444 1502 1609 1818 1984 2005 2071 2121 2165 2258 2499 2511 2478
2964 -9999 -9999 -9999 -9999 -9999 -9999 -9999 -9999 -9999 -9999 -9999 -9999 -9999 -9999 -9999 -9999 -9999 -9999 -9999 -9999 -9999 -9999 -9999 -9999 4682 4398 3842 3079 2563 2138 1835 1613 1414 1267 1156 1094 1034 975 918 891 906 981 1024 1091 1144 1125 1081 1075 1074 1060 1045 1049 1069 1093 1122 1155 1196 1243 1292 1322 1332 1340 1348 1368 1402 1448 1496 1544 1633 1843 1980 2093 2182 2247 2328 2401 2426 2579
-9999 -9999 -9999 -9999 -9999 -9999 -9999 -9999 -9999 -9999 -9999 -9999 -9999 -9999 -9999 -9999 -9999 -9999 -9999 -9999 -9999 -9999 -9999 -9999 -9999 4807 4669 4165 3377 2776 2352 1952 1652 1444 1283 1158 1073 1030 977 933 916 943 1040 1110 1142 1182 1145 1126 1107 1102 1098 1083 1079 1082 1095 1114 1150 1196 1241 1292 1329 1349 1358 1355 1368 1410 1466 1519 1560 1628 1796 1964 2105 2244 2413 2523 2492 2484 2575
-9999 -9999 -9999 -9999 -9999 -9999 -9999 -9999 -9999 -9999 -9999 -9999 -9999 -9999 -9999 -9999 -9999 -9999 -9999 -9999 -9999 -9999 -9999 -9999 -9999 -9999 4850 4444 3689 2916 2493 2124 1711 1461 1296 1153 1071 1021 982 961 944 956 1044 1144 1224 1227 1159 1176 1155 1137 1128 1125 1109 1098 1094 1108 1137 1180 1238 1294 1345 1371 1381 1381 1392 1448 1513 1578 1636 1715 1826 1965 2124 2341 2549 2636 2554 2498 2538
-9999 -9999 -9999 -9999 -9999 -9999 -9999 -9999 -9999 -9999 -9999 -9999 -9999 -9999 -9999 -9999 -9999 -9999 -9999 -9999 -9999 -9999 -9999 -9999 -9999 5496 5105 4759 3864 3226 2625 2218 1797 1480 1261 1131 1050 1012 975 972 969 973 1022 1125 1234 1273 1166 1134 1155 1187 1150 1136 1129 1113 1091 1088 1116 1156 1232 1303 1366 1379 1379 1401 1431 1482 1549 1637 1707 1770 1854 1945 2058 2236 2411 2505 2478 2476 2602
-9999 -9999 -9999 -9999 -9999 -9999 -9999 -9999 -9999 -9999 -9999 -9999 -9999 -9999 -9999 -9999 -9999 -9999 -9999 -9999 -9999 -9999 -9999 -9999 -9999 5794 5371 5276 4685 3722 2904 2275 1848 1489 1230 1101 1034 992 956 948 972 992 1048 1134 1233 1320 1378 1299 1256 1236 1228 1154 1131 1109 1065 1043 1056 1114 1229 1363 1444 1428 1427 1441 1463 1516 1588 1687 1786 1799 1827 1876 1933 2018 2128 2225 2263 2332 2518
-9999 -9999 -9999 -9999 -9999 -9999 -9999 -9999 -9999 -9999 -9999 -9999 -9999 -9999 -9999 -9999 -9999 -9999 -9999 -9999 -9999 -9999 -9999 -9999 -9999 5912 -9999 5602 5212 3878 3105 2377 1874 1455 1184 1070 1015 975 968 968 1002 1035 1108 1168 1241 1325 1434 1491 1437 1386 1336 1254 1183 1131 1065 988 979 1069 1192 1325 1411 1410 1416 1435 1463 1516 1587 1681 1755 1773 1803 1822 1833 1834 1899 2006 2075 2174 2339
-9999 -9999 -9999 -9999 -9999 -9999 -9999 -9999 -9999 -9999 -9999 -9999 -9999 -9999 -9999 -9999 -9999 -9999 -9999 -9999 -9999 -9999 -9999 -9999 -9999 -9999 6149 5764 5400 4016 3166 2429 1903 1469 1182 1057 1001 980 990 1013 1049 1108 1168 1209 1235 1299 1391 1460 1455 1426 1388 1348 1291 1225 1128 1004 969 1042 1136 1248 1333 1368 1396 1424 1453 1503 1561 1630 1688 1717 1748 1767 1767 1771 1805 1889 1947 2095 2273
-9999 -9999 -9999 -9999 -9999 -9999 -9999 -9999 -9999 -9999 -9999 -9999 -9999 -9999 -9999 -9999 -9999 -9999 -9999 -9999 -9999 -9999 -9999 -9999 -9999 -9999 6191 5744 5350 4498 3331 2532 1930 1464 1194 1043 989 981 1009 1047 1123 1237 1358 1303 1241 1256 1332 1407 1436 1443 1437 1418 1382 1337 1269 1120 1046 1061 1105 1190 1271 1334 1363 1402 1426 1467 1525 1585 1650 1669 1696 1718 1735 1753 1785 1841 1917 2038 2170
-9999 -9999 -9999 -9999 -9999 -9999 -9999 -9999 -9999 -9999 -9999 -9999 -9999 -9999 -9999 -9999 -9999 -9999 -9999 -9999 -9999 -9999 -9999 -9999 -9999 -9999 -9999 5714 5412 4316 3384 2541 1940 1454 1185 995 965 984 1014 1059 1145 1235 1356 1343 1271 1234 1300 1369 1425 1456 1487 1486 1466 1423 1341 1205 1111 1084 1101 1148 1224 1302 1359 1371 1397 1425 1471 1524 1590 1622 1661 1692 1710 1735 1773 1825 1903 2006 2114
-9999 -9999 -9999 -9999 3938 -9999 -9999 -9999 -9999 -9999 -9999 -9999 -9999 -9999 -9999 -9999 -9999 -9999 -9999 -9999 -9999 -9999 -9999 -9999 -9999 -9999 -9999 -9999 -9999 4395 3618 2634 1882 1365 1162 965 917 963 996 1023 1069 1152 -9999 1290 1255 1278 1298 1354 1422 1483 1519 1580 1561 1505 1401 1261 1163 1136 1120 1140 1204 1296 1355 1351 1361 1378 1411 1468 1523 1589 1629 1664 1700 1731 1764 1851 1913 1983 2067
-9999 -9999 -9999 -9999 -9999 -9999 -9999 -9999 -9999 -9999 -9999 -9999 -9999 -9999 -9999 -9999 -9999 -9999 -9999 -9999 -9999 -9999 -9999 -9999 -9999 -9999 -9999 -9999 5498 4479 3933 2697 1722 1373 1245 1026 907 901 934 940 -9999 -9999 -9999 1219 1269 1260 1286 1345 1441 1528 1617 1663 1690 1638 1535 1385 1279 1228 1183 1148 1173 1229 1281 1306 1319 1329 1359 1424 1493 1560 1613 1651 1696 1739 1767 1828 1898 1966 2039
-9999 -9999 -9999 -9999 -9999 -9999 -9999 -9999 -9999 -9999 -9999 -9999 -9999 -9999 -9999 -9999 -9999 -9999 -9999 -9999 -9999 -9999 -9999 -9999 -9999 -9999 -9999 -9999 5454 -9999 4201 2948 1782 1563 1257 981 883 848 896 925 -9999 -9999 -9999 1223 1285 1272 1268 1348 1498 1636 1790 1813 1825 1839 1724 1575 1442 1347 1260 1163 1152 1179 1209 1222 1276 1297 1336 1415 1488 1552 1616 1667 1700 1748 1769 1813 1882 1951 2007
-9999 -9999 -9999 -9999 -9999 -9999 -9999 -9999 -9999 -9999 -9999 -9999 -9999 -9999 -9999 -9999 -9999 -9999 -9999 -9999 -9999 -9999 -9999 -9999 -9999 -9999 -9999 -9999 5597 -9999 4547 3298 1961 1497 1265 987 806 820 864 892 -9999 -9999 -9999 1169 1291 1297 1307 1419 1608 1797 1990 2042 2017 2043 1958 1795 1627 1456 1272 1144 1142 1178 1205 1220 1239 1273 1325 1419 1514 1587 1633 1689 1716 1747 1768 1817 1873 1926 1971
-9999 -9999 -9999 -9999 -9999 -9999 -9999 -9999 -9999 -9999 -9999 -9999 -9999 -9999 -9999 -9999 -9999 -9999 -9999 -9999 -9999 -9999 -9999 -9999 -9999 -9999 6207 -9999 5353 5208 4139 3272 2211 1542 1417 1115 858 817 853 -9999 -9999 -9999 -9999 1178 1269 1333 1419 1550 1757 1980 2240 2419 2467 2286 2077 2044 1839 1602 1355 1175 1210 1265 1292 1279 1276 1298 1382 1468 1549 1631 1676 1703 1726 1754 1778 1816 1853 1909 1964
-9999 -9999 -9999 -9999 -9999 -9999 -9999 -9999 -9999 -9999 -9999 -9999 -9999 -9999 -9999 -9999 -9999 -9999 -9999 -9999 -9999 -9999 -9999 -9999 -9999 6110 6075 -9999 5129 4801 3841 3298 2431 1751 1379 1259 882 847 872 -9999 -9999 -9999 -9999 -9999 1264 1314 1518 1637 1810 2087 2462 2764 2760 2788 2558 2324 2095 1848 1602 1419 1388 1410 1402 1379 1357 1367 1451 1536 1617 1674 1715 1737 1754 1767 1775 1795 1852 1907 1960
-9999 -9999 -9999 -9999 -9999 -9999 -9999 -9999 -9999 -9999 -9999 -9999 -9999 -9999 -9999 -9999 -9999 -9999 -9999 -9999 -9999 -9999 -9999 -9999 -9999 6017 5734 5522 4989 4609 3905 3321 2612 1976 1520 1305 980 901 918 -9999 -9999 -9999 -9999 -9999 -9999 -9999 -9999 -9999 -9999 -9999 -9999 2965 3115 3143 2986 2585 2256 2107 1923 1719 1592 1541 1456 1381 1393 1471 1550 1629 1632 1704 1804 1791 1801 1790 1796 1817 1879 1923 1987
-9999 3734 3793 -9999 -9999 -9999 -9999 -9999 -9999 -9999 -9999 -9999 -9999 -9999 -9999 -9999 -9999 -9999 -9999 -9999 -9999 -9999 -9999 -9999 -9999 5997 5731 5430 5030 4568 3924 3430 2846 2241 1678 1344 1162 1015 976 968 -9999 -9999 -9999 -9999 -9999 -9999 -9999 -9999 -9999 -9999 -9999 -9999 3285 3368 3320 2875 2517 2484 2203 1992 1796 1642 1503 1379 1383 1484 1634 1658 1635 1701 1804 1766 1776 1844 1855 1899 1933 1963 2022
-9999 -9999 -9999 -9999 -9999 -9999 -9999 -9999 -9999 -9999 -9999 -9999 -9999 -9999 -9999 -9999 -9999 -9999 -9999 -9999 -9999 -9999 -9999 -9999 6049 5976 5562 5333 4987 4442 3891 3545 3047 2464 1852 1492 1294 1110 1040 -9999 -9999 -9999 -9999 -9999 -9999 -9999 -9999 -9999 -9999 -9999 -9999 -9999 3286 3400 3527 3293 2602 2539 2402 2148 1995 1790 1605 1557 1561 1423 1487 1505 1538 1602 1660 1696 1809 1931 2007 2049 2057 2043 2105
-9999 -9999 -9999 -9999 -9999 -9999 -9999 -9999 -9999 -9999 -9999 -9999 -9999 -9999 -9999 -9999 -9999 -9999 -9999 -9999 -9999 -9999 -9999 -9999 6010 5971 5545 5465 4951 4405 4096 3627 3086 2519 1951 1563 1376 1175 1091 -9999 -9999 -9999 -9999 -9999 -9999 -9999 -9999 -9999 -9999 -9999 -9999 -9999 3418 3538 3856 3853 3292 3078 2666 2320 2139 2002 1775 1566 1491 1374 1340 1324 1404 1457 1540 1635 1809 1935 2131 2181 2271 2225 2279
-9999 -9999 -9999 -9999 -9999 -9999 -9999 -9999 -9999 -9999 -9999 -9999 -9999 -9999 -9999 -9999 -9999 -9999 -9999 -9999 -9999 -9999 -9999 6141 6072 5925 5475 5382 4911 4545 4154 3696 3120 2536 1986 1642 1373 1199 -9999 -9999 -9999 -9999 -9999 -9999 -9999 -9999 -9999 -9999 -9999 -9999 -9999 -9999 -9999 3721 3826 -9999 3952 3471 2914 2572 2332 2091 1846 1624 1462 1348 1284 1273 1302 1399 1471 1551 1642 1863 2207 2150 2218 2233 2302
-9999 -9999 -9999 -9999 -9999 -9999 -9999 -9999 -9999 -9999 -9999 -9999 -9999 -9999 -9999 -9999 -9999 -9999 -9999 -9999 -9999 -9999 -9999 -9999 6054 -9999 -9999 5325 4985 4528 4382 3636 3150 2539 2005 1681 1384 1183 -9999 -9999 -9999 -9999 -9999 -9999 -9999 -9999 -9999 -9999 -9999 -9999 -9999 -9999 -9999 -9999 3802 -9999 4101 3707 3227 2836 2504 2220 1947 1715 1496 1338 1257 1269 1318 1318 1379 1430 1477 1607 1884 2061 2143 2179 2255
-9999 -9999 -9999 -9999 -9999 -9999 -9999 -9999 -9999 -9999 -9999 -9999 -9999 -9999 -9999 -9999 -9999 -9999 -9999 -9999 -9999 -9999 -9999 -9999 -9999 -9999 5380 5208 5009 4499 4425 3739 3195 2543 2038 1692 1351 -9999 -9999 -9999 -9999 -9999 -9999 -9999 -9999 -9999 -9999 -9999 -9999 -9999 -9999 -9999 -9999 -9999 -9999 -9999 3718 3646 3364 2989 2661 2370 2093 1853 1567 1352 1237 1252 1281 1292 1312 1354 1362 1409 1674 1923 2087 2166 2260
-9999 -9999 -9999 -9999 -9999 -9999 -9999 -9999 -9999 -9999 -9999 -9999 -9999 -9999 -9999 -9999 -9999 -9999 -9999 -9999 -9999 -9999 -9999 -9999 -9999 -9999 5438 5303 4901 -9999 4356 3724 3151 2510 2077 1687 1465 -9999 -9999 -9999 -9999 -9999 -9999 -9999 -9999 -9999 -9999 -9999 -9999 -9999 -9999 -9999 -9999 -9999 -9999 -9999 3617 3483 3304 3051 2795 2527 2250 1986 1698 1438 1292 1260 1274 1271 1295 1350 1395 1487 1630 1809 2031 2141 2187
-9999 -9999 -9999 -9999 -9999 -9999 -9999 -9999 -9999 -9999 -9999 -9999 -9999 -9999 -9999 -9999 -9999 -9999 -9999 -9999 -9999 -9999 -9999 -9999 -9999 -9999 -9999 -9999 4657 4300 4075 3595 3015 2452 2057 1719 1502 -9999 -9999 -9999 -9999 -9999 -9999 -9999 -9999 -9999 -9999 -9999 -9999 -9999 -9999 -9999 -9999 -9999 -9999 -9999 -9999 3357 3258 3096 2791 2683 2467 2158 1879 1580 1352 1315 1309 1283 1313 1374 1451 1562 1588 1675 1873 2018 2078
-9999 -9999 -9999 -9999 -9999 -9999 -9999 -9999 -9999 -9999 -9999 -9999 -9999 -9999 -9999 -9999 -9999 -9999 -9999 -9999 -9999 -9999 -9999 -9999 -9999 -9999 5295 4974 4798 4245 3879 3396 2876 2387 1997 1727 1593 -9999 -9999 -9999 -9999 -9999 -9999 -9999 -9999 -9999 -9999 -9999 -9999 -9999 -9999 -9999 -9999 -9999 -9999 -9999 -9999 3277 3234 3121 2805 2849 2668 2384 2145 1773 1519 1410 1355 1317 1328 1371 1433 1499 1517 1572 1772 1890 1944
-9999 -9999 -9999 -9999 -9999 -9999 -9999 -9999 -9999 -9999 -9999 -9999 -9999 -9999 -9999 -9999 -9999 -9999 -9999 -9999 -9999 -9999 -9999 -9999 -9999 -9999 -9999 -9999 4590 4021 3734 3256 2742 2261 1932 1745 -9999 -9999 -9999 -9999 -9999 -9999 -9999 -9999 -9999 -9999 -9999 -9999 -9999 -9999 -9999 -9999 -9999 -9999 -9999 -9999 -9999 -9999 3143 -9999 2997 3037 2886 2623 2460 1959 1652 1471 1383 1346 1337 1370 1421 1450 1461 1510 1617 1718 1775
-9999 -9999 -9999 -9999 -9999 -9999 -9999 -9999 -9999 -9999 -9999 -9999 -9999 -9999 -9999 -9999 -9999 -9999 -9999 -9999 -9999 -9999 -9999 -9999 -9999 -9999 5012 4928 4574 3966 3683 3138 2631 2161 1877 -9999 -9999 -9999 -9999 -9999 -9999 -9999 -9999 -9999 -9999 -9999 -9999 -9999 -9999 -9999 -9999 -9999 -9999 -9999 -9999 -9999 -9999 -9999 3100 3077 3119 3283 3453 3068 2568 2024 1737 1562 1464 1411 1373 1373 1422 1427 1418 1414 1469 1548 1557
-9999 -9999 -9999 -9999 -9999 -9999 -9999 -9999 -9999 -9999 -9999 -9999 -9999 -9999 -9999 -9999 -9999 -9999 -9999 -9999 -9999 -9999 -9999 -9999 -9999 5289 5032 4645 4519 3901 3614 3109 2619 2137 1836 1696 -9999 -9999 -9999 -9999 -9999 -9999 -9999 -9999 -9999 -9999 -9999 -9999 -9999 -9999 -9999 -9999 -9999 -9999 -9999 -9999 3049 -9999 -9999 -9999 3173 3422 3508 3306 2224 1952 1812 1685 1601 1513 1442 1400 1446 1432 1396 1352 1333 1413 1369
-9999 -9999 -9999 -9999 -9999 -9999 -9999 -9999 -9999 -9999 -9999 -9999 -9999 -9999 -9999 -9999 -9999 -9999 -9999 -9999 -9999 -9999 -9999 -9999 -9999 -9999 4880 4721 4499 3945 3658 3071 2555 2117 1893 -9999 -9999 -9999 -9999 -9999 -9999 -9999 -9999 -9999 -9999 -9999 -9999 -9999 -9999 -9999 -9999 -9999 -9999 -9999 -9999 -9999 -9999 3036 3054 -9999 -9999 -9999 3346 3144 2298 2251 1922 1824 1752 1671 1568 1495 1475 1446 1408 1366 1366 1398 1323
-9999 -9999 -9999 -9999 -9999 -9999 -9999 -9999 -9999 -9999 -9999 -9999 -9999 -9999 -9999 -9999 -9999 -9999 -9999 -9999 -9999 -9999 -9999 -9999 -9999 -9999 4813 4618 4425 4027 3731 3061 2504 1988 1758 -9999 -9999 1514 1515 -9999 -9999 -9999 -9999 -9999 -9999 -9999 -9999 -9999 -9999 -9999 -9999 -9999 -9999 -9999 -9999 -9999 -9999 -9999 -9999 -9999 -9999 -9999 3063 2994 -9999 2172 2056 -9999 1864 1847 1738 1630 1551 1499 1439 1420 1439 1434 1377
-9999 -9999 -9999 -9999 -9999 -9999 -9999 -9999 -9999 -9999 -9999 -9999 -9999 -9999 -9999 -9999 -9999 -9999 -9999 -9999 -9999 -9999 -9999 -9999 -9999 -9999 -9999 4450 4389 3884 3545 2935 2320 1825 -9999 -9999 -9999 -9999 -9999 -9999 -9999 -9999 -9999 -9999 -9999 -9999 -9999 -9999 -9999 -9999 -9999 -9999 -9999 -9999 -9999 -9999 2783 -9999 -9999 -9999 -9999 -9999 2911 2869 -9999 -9999 -9999 2045 2078 2011 1878 1753 1655 1575 1504 1475 1507 1503 1436
-9999 -9999 -9999 -9999 -9999 -9999 -9999 -9999 -9999 -9999 -9999 -9999 -9999 -9999 -9999 -9999 -9999 -9999 -9999 -9999 -9999 -9999 -9999 -9999 -9999 -9999 4469 4455 4294 3742 3271 2742 2260 1833 -9999 -9999 -9999 -9999 1614 1637 -9999 -9999 -9999 -9999 -9999 -9999 -9999 -9999 -9999 -9999 -9999 -9999 -9999 -9999 -9999 -9999 -9999 -9999 -9999 -9999 -9999 -9999 -9999 2872 -9999 2486 2246 -9999 2151 2087 1989 1884 1778 1689 1601 1513 1542 1547 1519
-9999 -9999 -9999 -9999 -9999 -9999 -9999 -9999 -9999 -9999 -9999 -9999 -9999 -9999 -9999 -9999 -9999 -9999 -9999 -9999 -9999 -9999 -9999 -9999 -9999 -9999 4385 4228 -9999 3317 3048 2620 2161 1805 1670 -9999 -9999 -9999 1671 1687 -9999 -9999 -9999 -9999 -9999 -9999 -9999 -9999 -9999 -9999 -9999 -9999 -9999 -9999 -9999 -9999 -9999 -9999 -9999 -9999 -9999 -9999 -9999 -9999 -9999 2469 -9999 -9999 2222 2169 2093 1994 1900 1824 1769 1665 1626 1593 1580
-9999 -9999 -9999 -9999 -9999 -9999 -9999 -9999 -9999 -9999 -9999 -9999 -9999 -9999 -9999 -9999 -9999 -9999 -9999 -9999 -9999 -9999 -9999 -9999 -9999 -9999 4291 -9999 -9999 3228 2977 2530 2065 1770 1640 -9999 -9999 -9999 1691 1707 -9999 -9999 -9999 -9999 -9999 -9999 -9999 -9999 -9999 -9999 -9999 -9999 -9999 -9999 -9999 -9999 -9999 -9999 -9999 -9999 -9999 -9999 -9999 -9999 -9999 -9999 -9999 2299 2279 2228 2161 2098 2028 1950 1874 1802 1723 -9999 -9999
