02 cropping and modelling/wc2.1_10m_bio_5.asc
NCOLS 368 
NROWS 210 
XLLCORNER 67.1666666666667 
YLLCORNER 3.5 
CELLSIZE 0.166666666666667 
NODATA_value -9999 
[rows 81 to 107 of 210, columns 60 to 119 of 368]
-9999 -9999 -9999 -9999 -9999 -9999 42.8262519836426 42.7992515563965 42.8262481689453 42.9290008544922 42.8274993896484 43.0154991149902 42.8747520446777 42.7285003662109 42.4560012817383 42.8294982910156 43.0282516479492 43.1684989929199 42.8914985656738 42.0115013122559 41.5732498168945 41.4824981689453 41.257251739502 41.1447486877441 41.3050003051758 42.1035003662109 41.6967506408691 41.523250579834 42.2437515258789 41.9522514343262 41.9192504882812 41.5397491455078 41.2157516479492 41.2044982910156 41.0455017089844 40.8907508850098 40.6805000305176 40.7687492370605 40.9312515258789 41.5642509460449 41.778751373291 41.4057502746582 41.4799995422363 41.5157508850098 41.2709999084473 41.0647506713867 40.7690010070801 40.513500213623 40.3224983215332 40.0427513122559 40.0352516174316 40.0379981994629 39.5957489013672 39.2167510986328 39.5267486572266 39.1257514953613 38.8022499084473 38.2664985656738 38.173999786377 38.1139984130859
-9999 -9999 -9999 -9999 -9999 -9999 -9999 -9999 42.8969993591309 42.7734985351562 42.6160011291504 42.5702514648438 42.8580017089844 42.6829986572266 42.4609985351562 42.6947479248047 42.5834999084473 42.0299987792969 41.5260009765625 41.664249420166 41.7037506103516 41.8435020446777 41.929500579834 41.8127517700195 41.8032493591309 41.6189994812012 41.4379997253418 41.2434997558594 41.0202484130859 40.8487510681152 41.2869987487793 41.6087493896484 41.273250579834 41.0427513122559 40.8655014038086 40.7647514343262 40.6049995422363 40.4002494812012 40.048999786377 40.0255012512207 39.9080009460449 41.265251159668 41.7147483825684 41.6059989929199 41.3595008850098 41.195499420166 40.8832511901855 40.6450004577637 40.4827499389648 40.335750579834 39.8445014953613 39.3279991149902 38.9522514343262 38.9650001525879 39.648998260498 39.0657501220703 38.6204986572266 38.3935012817383 38.2540016174316 38.1015014648438
-9999 -9999 -9999 -9999 -9999 -9999 -9999 -9999 -9999 42.7462501525879 42.5672492980957 42.6927490234375 42.677001953125 42.0979995727539 42.0317497253418 42.0722503662109 41.6872482299805 41.6614990234375 42.1757507324219 42.2932510375977 42.2434997558594 42.125 42.0675010681152 41.9932479858398 41.8015022277832 41.6599998474121 41.4807510375977 41.2022514343262 41.0890007019043 41.2770004272461 41.4630012512207 41.46875 41.2949981689453 41.482250213623 41.1602516174316 40.6365013122559 40.0750007629395 40.0332489013672 39.9262504577637 40.0229988098145 40.7540016174316 41.4482498168945 41.507999420166 41.0762481689453 40.6515007019043 41.1149978637695 40.9967498779297 40.7859992980957 40.4317512512207 39.6769981384277 39.0364990234375 38.9652481079102 39.367000579834 38.8227500915527 38.8762512207031 38.6749992370605 38.5200004577637 38.4452514648438 38.1357498168945 37.8274993896484
-9999 -9999 -9999 -9999 -9999 -9999 -9999 -9999 -9999 -9999 -9999 42.4977493286133 42.1684989929199 41.7592506408691 41.8027496337891 42.0410003662109 42.6487503051758 42.7477493286133 42.5584983825684 42.0712509155273 41.2705001831055 41.5397491455078 41.9794998168945 41.9162483215332 41.6049995422363 41.40625 41.6295013427734 41.7817497253418 41.59375 41.4850006103516 41.53125 40.820499420166 40.9657516479492 41.2932510375977 41.3650016784668 41.3009986877441 41.2589988708496 41.2154998779297 41.0595016479492 41.3924980163574 41.0507507324219 41.0374984741211 41.0854988098145 40.8137512207031 40.9992485046387 40.898998260498 40.5687484741211 40.2174987792969 39.5369987487793 39.1382484436035 39.2099990844727 39.0914993286133 38.944751739502 38.7960014343262 38.6459999084473 38.6707496643066 38.7097511291504 38.3740005493164 37.9830017089844 38.070499420166
-9999 -9999 -9999 -9999 -9999 -9999 -9999 -9999 -9999 -9999 -9999 -9999 42.0094985961914 41.9457511901855 42.4729995727539 42.9650001525879 42.833251953125 42.4845008850098 42.3819999694824 41.8795013427734 41.0187492370605 41.6712493896484 41.7637481689453 41.310001373291 40.7532501220703 41.6474990844727 41.349250793457 41.0800018310547 41.0929985046387 41.0634994506836 41.0137481689453 40.7975006103516 40.7350006103516 40.8802490234375 40.431999206543 40.7215003967285 41.109001159668 40.9355010986328 40.9942512512207 41.2929992675781 41.336498260498 40.9102516174316 40.4420013427734 40.1780014038086 40.1422500610352 40.0514984130859 39.5625 39.4502487182617 39.2815017700195 39.1269989013672 39.3800010681152 39.4814987182617 39.40625 39.2470016479492 38.9469985961914 38.8014984130859 38.8417510986328 38.5487518310547 38.0310020446777 38.0664978027344
-9999 -9999 -9999 -9999 -9999 -9999 -9999 -9999 -9999 -9999 -9999 -9999 -9999 -9999 43.0972480773926 42.960750579834 42.1904983520508 42.4362487792969 42.4415016174316 42.2742500305176 41.4925003051758 41.9290008544922 41.6754989624023 41.1052513122559 40.5532493591309 41.5767517089844 41.1942481994629 40.7772483825684 41.2507514953613 41.0037498474121 40.7192497253418 40.5262489318848 41.0517501831055 39.375 39.6172485351562 40.6669998168945 41.179500579834 40.7622489929199 40.6399993896484 40.9367485046387 41.216251373291 41.1162490844727 40.9879989624023 40.5357513427734 39.9172515869141 39.2167510986328 38.8414993286133 38.6570014953613 38.3897514343262 38.2297515869141 38.2540016174316 38.7705001831055 39.2767486572266 39.0675010681152 39.318000793457 39.2192497253418 38.8865013122559 38.7080001831055 38.3554992675781 38.1532516479492
-9999 -9999 -9999 -9999 -9999 -9999 -9999 -9999 -9999 -9999 -9999 -9999 -9999 -9999 -9999 42.7227516174316 42.2039985656738 42.1435012817383 42.2177505493164 42.1732482910156 42.226001739502 42.2237510681152 41.8812484741211 41.6455001831055 41.5342483520508 41.4192504882812 41.0200004577637 40.2622489929199 40.0074996948242 39.4964981079102 40.3732490539551 39.7294998168945 41.1909980773926 41.056999206543 40.7639999389648 40.3359985351562 40.3759994506836 40.0340003967285 39.8007507324219 39.8660011291504 40.3795013427734 40.4505004882812 40.5429992675781 39.927001953125 39.3844985961914 38.9622497558594 38.6897506713867 38.5682487487793 38.2719993591309 38.1977500915527 37.9262504577637 38.4020004272461 39.0349998474121 38.7560005187988 38.7902488708496 38.8332481384277 39.0507507324219 38.7112503051758 38.6909980773926 38.4722480773926
-9999 -9999 -9999 -9999 -9999 -9999 -9999 -9999 -9999 -9999 -9999 -9999 -9999 -9999 -9999 -9999 41.9187507629395 41.6192512512207 41.9982490539551 42.0195007324219 41.9887504577637 42.1747512817383 41.2709999084473 41.3429985046387 41.8764991760254 41.1067504882812 41.0482482910156 40.6334991455078 39.8209991455078 39.0989990234375 39.1672515869141 38.5984992980957 38.9417495727539 40.3907508850098 40.023998260498 39.8237495422363 39.5842514038086 39.1637496948242 39.7830009460449 39.7877502441406 39.7560005187988 39.6807518005371 39.4695014953613 39.5087509155273 39.6585006713867 38.7864990234375 39.015251159668 38.9207496643066 38.9162483215332 39.1972503662109 39.1812515258789 38.7244987487793 39.408748626709 39.5062484741211 39.5597496032715 39.4297485351562 39.119499206543 38.857250213623 38.8530006408691 38.6204986572266
-9999 -9999 -9999 -9999 -9999 -9999 -9999 -9999 -9999 -9999 -9999 -9999 -9999 -9999 -9999 -9999 -9999 42.0957489013672 41.859001159668 41.2092514038086 41.8440017700195 41.7355003356934 41.359001159668 41.0412483215332 41.4715003967285 41.1502494812012 40.4900016784668 40.1372489929199 39.1682510375977 38.2012481689453 38.0582504272461 38.0209999084473 38.0627479553223 39.0970001220703 39.0007514953613 39.3865013122559 39.0950012207031 38.7072486877441 38.4599990844727 39.2125015258789 37.711498260498 37.9049987792969 37.3894996643066 37.6812515258789 37.1307487487793 38.0097503662109 38.0807495117188 37.9199981689453 37.9889984130859 38.1829986572266 38.9782485961914 39.0977516174316 38.8252487182617 39.4937515258789 39.6232490539551 39.6202507019043 39.3772506713867 38.9300003051758 38.8642501831055 38.7024993896484
-9999 -9999 -9999 -9999 -9999 -9999 -9999 -9999 -9999 -9999 -9999 -9999 -9999 -9999 -9999 -9999 -9999 -9999 42.1027488708496 41.7270011901855 41.5820007324219 41.2224998474121 41.6700019836426 41.4652519226074 41.2602500915527 41.5567512512207 41.0260009765625 40.4005012512207 39.640251159668 39.1575012207031 38.3627510070801 38.3727493286133 38.6807518005371 39.7919998168945 39.648998260498 39.6712493896484 39.3312492370605 38.7249984741211 37.193000793457 37.1342506408691 36.0347518920898 37.6672515869141 36.580249786377 36.9005012512207 37.0737495422363 37.775749206543 37.452751159668 37.1614990234375 37.1042518615723 37.2897491455078 37.6192512512207 38.5292510986328 38.8429985046387 39.1215019226074 39.4472503662109 39.4604988098145 39.2317504882812 39.0769996643066 38.8207511901855 38.5584983825684
-9999 -9999 -9999 -9999 -9999 -9999 -9999 -9999 -9999 -9999 -9999 -9999 -9999 -9999 -9999 -9999 -9999 -9999 -9999 41.7075004577637 41.5142517089844 40.8077507019043 40.0449981689453 40.2700004577637 40.7270011901855 41.3387489318848 41.122501373291 40.7955017089844 40.398250579834 40.2197494506836 40.4207496643066 39.7705001831055 39.9075012207031 39.9717483520508 39.9360008239746 39.6002502441406 39.5582504272461 39.002498626709 37.7430000305176 37.0315017700195 36.9584999084473 36.9464988708496 36.5942497253418 37.2465019226074 38.1015014648438 37.9232482910156 37.4422492980957 36.9952507019043 37.0444984436035 37.346248626709 38.5250015258789 39.2719993591309 39.2519989013672 38.0859985351562 38.9519996643066 39.2335014343262 39.0685005187988 38.9332504272461 38.7080001831055 38.5792503356934
-9999 -9999 -9999 -9999 -9999 -9999 -9999 -9999 -9999 -9999 -9999 -9999 -9999 -9999 -9999 -9999 -9999 -9999 -9999 -9999 40.6392517089844 40.5877494812012 40.1464996337891 38.6637496948242 39.5934982299805 40.2630004882812 40.1624984741211 40.5965003967285 40.4444999694824 40.3817520141602 41.1047515869141 40.8030014038086 40.8262481689453 40.2464981079102 39.9114990234375 39.6862487792969 39.0820007324219 38.6692504882812 36.8827514648438 36.7727508544922 36.611499786377 36.6597518920898 37.7932510375977 36.9995002746582 38.135498046875 38.163501739502 38.1129989624023 37.7669982910156 37.3264999389648 37.5682487487793 38.7389984130859 39.3554992675781 39.3037490844727 38.7642517089844 38.8487510681152 38.9495010375977 38.7857513427734 38.5885009765625 38.382251739502 38.1447486877441
-9999 -9999 -9999 -9999 -9999 -9999 -9999 -9999 -9999 -9999 -9999 -9999 -9999 -9999 -9999 -9999 -9999 -9999 -9999 -9999 -9999 40.7304992675781 40.5255012512207 40.252498626709 39.9387512207031 39.4807510375977 38.4249992370605 39.0909996032715 39.9290008544922 40.0794982910156 40.8735008239746 41.2415008544922 40.8264999389648 40.1342506408691 39.7497482299805 39.1172485351562 38.2330017089844 38.6557502746582 38.7179985046387 38.7382507324219 37.6495018005371 37.1455001831055 37.6339988708496 37.6652488708496 37.8520011901855 38.4440002441406 38.3082504272461 38.2449989318848 37.3512496948242 37.2140007019043 37.65625 37.8017501831055 38.1167488098145 38.6757507324219 38.0582504272461 38.4124984741211 38.4127502441406 38.096248626709 38.1559982299805 38.0097503662109
-9999 -9999 -9999 -9999 -9999 -9999 -9999 -9999 -9999 -9999 -9999 -9999 -9999 -9999 -9999 -9999 -9999 -9999 -9999 -9999 -9999 -9999 40.3427505493164 39.5597496032715 38.8657493591309 39.3880004882812 38.6627502441406 37.4490013122559 39.4667510986328 39.6862487792969 40.0374984741211 40.7864990234375 40.3235015869141 40.0929985046387 39.3242492675781 38.0102500915527 37.911750793457 38.9000015258789 39.4932518005371 39.2202491760254 39.9462509155273 38.8395004272461 38.6872482299805 38.6985015869141 38.3867492675781 38.28125 38.4082489013672 38.2099990844727 37.9575004577637 37.0929985046387 38.5077514648438 39.0494995117188 39.0144996643066 39.0120010375977 38.5847511291504 38.1920013427734 37.5097503662109 37.757251739502 37.9857482910156 37.7669982910156
-9999 -9999 -9999 -9999 -9999 -9999 -9999 -9999 -9999 -9999 -9999 -9999 -9999 -9999 -9999 -9999 -9999 -9999 -9999 -9999 -9999 -9999 -9999 39.5190010070801 38.2357482910156 37.5584983825684 37.4207496643066 38.5932502746582 39.8120002746582 39.7454986572266 38.7797508239746 39.8390007019043 40.9512481689453 39.111499786377 38.5812492370605 40.185001373291 40.3387489318848 40.0859985351562 40.0180015563965 40.3552513122559 40.3537521362305 39.5617485046387 40.017749786377 39.7372512817383 39.03125 38.4882507324219 38.7760009765625 38.5620002746582 38.3974990844727 38.3062515258789 38.3784980773926 38.673999786377 38.9937515258789 38.708251953125 38.2714996337891 37.8919982910156 38.1382484436035 38.0789985656738 37.9782485961914 37.8574981689453
-9999 -9999 -9999 -9999 -9999 -9999 -9999 -9999 -9999 -9999 -9999 -9999 -9999 -9999 -9999 -9999 -9999 -9999 -9999 -9999 -9999 -9999 -9999 38.7924995422363 39.6252517700195 40.0914993286133 40.6155014038086 39.9889984130859 39.9280014038086 41.1837501525879 40.8847503662109 41.3367500305176 42.1172485351562 41.4080009460449 40.0242500305176 41.4947509765625 41.0219993591309 40.2014999389648 39.9172515869141 40.4817504882812 40.757251739502 40.1812515258789 40.09375 40.2937507629395 40.1997489929199 39.8537483215332 40.068000793457 39.3627510070801 38.8967514038086 37.9307518005371 37.786750793457 38.5907516479492 38.736499786377 38.34375 37.1547508239746 37.6162490844727 37.8627510070801 38.0154991149902 37.783748626709 37.7687492370605
-9999 -9999 -9999 -9999 -9999 -9999 -9999 -9999 -9999 -9999 -9999 -9999 -9999 -9999 -9999 -9999 -9999 -9999 -9999 -9999 -9999 -9999 -9999 -9999 41.451000213623 41.8782501220703 42.297248840332 41.7830009460449 41.7039985656738 41.929500579834 41.8317489624023 41.7680015563965 42.4114990234375 42.2695007324219 41.5587501525879 41.9075012207031 41.0852508544922 41.2827491760254 40.2037506103516 40.3227500915527 40.7047500610352 40.9737510681152 40.4412498474121 40.6389999389648 40.5149993896484 40.3757514953613 40.1095008850098 38.877498626709 37.3745002746582 37.5652503967285 37.7257499694824 37.4724998474121 37.3709983825684 37.8914985656738 37.0172500610352 36.5670013427734 37.9140014648438 37.8287506103516 37.6334991455078 37.4727516174316
-9999 -9999 -9999 -9999 -9999 -9999 -9999 -9999 -9999 -9999 -9999 -9999 -9999 -9999 -9999 -9999 -9999 -9999 -9999 -9999 -9999 -9999 -9999 -9999 42.3917503356934 42.661750793457 42.8617515563965 42.7799987792969 42.6150016784668 42.4119987487793 42.2807502746582 42.0890007019043 42.163501739502 42.5174980163574 42.2227516174316 42.226001739502 41.8684997558594 41.8665008544922 41.1882514953613 40.9830017089844 41.3512496948242 41.2127494812012 40.9917488098145 39.8667488098145 38.9850006103516 39.4249992370605 39.5477485656738 37.8347511291504 36.5147514343262 37.2190017700195 37.6674995422363 37.5340003967285 37.0714988708496 36.9184989929199 36.0330009460449 36.310001373291 37.5042495727539 37.513500213623 37.3107490539551 36.963249206543
-9999 -9999 -9999 -9999 -9999 -9999 -9999 -9999 -9999 -9999 -9999 -9999 -9999 -9999 -9999 -9999 -9999 -9999 -9999 -9999 -9999 -9999 -9999 -9999 42.9482498168945 42.9435005187988 43.1030006408691 42.9412498474121 42.8199996948242 42.8757514953613 42.7372512817383 42.213249206543 42.1769981384277 42.7257499694824 42.7007484436035 42.6879997253418 42.4689979553223 42.1775016784668 41.4257507324219 41.0737495422363 41.7277488708496 41.5485000610352 41.15625 40.3447494506836 37.8747482299805 38.9044990539551 39.8325004577637 38.1517486572266 36.3702507019043 36.7862510681152 37.5519981384277 37.4674987792969 37.0605010986328 36.09375 33.6324996948242 33.0587501525879 35.413501739502 37.1674995422363 36.9824981689453 36.5577507019043
-9999 -9999 -9999 -9999 -9999 -9999 -9999 -9999 -9999 -9999 -9999 -9999 -9999 -9999 -9999 -9999 -9999 -9999 -9999 -9999 -9999 -9999 -9999 -9999 43.1687507629395 43.0919990539551 43.1032485961914 42.9312515258789 42.8465003967285 43.1122512817383 43.0799980163574 42.9957504272461 42.8460006713867 42.7907485961914 42.8445014953613 42.8272514343262 42.6172485351562 42.5340003967285 41.7527503967285 41.2874984741211 41.8912506103516 41.6297492980957 41.408748626709 40.783748626709 38.8147506713867 39.2177505493164 40.3017501831055 38.1492500305176 35.9785003662109 36.6912498474121 37.3264999389648 37.2849998474121 36.929500579834 35.6554985046387 32.5272483825684 32.3872489929199 36.2782516479492 36.7667503356934 36.484748840332 36.1327476501465
-9999 -9999 -9999 -9999 -9999 -9999 -9999 -9999 -9999 -9999 -9999 -9999 -9999 -9999 -9999 -9999 -9999 -9999 -9999 -9999 -9999 -9999 -9999 -9999 -9999 42.9842491149902 42.7734985351562 42.8582496643066 42.8935012817383 42.8450012207031 42.8907508850098 42.6069984436035 42.2887496948242 42.4052505493164 42.6532516479492 42.6162490844727 42.4047508239746 42.395751953125 41.4700012207031 40.6214981079102 40.9029998779297 41.3247489929199 40.6315002441406 40.033748626709 38.9379997253418 38.8967514038086 39.5875015258789 38.5320014953613 36.9832496643066 36.1980018615723 36.1027488708496 36.8904991149902 36.8752517700195 36.2545013427734 33.7044982910156 34.4317512512207 36.6547508239746 36.4947509765625 36.0597496032715 35.729320526123
-9999 -9999 -9999 -9999 -9999 -9999 -9999 -9999 -9999 -9999 -9999 -9999 -9999 -9999 -9999 -9999 -9999 -9999 -9999 -9999 -9999 -9999 -9999 -9999 -9999 42.7560005187988 42.6155014038086 42.5412483215332 42.4852485656738 42.5900001525879 42.1834983825684 41.4905014038086 41.3474998474121 42.0400009155273 42.1419982910156 42.1375007629395 42.048999786377 42.3907508850098 41.9927520751953 41.0320014953613 41.2332496643066 41.242748260498 40.5302505493164 38.3515014648438 39.5632514953613 40.0767517089844 39.5627517700195 39.525749206543 38.3712501525879 37.7065010070801 35.9437484741211 36.5834999084473 36.5750007629395 36.3235015869141 35.8287506103516 35.9700012207031 35.4309997558594 35.7439994812012 35.7922859191895 35.406665802002
-9999 -9999 -9999 -9999 -9999 -9999 -9999 -9999 -9999 -9999 -9999 -9999 -9999 -9999 -9999 -9999 -9999 -9999 -9999 -9999 -9999 -9999 -9999 -9999 -9999 42.3347511291504 42.1889991760254 42.3255004882812 41.919750213623 41.9734992980957 41.6167488098145 41.6279983520508 42.0607490539551 41.8992500305176 42.2922515869141 42.4039993286133 41.9972496032715 42.2335014343262 41.3930015563965 40.7557487487793 41.117748260498 41.1394996643066 39.786750793457 39.8192481994629 39.9442520141602 40.0390014648438 39.8250007629395 39.4169998168945 39.0557479858398 38.0967483520508 36.6862487792969 35.6637496948242 36.7472496032715 37.0665016174316 36.318000793457 36.4507484436035 36.3162498474121 36.0719680786133 35.6484375 -9999
-9999 -9999 -9999 -9999 -9999 -9999 -9999 -9999 -9999 -9999 -9999 -9999 -9999 -9999 -9999 -9999 -9999 -9999 -9999 -9999 -9999 -9999 -9999 -9999 -9999 42.0139999389648 41.7442512512207 41.7927513122559 41.6764984130859 41.7977485656738 41.3952484130859 41.5945014953613 41.9734992980957 41.9882507324219 42.1352500915527 42.041748046875 42.1100006103516 42.2195014953613 41.0519981384277 40.6912498474121 41.1222496032715 40.9892501831055 40.4874992370605 39.8899993896484 38.653751373291 39.3414993286133 40.1080017089844 39.5364990234375 38.9897499084473 38.1814994812012 37.430248260498 36.0237503051758 36.5149993896484 37.0902481079102 36.8602485656738 36.5909996032715 36.2229995727539 36.0002517700195 35.6195640563965 -9999
-9999 -9999 -9999 -9999 -9999 -9999 -9999 -9999 -9999 -9999 -9999 -9999 -9999 -9999 -9999 -9999 -9999 -9999 -9999 -9999 -9999 -9999 -9999 -9999 -9999 42.036750793457 41.4625015258789 41.1842498779297 41.2962493896484 41.4507484436035 41.2999992370605 41.5167503356934 41.7632484436035 41.3802490234375 40.5584983825684 41.6352500915527 41.9497489929199 42.1847496032715 41.9042510986328 41.6925010681152 41.4977493286133 41.6937484741211 41.0282516479492 40.6370010375977 39.898250579834 39.0807495117188 39.3680000305176 39.5237503051758 39.2229995727539 38.3484992980957 37.8300018310547 37.4667510986328 37.2094993591309 36.8752479553223 36.497501373291 36.4612503051758 36.2997512817383 36.0014991760254 35.5221290588379 -9999
-9999 -9999 -9999 -9999 -9999 -9999 -9999 -9999 -9999 -9999 -9999 -9999 -9999 -9999 -9999 -9999 -9999 -9999 -9999 -9999 -9999 -9999 -9999 -9999 -9999 -9999 40.9625015258789 41.221248626709 41.305248260498 40.9372482299805 41.1004981994629 40.8235015869141 41.2762489318848 41.0844993591309 41.5364990234375 41.7117500305176 41.7177505493164 41.6082496643066 41.9554977416992 41.694751739502 41.3930015563965 41.1969985961914 40.6827507019043 40.3889999389648 38.798999786377 38.3194999694824 37.7669982910156 39.0945014953613 38.9259986877441 38.130500793457 37.5867500305176 36.7662506103516 36.3759994506836 36.4874992370605 36.2342491149902 36.1660003662109 36.1235008239746 35.611629486084 34.9384613037109 34.2599983215332
-9999 -9999 -9999 -9999 -9999 -9999 -9999 -9999 -9999 -9999 -9999 -9999 -9999 -9999 -9999 -9999 -9999 -9999 -9999 -9999 -9999 -9999 -9999 -9999 -9999 -9999 40.6220016479492 40.9942512512207 40.6532516479492 40.6792488098145 40.422248840332 39.1805000305176 40.8230018615723 41.0767517089844 41.369499206543 41.4962501525879 41.1997489929199 41.1985015869141 41.3330001831055 40.7117500305176 38.9029998779297 38.2402496337891 37.591251373291 38.3252487182617 38.7367515563965 37.8629989624023 37.3585014343262 36.5820007324219 36.7622489929199 37.0475006103516 36.8209991455078 36.2807502746582 36.0849990844727 36.202751159668 36.0110015869141 35.8387489318848 35.6882514953613 35.1704559326172 34.8959197998047 -9999
