02 cropping and modelling/wc2.1_10m_bio_13.asc
NCOLS 368 
NROWS 210 
XLLCORNER 67.1666666666667 
YLLCORNER 3.5 
CELLSIZE 0.166666666666667 
NODATA_value -9999 
[rows 0 to 35 of 210, columns 246 to 327 of 368]
-9999 -9999 -9999 -9999 -9999 -9999 -9999 -9999 -9999 -9999 -9999 -9999 -9999 -9999 -9999 -9999 -9999 -9999 -9999 -9999 -9999 -9999 -9999 -9999 -9999 -9999 -9999 -9999 -9999 -9999 -9999 -9999 -9999 -9999 -9999 -9999 -9999 -9999 -9999 -9999 -9999 -9999 -9999 -9999 -9999 -9999 -9999 -9999 -9999 -9999 -9999 -9999 -9999 -9999 -9999 -9999 -9999 -9999 -9999 -9999 -9999 -9999 -9999 -9999 -9999 -9999 -9999 -9999 -9999 -9999 -9999 -9999 -9999 -9999 -9999 -9999 -9999 -9999 -9999 -9999 -9999 -9999
-9999 -9999 -9999 97 99 97 99 101 102 104 -9999 -9999 -9999 -9999 -9999 -9999 -9999 -9999 -9999 -9999 -9999 -9999 -9999 -9999 -9999 -9999 -9999 -9999 -9999 -9999 -9999 -9999 -9999 -9999 -9999 -9999 -9999 -9999 -9999 -9999 -9999 -9999 -9999 -9999 -9999 -9999 -9999 -9999 -9999 -9999 -9999 -9999 -9999 -9999 -9999 -9999 -9999 -9999 -9999 -9999 -9999 -9999 -9999 -9999 -9999 -9999 -9999 -9999 -9999 -9999 -9999 -9999 -9999 -9999 -9999 -9999 -9999 -9999 -9999 -9999 -9999 -9999
95 97 99 97 98 99 99 101 103 104 108 110 112 112 113 116 117 119 122 123 125 121 119 122 123 117 109 114 129 131 136 134 139 144 141 139 142 143 143 139 137 135 134 134 -9999 -9999 -9999 -9999 -9999 -9999 -9999 -9999 -9999 -9999 -9999 -9999 -9999 -9999 -9999 -9999 -9999 -9999 -9999 -9999 -9999 -9999 -9999 -9999 -9999 -9999 -9999 -9999 -9999 -9999 -9999 -9999 -9999 -9999 -9999 -9999 -9999 -9999
96 98 98 98 99 99 101 102 104 105 108 110 112 113 113 115 116 117 120 126 129 126 121 115 114 111 108 125 125 127 135 139 138 141 146 147 149 144 143 141 138 136 138 137 136 134 135 -9999 -9999 -9999 -9999 -9999 -9999 -9999 -9999 -9999 -9999 -9999 -9999 -9999 -9999 -9999 -9999 -9999 -9999 -9999 -9999 -9999 -9999 -9999 -9999 -9999 -9999 -9999 -9999 -9999 -9999 -9999 -9999 -9999 -9999 -9999
95 97 98 99 100 101 102 103 106 108 110 110 112 113 114 113 115 117 119 125 128 126 127 125 124 112 106 115 123 130 140 147 146 151 157 156 153 148 146 145 142 142 140 141 142 140 141 147 153 -9999 -9999 -9999 -9999 -9999 -9999 -9999 -9999 -9999 -9999 -9999 -9999 -9999 -9999 -9999 -9999 -9999 -9999 -9999 -9999 -9999 -9999 -9999 -9999 -9999 -9999 -9999 -9999 -9999 -9999 -9999 -9999 -9999
96 98 99 100 102 103 104 105 107 109 110 112 112 113 114 113 116 117 119 122 128 124 120 117 112 108 111 118 130 143 148 155 157 158 161 166 157 154 152 151 151 149 146 144 145 146 149 157 165 167 164 -9999 -9999 -9999 -9999 -9999 -9999 -9999 -9999 -9999 -9999 -9999 -9999 -9999 -9999 -9999 -9999 -9999 -9999 -9999 -9999 -9999 -9999 -9999 -9999 -9999 -9999 -9999 -9999 -9999 -9999 -9999
98 100 102 103 103 104 106 108 109 110 111 112 112 112 113 112 116 117 119 123 126 124 119 114 113 114 119 129 142 153 158 164 165 166 172 174 163 159 158 158 157 155 152 149 149 152 157 166 179 176 170 163 167 -9999 -9999 -9999 -9999 -9999 -9999 -9999 -9999 -9999 -9999 -9999 -9999 -9999 -9999 -9999 -9999 -9999 -9999 -9999 -9999 -9999 -9999 -9999 -9999 -9999 -9999 -9999 -9999 -9999
100 101 103 104 105 106 107 109 110 111 111 111 112 112 112 112 115 117 120 122 119 116 114 114 116 124 140 144 147 154 159 167 171 174 176 173 169 164 162 163 162 160 155 151 151 156 162 171 179 180 177 172 176 185 192 -9999 -9999 -9999 -9999 -9999 -9999 -9999 -9999 -9999 -9999 -9999 -9999 -9999 -9999 -9999 -9999 -9999 -9999 -9999 -9999 -9999 -9999 -9999 -9999 -9999 -9999 -9999
102 103 104 105 106 107 108 109 111 112 112 111 111 111 112 113 115 118 122 120 118 119 117 121 128 139 142 145 150 157 161 167 174 175 176 172 170 167 166 168 168 165 158 153 153 159 164 172 179 184 184 185 189 195 199 202 203 203 -9999 -9999 -9999 -9999 -9999 -9999 -9999 -9999 -9999 -9999 -9999 -9999 -9999 -9999 -9999 -9999 -9999 -9999 -9999 -9999 -9999 -9999 -9999 -9999
102 104 105 106 108 108 110 111 112 112 112 111 110 109 111 113 115 118 120 118 117 117 126 139 140 145 143 145 151 159 166 171 171 179 180 177 169 166 167 171 172 167 160 156 156 160 166 174 183 188 194 197 203 209 208 209 210 211 209 211 210 -9999 -9999 -9999 -9999 -9999 -9999 -9999 -9999 -9999 -9999 -9999 -9999 -9999 -9999 -9999 -9999 -9999 -9999 -9999 -9999 -9999
103 105 105 106 107 109 111 113 113 113 112 110 109 107 111 113 114 118 121 119 117 118 135 144 138 143 142 145 153 156 168 167 171 176 177 174 167 163 163 170 176 168 160 158 159 164 171 178 187 193 200 207 216 222 220 218 220 220 218 222 222 220 220 226 -9999 -9999 -9999 -9999 -9999 -9999 -9999 -9999 -9999 -9999 -9999 -9999 -9999 -9999 -9999 -9999 -9999 -9999
104 105 106 107 107 109 111 114 114 112 111 109 110 109 111 113 114 117 121 122 116 119 133 140 137 140 143 146 152 157 164 166 169 175 176 170 167 160 159 164 166 161 157 155 159 167 174 181 190 196 203 212 224 227 226 226 227 227 227 229 230 229 227 230 221 216 211 -9999 -9999 -9999 -9999 -9999 -9999 -9999 -9999 -9999 -9999 -9999 -9999 -9999 -9999 -9999
105 105 106 107 108 109 110 111 111 111 110 109 108 108 112 113 115 117 121 122 120 124 134 134 135 140 144 148 150 155 161 165 170 171 173 168 161 157 156 158 158 154 148 151 160 168 178 184 191 197 206 216 223 227 230 230 230 231 233 234 237 234 232 230 225 219 214 203 197 192 183 -9999 -9999 -9999 -9999 -9999 -9999 -9999 -9999 -9999 -9999 -9999
105 105 106 107 107 108 110 110 110 109 109 108 109 109 111 113 116 119 121 122 120 122 125 133 134 142 147 147 149 153 160 167 174 172 169 162 159 157 156 156 154 150 145 151 163 170 178 184 191 201 209 216 224 232 229 228 232 233 236 239 239 240 239 236 232 225 216 207 198 190 182 172 164 -9999 -9999 -9999 -9999 -9999 -9999 -9999 -9999 -9999
106 106 106 107 107 108 109 109 109 108 107 108 108 109 112 115 117 121 122 121 123 123 128 135 135 141 149 148 149 154 162 175 181 169 163 161 160 158 156 154 153 151 152 159 168 173 179 185 193 202 206 216 221 227 229 231 234 237 240 242 243 245 246 244 239 231 222 212 201 191 180 169 159 160 167 -9999 -9999 -9999 -9999 -9999 -9999 -9999
105 106 106 107 107 107 107 107 108 107 107 107 109 110 112 115 118 120 121 120 125 128 132 137 137 141 147 150 151 156 164 174 174 162 160 160 157 155 155 154 155 156 158 165 171 176 181 186 190 199 207 213 219 224 226 228 232 235 238 243 245 247 249 248 245 236 226 217 206 195 184 174 161 -9999 -9999 -9999 173 -9999 -9999 -9999 -9999 -9999
107 107 107 107 107 108 107 106 106 107 107 109 110 111 112 115 118 119 117 120 125 129 133 139 139 139 143 150 150 154 164 174 173 159 161 159 153 155 156 156 158 162 164 167 172 178 182 187 191 197 204 212 220 223 225 227 229 233 235 239 243 250 254 256 252 245 235 224 210 198 187 178 172 -9999 -9999 -9999 -9999 -9999 -9999 -9999 -9999 -9999
109 108 108 107 107 107 106 106 106 107 109 111 111 112 111 113 116 118 120 124 124 131 140 139 139 141 144 151 153 155 165 167 163 152 160 153 151 155 157 158 159 162 166 170 175 179 184 186 191 195 199 209 216 218 222 224 225 229 236 235 241 249 254 261 259 250 240 227 213 199 189 -9999 -9999 -9999 -9999 -9999 -9999 -9999 -9999 -9999 -9999 -9999
111 110 109 110 109 108 107 107 107 108 109 111 110 108 113 116 120 122 125 124 128 137 145 145 143 141 143 150 149 155 158 151 143 145 149 148 151 154 157 160 162 167 169 173 177 181 184 188 189 192 198 204 210 214 217 219 221 221 226 233 236 242 250 256 257 251 240 229 221 -9999 -9999 -9999 -9999 -9999 -9999 -9999 -9999 -9999 -9999 -9999 -9999 -9999
111 111 110 111 111 110 110 109 106 104 108 110 111 109 113 116 118 120 122 129 131 132 136 141 148 146 144 149 147 147 147 143 143 145 148 149 152 156 160 163 166 171 173 179 181 183 184 186 189 189 191 199 204 207 210 213 216 219 220 223 228 235 242 250 254 251 241 231 -9999 -9999 -9999 -9999 -9999 -9999 -9999 -9999 -9999 -9999 -9999 -9999 -9999 -9999
111 112 114 112 112 110 110 110 110 108 109 110 108 108 109 111 115 118 123 131 133 131 133 135 140 141 141 139 141 142 143 144 142 144 147 150 155 158 162 166 169 172 177 180 183 184 186 187 189 189 190 193 198 202 204 206 210 209 212 214 222 229 235 244 249 249 243 239 -9999 -9999 -9999 -9999 -9999 -9999 -9999 -9999 -9999 -9999 -9999 -9999 -9999 -9999
112 113 114 113 114 113 111 107 104 103 104 103 106 109 111 113 118 122 124 130 130 136 140 138 139 141 140 141 141 143 144 146 147 148 149 153 156 160 164 169 171 175 179 183 185 187 189 189 189 189 191 192 193 196 197 198 201 198 199 201 209 218 229 238 246 249 246 -9999 -9999 208 -9999 -9999 -9999 -9999 -9999 -9999 -9999 -9999 -9999 -9999 -9999 -9999
116 113 113 114 117 115 109 101 98 100 103 106 108 118 122 120 120 121 124 130 135 139 139 140 142 146 143 144 146 149 150 149 154 155 152 155 161 165 167 171 175 178 181 185 188 189 191 192 191 191 192 191 191 189 191 193 192 189 188 186 194 207 218 230 240 248 242 229 -9999 -9999 -9999 -9999 -9999 -9999 -9999 -9999 -9999 -9999 -9999 -9999 -9999 -9999
115 112 110 112 117 120 108 98 98 101 106 110 114 115 117 116 121 128 132 135 137 138 140 141 143 146 146 147 153 159 157 156 155 156 156 158 161 164 168 173 177 181 184 188 191 192 193 193 192 192 191 189 189 185 183 187 186 181 178 173 179 197 212 222 232 239 236 214 191 180 -9999 -9999 -9999 -9999 -9999 -9999 -9999 -9999 -9999 -9999 -9999 -9999
114 109 108 110 112 117 109 106 108 118 131 133 131 134 133 128 128 133 139 137 137 138 140 144 148 147 151 155 158 157 157 158 157 158 159 161 164 168 172 177 182 186 188 192 198 198 198 196 195 192 190 190 187 184 184 184 181 176 173 171 177 194 207 216 220 222 213 195 180 177 179 184 195 -9999 -9999 -9999 -9999 -9999 -9999 -9999 -9999 -9999
113 109 108 107 108 112 113 117 124 135 136 135 135 137 136 135 139 138 134 138 142 150 147 146 147 150 151 153 157 160 159 160 161 162 164 166 169 172 176 181 186 189 192 196 199 202 202 200 198 195 192 188 186 185 186 180 177 176 176 177 186 195 205 211 212 209 197 178 162 168 182 196 207 -9999 -9999 -9999 -9999 -9999 -9999 -9999 -9999 -9999
117 115 111 109 111 115 118 122 134 135 137 138 138 138 139 142 139 136 143 150 149 147 144 147 150 152 154 155 155 159 162 162 163 167 169 170 174 176 179 184 188 192 195 199 203 207 206 203 200 196 192 188 185 184 180 179 179 181 180 182 189 198 204 210 208 202 190 173 161 169 188 206 220 228 -9999 -9999 -9999 -9999 -9999 -9999 -9999 -9999
132 133 132 132 135 138 137 136 139 138 141 144 145 147 145 143 142 145 150 154 153 145 148 156 157 160 155 157 160 160 160 164 166 170 172 172 176 178 183 186 190 194 197 202 206 212 209 206 201 196 190 188 185 182 180 182 182 184 187 191 200 204 208 211 210 204 194 182 177 182 196 215 237 241 -9999 -9999 -9999 -9999 -9999 -9999 -9999 -9999
142 144 138 139 141 137 140 141 145 146 148 147 146 151 149 154 151 148 153 157 155 155 156 161 165 157 155 155 160 162 166 168 170 172 174 176 178 182 185 189 191 195 198 201 207 209 206 204 199 195 191 186 181 180 181 183 185 187 191 198 203 209 213 218 217 212 204 194 191 194 203 222 245 243 236 -9999 -9999 -9999 -9999 -9999 -9999 -9999
143 145 140 133 138 141 141 143 147 147 150 153 154 150 149 148 151 151 152 148 153 160 161 155 156 161 162 160 162 165 167 169 172 175 177 181 181 185 189 191 191 195 199 202 204 205 205 201 199 194 191 185 183 181 183 186 190 194 200 204 209 215 216 221 224 223 212 206 203 203 210 218 228 234 230 -9999 -9999 -9999 -9999 -9999 -9999 -9999
141 149 153 143 137 142 144 148 148 150 155 156 156 155 153 150 149 148 149 148 151 151 159 160 157 154 158 163 166 168 170 172 175 178 179 182 184 188 190 193 196 197 199 200 202 202 201 199 196 191 188 185 184 182 183 187 193 197 201 208 212 217 221 223 224 222 217 214 211 214 216 213 216 225 223 225 -9999 -9999 -9999 -9999 -9999 -9999
146 150 151 151 145 145 152 155 155 159 156 154 161 161 162 157 153 151 154 150 149 148 152 158 161 158 160 164 167 170 173 176 179 181 183 185 190 190 193 196 197 198 198 199 198 197 196 195 193 190 188 187 186 185 185 188 193 195 201 210 213 217 222 224 225 221 220 219 217 219 225 230 220 221 218 216 -9999 -9999 -9999 -9999 -9999 -9999
149 150 155 153 155 151 158 160 156 159 160 160 161 158 163 164 158 156 154 153 154 152 152 155 159 161 165 167 170 172 177 180 184 184 186 188 189 191 195 198 199 199 200 198 195 193 192 191 191 189 187 187 185 184 185 189 190 197 204 210 216 220 226 225 224 222 221 219 220 221 224 226 222 220 216 212 207 -9999 -9999 -9999 -9999 -9999
158 157 154 156 159 160 158 163 160 159 161 163 163 158 161 161 162 161 162 156 157 156 156 159 161 164 167 169 171 174 178 182 186 187 190 192 192 196 198 200 201 201 200 199 194 191 189 191 190 185 184 183 182 183 189 193 196 197 204 207 214 224 226 224 223 221 219 218 219 221 223 221 219 215 212 208 204 -9999 -9999 -9999 -9999 -9999
164 164 164 161 162 163 163 165 168 167 168 166 165 165 163 163 161 160 164 163 154 160 160 163 164 165 169 171 174 177 180 184 188 190 191 193 194 198 199 201 203 203 203 201 197 193 191 190 189 185 182 182 182 186 190 192 194 198 202 206 214 221 222 220 220 219 217 219 216 215 215 215 212 209 206 203 200 -9999 -9999 -9999 -9999 -9999
171 169 169 167 167 167 169 170 172 174 176 176 178 172 172 172 167 163 162 163 164 165 166 167 167 168 171 172 176 179 183 185 188 191 193 195 198 201 202 204 205 206 204 205 203 200 194 190 187 185 183 185 185 186 186 191 193 196 199 207 211 215 216 215 215 215 215 213 211 209 210 208 204 203 198 195 192 189 -9999 -9999 -9999 -9999
