02 cropping and modelling/wc2.1_10m_bio_11.asc
NCOLS 368 
NROWS 210 
XLLCORNER 67.1666666666667 
YLLCORNER 3.5 
CELLSIZE 0.166666666666667 
NODATA_value -9999 
[rows 81 to 107 of 210, columns 240 to 299 of 368]
10.0883331298828 9.26149940490723 8.65266704559326 8.72820854187012 9.5091667175293 9.66699981689453 10.5201663970947 9.63712501525879 9.06149959564209 9.36329174041748 9.9489164352417 10.4474582672119 10.3960828781128 9.60725021362305 9.37483310699463 9.44254207611084 9.23891639709473 9.3973331451416 9.04270839691162 9.72820854187012 9.11316680908203 9.55325031280518 8.26275062561035 6.79974985122681 8.75587463378906 9.49275016784668 8.52066612243652 8.24558353424072 7.59104156494141 8.10920810699463 9.26799964904785 9.68816661834717 9.3591251373291 6.6152081489563 6.43112516403198 7.44554138183594 7.90191698074341 10.4074583053589 10.972541809082 10.71875 9.96612453460693 10.711874961853 10.0481662750244 9.5872917175293 9.62516689300537 10.3276672363281 10.1111249923706 9.82308387756348 10.4503746032715 9.94562530517578 10.3013334274292 10.4840421676636 10.3895835876465 11.1477499008179 10.7501668930054 11.2949161529541 11.6501665115356 10.4808750152588 11.4221668243408 10.1185836791992
10.4131669998169 9.87629127502441 9.67916679382324 10.0114583969116 10.4892082214355 10.7307920455933 10.5478754043579 10.3783750534058 10.2272500991821 10.1965417861938 9.96741676330566 10.5634994506836 10.6137914657593 10.2963752746582 10.146541595459 10.2597503662109 9.87558364868164 8.86991691589355 8.66750049591064 10.1687088012695 10.4495830535889 10.4885005950928 9.40908336639404 7.64774990081787 9.08337497711182 9.62320804595947 7.39562511444092 8.36704158782959 8.54004192352295 7.81304168701172 9.10412502288818 9.90191650390625 9.19812488555908 8.78533363342285 7.2759165763855 8.40745830535889 9.99583339691162 11.0303745269775 11.6474170684814 10.9509172439575 9.24195861816406 9.82520866394043 9.33533382415771 10.0852088928223 10.381875038147 10.3003330230713 10.4167499542236 10.8977499008179 10.5683336257935 10.1643333435059 11.2229995727539 10.8473329544067 11.1538333892822 11.2849168777466 11.1347503662109 11.7474584579468 12.1035003662109 11.3691253662109 11.062707901001 10.6701250076294
10.2399168014526 10.787166595459 9.57179164886475 10.5395832061768 10.5323753356934 10.9446249008179 11.157374382019 11.2738332748413 10.8503751754761 10.8981666564941 10.8682918548584 10.8776254653931 11.0454168319702 10.8707914352417 10.9145412445068 10.9451246261597 10.6386661529541 9.40033340454102 9.74458312988281 10.6616668701172 10.4718751907349 10.4003753662109 10.043083190918 9.18537521362305 10.3025417327881 10.132833480835 8.67241668701172 8.94375038146973 9.70220851898193 9.02683353424072 8.90974998474121 10.456000328064 9.92791652679443 9.91683387756348 9.26120853424072 9.34720802307129 9.50120830535889 10.4313335418701 11.5336666107178 10.0561246871948 9.97908306121826 10.5111246109009 10.3339576721191 9.79666709899902 10.0883331298828 10.2124996185303 10.6195001602173 11.1969585418701 11.4105415344238 11.4675827026367 11.2685413360596 10.5929584503174 12.1581249237061 12.3254165649414 11.9124164581299 12.5173749923706 12.2660417556763 12.0874586105347 10.874041557312 10.2743330001831
10.2787494659424 10.3713750839233 10.8322916030884 10.0250415802002 11.0026664733887 10.8932495117188 11.2748746871948 11.2186670303345 11.2829580307007 10.927791595459 10.7729997634888 10.6472911834717 11.2980833053589 11.4764585494995 11.3751668930054 11.3425416946411 11.2106666564941 10.0719995498657 10.1079998016357 10.4646663665771 9.19579124450684 9.86741638183594 9.76654148101807 10.605541229248 10.6140003204346 10.7988748550415 10.9356670379639 10.2839164733887 9.34049987792969 9.3306245803833 8.47033309936523 8.92795848846436 10.5792503356934 10.3918333053589 11.1968336105347 10.8193330764771 10.3383750915527 11.207124710083 11.0642499923706 11.1225833892822 10.8197917938232 11.7305002212524 11.299708366394 10.5130834579468 10.6403751373291 10.3646669387817 11.7068748474121 12.0373334884644 12.113166809082 12.0923337936401 12.014666557312 12.0153331756592 12.3501253128052 12.6046667098999 12.8702087402344 12.2630834579468 12.6578330993652 12.3353748321533 11.1824579238892 10.7770833969116
11.7865419387817 11.213791847229 10.8375415802002 9.81779193878174 10.7004165649414 10.8556661605835 11.1401252746582 11.0659580230713 11.0339164733887 10.5909996032715 10.4566669464111 10.4117498397827 11.4967079162598 11.8321666717529 11.5168333053589 11.5482912063599 11.5365419387817 10.4910831451416 8.2363338470459 10.1508750915527 10.2008333206177 10.3204164505005 10.3773336410522 10.1572914123535 10.8860416412354 10.0853748321533 10.0067501068115 10.6607913970947 8.92504215240479 10.1907920837402 9.71129131317139 9.3990421295166 11.0634164810181 10.803750038147 11.4154167175293 12.214750289917 11.9862079620361 12.4934577941895 11.6055421829224 12.4279165267944 12.2375831604004 11.7720003128052 10.8098335266113 11.751166343689 11.0200414657593 12.2321672439575 12.5711669921875 12.4479169845581 12.4367504119873 12.6265830993652 12.7526254653931 12.892541885376 12.4680833816528 13.0953330993652 12.0097913742065 11.9702501296997 12.7976665496826 12.4694576263428 12.1888332366943 11.3273334503174
12.4714584350586 12.558708190918 11.8787078857422 10.1872501373291 11.2049169540405 11.7398338317871 10.6718330383301 11.517333984375 11.2261667251587 11.074333190918 11.0086660385132 11.1186246871948 11.5914583206177 11.7881660461426 11.7520418167114 11.9834995269775 11.950291633606 9.883957862854 8.7415828704834 10.3994579315186 11.04212474823 10.9466667175293 10.7174167633057 11.0876665115356 10.7921667098999 10.6039581298828 10.9752502441406 11.6424999237061 11.3125 12.1593751907349 11.6454162597656 11.0173749923706 10.1774997711182 11.7522497177124 12.078125 11.8959999084473 12.1004581451416 11.9958333969116 11.8435411453247 12.4551248550415 11.7367496490479 10.553542137146 11.5485000610352 11.9166669845581 11.7328338623047 12.839542388916 12.6902084350586 12.14537525177 12.8470420837402 12.5270414352417 13.0395412445068 13.3597087860107 13.168083190918 12.4797496795654 12.1496248245239 12.617208480835 12.2614583969116 12.2610416412354 12.5294170379639 12.3079586029053
12.9165420532227 12.7805414199829 12.2461252212524 11.6825838088989 11.8929166793823 12.5787916183472 11.3154582977295 11.4012498855591 11.8664169311523 11.7007493972778 11.6062088012695 11.6733331680298 11.9798336029053 12.2959585189819 12.2587919235229 11.9671249389648 11.2042083740234 9.21770858764648 10.8594169616699 11.6356248855591 11.7132921218872 11.5089168548584 11.8085832595825 11.7544164657593 10.4301662445068 11.7147083282471 12.2376670837402 12.6809167861938 12.1427917480469 12.9088745117188 12.7659168243408 11.8672494888306 10.7595415115356 11.2236251831055 12.3865833282471 11.7085418701172 12.5454998016357 12.084041595459 12.1814584732056 11.7937917709351 11.5552501678467 11.5160417556763 11.7087917327881 12.2891254425049 13.0026254653931 12.9398746490479 12.5328330993652 13.1490831375122 12.4964170455933 12.1881666183472 13.0316247940063 13.5736255645752 13.0095834732056 12.3198337554932 12.5756664276123 13.1110830307007 11.8577079772949 12.3836250305176 13.4742918014526 12.9857501983643
13.0972919464111 12.5383749008179 12.7974586486816 12.4516248703003 12.8170003890991 12.8284997940063 12.0182495117188 11.3804998397827 12.05162525177 12.1430835723877 12.5661668777466 12.2442083358765 12.4746246337891 12.5553331375122 12.5469999313354 11.8069581985474 10.2572917938232 11.3779163360596 12.0330829620361 12.2065000534058 12.4554166793823 12.3461666107178 12.0491666793823 12.4104995727539 11.5520420074463 12.355541229248 12.6322917938232 12.9150838851929 12.763708114624 12.5038328170776 12.7313747406006 12.6248750686646 11.8745002746582 11.672833442688 12.6654586791992 12.8802919387817 13.2242918014526 13.1854581832886 12.5476665496826 12.1014165878296 11.668833732605 12.3599996566772 13.2482500076294 13.0610828399658 13.050666809082 13.8258752822876 13.1610832214355 12.4669170379639 12.0375413894653 12.3814163208008 13.1366662979126 13.3615827560425 11.6967086791992 13.1727085113525 13.2625417709351 12.6480836868286 13.7986669540405 13.165207862854 14.0431671142578 14.1477079391479
14.3303756713867 13.2159576416016 12.890625 12.9589166641235 12.8567495346069 12.8869581222534 12.5728750228882 11.164041519165 12.4682922363281 12.6052503585815 12.8272504806519 12.4294166564941 12.5585832595825 12.5572919845581 12.773458480835 12.8009996414185 11.6334581375122 12.9305000305176 13.4776248931885 13.4232082366943 13.18137550354 13.1054582595825 12.5915412902832 12.8895835876465 13.1691665649414 12.9807500839233 12.9770412445068 13.2114162445068 12.0877084732056 12.735333442688 12.4680414199829 13.0265417098999 12.548041343689 13.1859588623047 13.6028337478638 13.5448751449585 12.8815832138062 13.1901254653931 13.5245838165283 12.5402917861938 12.4712505340576 13.1191253662109 13.345666885376 13.3585004806519 13.6636247634888 13.8801670074463 12.9740829467773 13.2595834732056 12.8273334503174 13.2000827789307 13.2159996032715 12.617208480835 11.757791519165 13.851583480835 14.631667137146 14.5070838928223 14.5589160919189 14.4045419692993 14.3919715881348 14.1576385498047
13.9010000228882 14.0638332366943 13.6744995117188 13.4245834350586 13.0970830917358 13.1286249160767 13.1859579086304 11.3977918624878 12.1005420684814 13.0371246337891 12.9686670303345 12.8078746795654 12.6610832214355 12.6347913742065 12.706000328064 12.757999420166 12.4976663589478 13.3532915115356 13.5543746948242 13.7626667022705 13.6879167556763 13.4909162521362 13.6134586334229 13.6866254806519 13.9039583206177 13.5792503356934 13.5294580459595 12.7670001983643 12.2084999084473 13.0514583587646 12.5160417556763 13.1431255340576 13.5363330841064 13.7261667251587 13.8352499008179 13.7803754806519 14.0685415267944 13.7815828323364 13.4557085037231 13.5931243896484 13.5459585189819 13.3863744735718 13.0564994812012 13.9793329238892 14.1881666183472 13.8175001144409 13.9340000152588 13.3254165649414 12.9084167480469 12.6703748703003 12.5091667175293 13.5175838470459 14.1323747634888 14.7174997329712 14.4736671447754 14.4983329772949 14.5091247558594 14.8314657211304 14.1271142959595 13.7815313339233
13.4669170379639 13.5387916564941 14.3240413665771 13.768458366394 13.4094171524048 13.8500413894653 13.6708755493164 13.3461666107178 12.1315832138062 12.8889579772949 13.0960836410522 13.063250541687 12.9892082214355 12.7592086791992 12.5050830841064 13.3510417938232 13.7546672821045 13.7799997329712 13.380708694458 13.4638748168945 13.4977912902832 13.6537084579468 13.7263336181641 13.7255420684814 13.9210414886475 13.8800830841064 14.1544170379639 13.8153743743896 13.652042388916 13.6511669158936 13.7621669769287 13.2477083206177 13.5102500915527 14.2852916717529 14.2332916259766 14.3040828704834 14.3961248397827 13.7472915649414 13.9646253585815 14.2735414505005 14.0484170913696 13.9862079620361 13.9423332214355 13.7009172439575 14.3825836181641 13.5022497177124 13.413125038147 13.3401250839233 13.6396245956421 12.7853746414185 13.9587078094482 13.2588329315186 13.9475002288818 13.9843330383301 14.5046253204346 14.9635000228882 14.740119934082 14.6594161987305 -9999 -9999
13.5903329849243 13.6053333282471 14.1039171218872 14.5302085876465 14.2977914810181 13.9132499694824 13.7573337554932 13.1245412826538 12.1832504272461 12.1434173583984 12.6803750991821 12.6935005187988 11.986457824707 13.2598333358765 13.6295413970947 13.7304582595825 13.8486671447754 13.6638336181641 13.1760416030884 13.4891242980957 13.7058334350586 13.7915830612183 13.9289169311523 13.5531663894653 13.5816249847412 13.6761665344238 13.5110416412354 13.9193744659424 13.9046669006348 14.1591663360596 13.9211664199829 14.2613744735718 14.0389165878296 14.2465000152588 14.4834585189819 14.6747493743896 14.7580833435059 14.6637916564941 14.7592496871948 14.9724159240723 15.0564584732056 14.9047498703003 14.673041343689 14.7931251525879 14.7416667938232 14.2880420684814 14.1315002441406 13.7277917861938 13.5925827026367 14.8780832290649 14.8027496337891 14.0821666717529 14.7248334884644 14.9360418319702 14.6245832443237 14.5817499160767 15.001293182373 -9999 -9999 -9999
13.8814582824707 13.3902082443237 13.5981245040894 13.6864585876465 14.3804168701172 14.1022911071777 13.5939168930054 13.4075832366943 13.1977081298828 12.8117923736572 12.9847917556763 13.1971664428711 13.0492086410522 13.4262084960938 13.5021667480469 13.6797914505005 13.62024974823 13.2260417938232 11.9959163665771 12.7131671905518 13.9897089004517 13.626166343689 14.0861663818359 13.9705829620361 13.9683332443237 13.565375328064 14.0981254577637 14.5628747940063 13.7432918548584 14.1352500915527 14.4650421142578 14.514458656311 14.5304164886475 14.4910831451416 14.5870838165283 14.8152084350586 14.8124580383301 14.8718748092651 14.8785829544067 14.85462474823 15.0592088699341 14.8691253662109 14.2629585266113 14.4690418243408 14.7229585647583 14.6569166183472 13.8728332519531 14.1020832061768 15.0486249923706 15.2876672744751 15.4515657424927 15.3219318389893 15.4726667404175 15.482931137085 15.5081367492676 15.2431507110596 15.2348480224609 -9999 -9999 -9999
14.3949584960938 14.1975002288818 14.409125328064 14.2152919769287 14.4966669082642 13.9936666488647 13.8814163208008 13.7349996566772 13.4931669235229 13.2333335876465 13.2607498168945 13.2604579925537 13.3695001602173 13.5189580917358 13.2444581985474 13.1573753356934 13.3256664276123 13.5057497024536 13.6598749160767 14.0784997940063 14.0667915344238 13.6362915039062 13.653416633606 13.5752086639404 13.7680835723877 14.6800003051758 15.0955829620361 14.7940835952759 14.0852088928223 14.0502500534058 14.7122077941895 14.3897504806519 14.4657917022705 14.032416343689 14.5550413131714 14.803542137146 15.1307506561279 15.0494165420532 15.0887775421143 15.3938503265381 15.1857500076294 15.3945417404175 15.2185831069946 14.9911670684814 14.7176322937012 14.80837059021 15.0626468658447 15.0285911560059 15.1877603530884 15.3245553970337 15.4340705871582 15.595832824707 15.690315246582 15.5666675567627 -9999 -9999 -9999 -9999 -9999 -9999
14.9707088470459 14.6338748931885 14.8973331451416 14.7232913970947 14.4211254119873 13.9004583358765 13.8284587860107 13.5605421066284 13.3668336868286 13.0808334350586 13.1537914276123 13.2555418014526 13.1875829696655 13.1709585189819 13.141791343689 13.0503339767456 13.1417083740234 14.1198749542236 14.0809164047241 13.9729585647583 13.1916666030884 14.1273756027222 13.890625 13.8793334960938 12.8538751602173 14.589958190918 14.8043746948242 14.2981662750244 14.807541847229 14.2260837554932 14.0428333282471 14.902250289917 14.8349580764771 14.550666809082 14.8119163513184 15.1223335266113 15.2806663513184 15.315375328064 15.2995386123657 15.442156791687 15.530930519104 15.6447725296021 14.894603729248 14.9263286590576 14.8166666030884 15.2657804489136 15.4243192672729 -9999 -9999 15.8833332061768 15.8333330154419 -9999 -9999 -9999 -9999 -9999 -9999 -9999 -9999 -9999
15.1813335418701 15.1350421905518 14.9686250686646 14.6420831680298 14.3921251296997 14.0014581680298 13.7540416717529 13.477499961853 13.2609167098999 13.0235004425049 13.2744998931885 13.3196668624878 13.5358333587646 13.1902084350586 12.9374160766602 12.8823328018188 13.299708366394 13.987250328064 13.9825830459595 13.8900833129883 14.0021667480469 14.2264165878296 14.791166305542 14.1819581985474 12.7417087554932 13.7222499847412 13.4016666412354 14.3482084274292 15.3349590301514 13.9880418777466 14.0794582366943 15.1630830764771 15.2740001678467 15.2967920303345 15.0668334960938 15.1593751907349 15.2461252212524 14.9347496032715 15.2983922958374 15.7404756546021 15.6347541809082 15.3676500320435 15.2391233444214 15.4145088195801 15.269380569458 -9999 -9999 -9999 -9999 -9999 -9999 -9999 -9999 -9999 -9999 -9999 -9999 -9999 -9999 -9999
15.0919170379639 14.8040838241577 14.7735004425049 14.2186660766602 13.8158750534058 13.6704578399658 13.5594997406006 13.4660415649414 13.4499168395996 13.2525835037231 13.5241250991821 13.5683336257935 13.5990419387817 13.5726661682129 13.6750001907349 13.3939580917358 14.2468748092651 13.9442501068115 14.2514581680298 14.2977085113525 14.7762079238892 15.2981252670288 15.5481252670288 14.3268747329712 12.2622499465942 13.169750213623 14.1234998703003 15.2467498779297 14.8790416717529 14.2823753356934 15.1748752593994 15.4916248321533 15.4520835876465 15.4420833587646 14.4929580688477 15.002480506897 15.3093328475952 15.4399318695068 15.5356864929199 15.7000007629395 15.1868419647217 15.7576236724854 15.8291921615601 15.9416666030884 -9999 -9999 -9999 -9999 -9999 -9999 -9999 -9999 -9999 -9999 -9999 -9999 -9999 -9999 -9999 -9999
15.0356664657593 14.9747085571289 14.8676242828369 14.7799997329712 14.2832918167114 13.58766746521 13.6520833969116 13.7360000610352 13.4485416412354 13.4858751296997 13.4554586410522 13.6772499084473 13.9048328399658 13.9953336715698 14.2337083816528 14.34375 14.4226665496826 14.3882913589478 14.788875579834 14.9737920761108 15.3227081298828 15.6147079467773 15.906042098999 15.4084997177124 14.6673746109009 15.4477090835571 15.7485828399658 15.7754993438721 15.5475835800171 15.1566247940063 15.6039581298828 15.4284172058105 15.4331674575806 15.6662921905518 15.3642921447754 15.4451923370361 15.5247688293457 15.4994106292725 15.4050979614258 15.8407411575317 16.0555553436279 16.204761505127 15.7819442749023 -9999 -9999 -9999 -9999 -9999 -9999 -9999 -9999 -9999 -9999 -9999 -9999 -9999 -9999 -9999 -9999 -9999
14.0584583282471 13.946249961853 14.4222917556763 14.295750617981 13.5008754730225 13.3962497711182 14.0515003204346 13.9494123458862 13.6745567321777 13.6070413589478 13.8387508392334 13.9997081756592 14.1519584655762 14.504207611084 14.6394996643066 14.3660001754761 14.494291305542 14.8678331375122 15.1972503662109 15.3510837554932 15.690333366394 16.0324993133545 16.1090831756592 15.2699584960938 15.3502082824707 14.4834995269775 15.5641660690308 16.0405826568604 16.2093753814697 15.9930419921875 15.8504161834717 15.7926664352417 15.5483713150024 15.419753074646 15.1603517532349 15.3125848770142 15.3156862258911 15.527777671814 -9999 15.4980764389038 16.7999992370605 16.3238105773926 15.8766660690308 -9999 -9999 -9999 -9999 -9999 -9999 -9999 -9999 -9999 -9999 -9999 -9999 -9999 -9999 -9999 -9999 -9999
13.8185005187988 13.823166847229 13.3041248321533 14.0249586105347 14.1981248855591 14.5417499542236 14.6453094482422 14.3327417373657 14.0231781005859 14.0935411453247 14.3325777053833 14.6184997558594 14.873291015625 14.945333480835 15.0675649642944 15.1347503662109 15.13108253479 15.2954587936401 15.4563331604004 15.6276254653931 15.9829168319702 16.3187084197998 16.4550838470459 16.1783332824707 16.1523742675781 15.5739583969116 16.2178745269775 16.1939086914062 16.3404293060303 16.3095645904541 15.7366256713867 15.8150434494019 16.0388565063477 15.7335033416748 15.328125 16.4166660308838 -9999 -9999 -9999 -9999 -9999 -9999 -9999 -9999 -9999 -9999 -9999 -9999 -9999 -9999 -9999 -9999 -9999 -9999 -9999 -9999 -9999 -9999 -9999 -9999
14.3273334503174 14.2733335494995 13.6152496337891 15.3610553741455 15.846248626709 15.5869083404541 15.0567874908447 14.6639747619629 14.502272605896 14.5401411056519 14.8207168579102 15.0860977172852 15.3308334350586 15.4959163665771 15.5077505111694 15.5468673706055 15.6316251754761 15.776291847229 15.8895416259766 15.9209585189819 16.2580413818359 16.5088748931885 16.7717914581299 16.6222953796387 16.4325313568115 16.595365524292 16.2591228485107 16.1223812103271 16.3200817108154 16.4796295166016 16.6499996185303 15.7055549621582 15.900463104248 15.7742862701416 16.1357135772705 -9999 -9999 -9999 -9999 -9999 -9999 -9999 -9999 -9999 -9999 -9999 -9999 -9999 -9999 -9999 -9999 -9999 -9999 -9999 -9999 -9999 -9999 -9999 -9999 -9999
15.5262079238892 15.4817914962769 15.7410888671875 16.3830642700195 16.1829433441162 16.021110534668 -9999 -9999 -9999 -9999 -9999 15.6115379333496 15.6240634918213 15.7263164520264 15.7999992370605 15.9201488494873 16.047306060791 16.1018753051758 16.1724166870117 16.2876663208008 16.4702911376953 16.7092952728271 16.743953704834 16.8034133911133 16.6776924133301 16.7378787994385 -9999 -9999 -9999 -9999 -9999 -9999 -9999 -9999 -9999 -9999 -9999 -9999 -9999 -9999 -9999 -9999 -9999 -9999 -9999 -9999 -9999 -9999 -9999 -9999 -9999 -9999 -9999 -9999 -9999 -9999 -9999 -9999 -9999 -9999
15.8890838623047 16.4406051635742 16.4231700897217 16.339506149292 16.3699989318848 -9999 -9999 -9999 -9999 -9999 -9999 -9999 -9999 -9999 -9999 16.2552528381348 16.3067092895508 16.2620429992676 16.2887916564941 16.6097965240479 16.6785717010498 16.6866664886475 -9999 -9999 -9999 -9999 -9999 -9999 -9999 -9999 -9999 -9999 -9999 -9999 -9999 -9999 -9999 -9999 -9999 -9999 -9999 -9999 -9999 -9999 -9999 -9999 -9999 -9999 -9999 -9999 -9999 -9999 -9999 -9999 -9999 -9999 -9999 -9999 -9999 -9999
16.1655826568604 16.6202049255371 16.4681949615479 16.6972217559814 16.647777557373 -9999 -9999 -9999 -9999 -9999 -9999 16.6041679382324 -9999 -9999 -9999 16.409538269043 16.4655418395996 16.5627918243408 16.6056976318359 16.780834197998 16.91725730896 -9999 -9999 -9999 -9999 -9999 -9999 -9999 -9999 -9999 -9999 -9999 -9999 -9999 -9999 -9999 -9999 -9999 -9999 -9999 -9999 -9999 -9999 -9999 -9999 -9999 -9999 -9999 -9999 -9999 -9999 -9999 -9999 -9999 -9999 -9999 -9999 -9999 -9999 -9999
17.0044631958008 16.7396125793457 16.6169357299805 16.834056854248 -9999 -9999 -9999 -9999 -9999 -9999 -9999 -9999 16.9333324432373 -9999 -9999 16.6925010681152 16.7277908325195 16.9640426635742 16.8915958404541 16.9459991455078 17.0125007629395 -9999 -9999 -9999 -9999 -9999 -9999 -9999 -9999 -9999 -9999 -9999 -9999 -9999 -9999 -9999 -9999 -9999 -9999 -9999 -9999 -9999 -9999 -9999 -9999 -9999 -9999 -9999 -9999 -9999 -9999 -9999 -9999 -9999 -9999 -9999 -9999 -9999 -9999 -9999
17.283332824707 17.0987167358398 -9999 -9999 -9999 -9999 -9999 -9999 -9999 -9999 -9999 -9999 -9999 -9999 -9999 16.9953651428223 16.9936676025391 17.0456237792969 17.1239929199219 17.3365154266357 -9999 -9999 -9999 -9999 -9999 -9999 -9999 -9999 -9999 -9999 -9999 -9999 -9999 -9999 -9999 -9999 -9999 -9999 -9999 -9999 -9999 -9999 -9999 -9999 -9999 -9999 -9999 -9999 -9999 -9999 -9999 -9999 -9999 -9999 -9999 -9999 -9999 21.283332824707 -9999 -9999
-9999 -9999 -9999 -9999 -9999 -9999 -9999 -9999 -9999 -9999 -9999 -9999 -9999 -9999 -9999 17.3534240722656 17.3931732177734 17.2499160766602 17.1774578094482 17.5546245574951 17.7611122131348 -9999 -9999 -9999 -9999 -9999 -9999 -9999 -9999 -9999 -9999 -9999 -9999 -9999 -9999 -9999 -9999 -9999 -9999 -9999 -9999 -9999 -9999 -9999 -9999 -9999 -9999 -9999 -9999 -9999 -9999 -9999 -9999 -9999 -9999 -9999 -9999 -9999 -9999 -9999
