02 cropping and modelling/wc2.1_10m_bio_7.asc
NCOLS 368 
NROWS 210 
XLLCORNER 67.1666666666667 
YLLCORNER 3.5 
CELLSIZE 0.166666666666667 
NODATA_value -9999 
[rows 81 to 107 of 210, columns 61 to 121 of 368]
-9999 -9999 -9999 -9999 -9999 33.742000579834 33.7080001831055 33.7792472839355 34.1677513122559 34.0089988708496 34.2454986572266 34.2042541503906 34.3484992980957 34.1545028686523 34.3339996337891 34.1787528991699 33.9477500915527 33.6334991455078 32.8947525024414 32.8047485351562 32.9212493896484 32.6205024719238 32.4669990539551 32.1812515258789 32.8014984130859 32.7172508239746 32.5997505187988 32.9015007019043 32.6155014038086 32.7105026245117 32.1920013427734 32.0335006713867 32.1014976501465 31.7997512817383 31.4855003356934 30.9452495574951 30.8307495117188 30.6682510375977 31.1227512359619 31.2542514801025 30.6254997253418 30.8344993591309 31.2017517089844 31.2905006408691 31.38450050354 31.2840003967285 31.0170001983643 30.494499206543 30.1462516784668 30.1107521057129 29.9444980621338 29.301248550415 28.8185005187988 29.0519981384277 28.7170028686523 28.423999786377 27.8849983215332 28.0077495574951 28.1952476501465 28.0797481536865 27.262752532959
-9999 -9999 -9999 -9999 -9999 -9999 -9999 33.9539985656738 33.8849983215332 33.663501739502 33.6755027770996 34.07275390625 34.1064987182617 34.0727500915527 33.9622497558594 33.5147514343262 33.0279998779297 32.8847503662109 33.0540008544922 33.1049995422363 33.2567520141602 33.4080009460449 33.1625022888184 33.0979995727539 33.0814971923828 33.1012496948242 32.895751953125 32.4297485351562 32.2057495117188 31.9762496948242 32.2382507324219 32.0767517089844 32.2117500305176 32.1860008239746 31.8857517242432 31.5074996948242 31.1655006408691 30.8850002288818 30.3627510070801 29.9517517089844 30.4220008850098 31.2172470092773 31.3125 31.1942520141602 31.3367500305176 31.2070007324219 30.8607501983643 30.6245002746582 30.421501159668 29.7432518005371 29.2152481079102 28.8427505493164 28.732250213623 29.088249206543 28.6040000915527 28.3827476501465 28.1842498779297 28.0147514343262 27.9980010986328 27.8987503051758 27.2177486419678
-9999 -9999 -9999 -9999 -9999 -9999 -9999 -9999 33.8430023193359 33.572998046875 33.6437492370605 33.7497520446777 33.2825012207031 33.2890014648438 32.9252510070801 32.7249984741211 32.9337501525879 33.4737510681152 33.8487510681152 33.8089981079102 33.5139999389648 33.150749206543 33.2367477416992 33.0770034790039 33.0709991455078 32.9562530517578 32.5800018310547 32.1407508850098 32.1184997558594 32.0470008850098 32.070499420166 31.8249969482422 32.0050010681152 31.4372520446777 31.1342506408691 30.6692504882812 30.6022491455078 30.4967498779297 30.3347492218018 30.1722526550293 30.9472503662109 31.1117496490479 30.8439979553223 30.4877510070801 31.0562477111816 31.0709991455078 30.9739990234375 30.5827522277832 29.7602481842041 29.1884994506836 29.223747253418 29.3380012512207 28.9027500152588 28.693000793457 28.5439987182617 28.4027500152588 28.2902526855469 27.9519996643066 27.6569995880127 27.6069984436035 26.9125003814697
-9999 -9999 -9999 -9999 -9999 -9999 -9999 -9999 -9999 -9999 33.3740005493164 33.0270004272461 32.7820014953613 32.8352508544922 33.0652503967285 33.679500579834 34.0424995422363 33.9332504272461 33.3072509765625 32.8507499694824 32.760498046875 33.1782493591309 33.1002502441406 32.5732498168945 32.2679977416992 32.3400001525879 32.4539985656738 32.247501373291 32.1022491455078 32.0634994506836 31.5229988098145 31.6962509155273 31.8182506561279 31.4362525939941 31.2692489624023 31.229248046875 31.1022491455078 30.9187507629395 30.9659976959229 30.6865005493164 30.9024982452393 30.9044990539551 30.767749786377 30.9684982299805 30.8239974975586 30.5762481689453 30.5174980163574 30.1304988861084 29.4857482910156 29.5222492218018 29.306999206543 29.0080013275146 28.8402519226074 28.6112499237061 28.4982490539551 28.3460006713867 28.0040016174316 27.5897521972656 27.5994987487793 27.3575019836426 27.1612491607666
-9999 -9999 -9999 -9999 -9999 -9999 -9999 -9999 -9999 -9999 -9999 32.9544982910156 32.7810020446777 33.1677474975586 33.9584999084473 34.0282516479492 33.5127487182617 33.4107513427734 33.0997505187988 32.5359992980957 32.6559982299805 32.695499420166 31.9337501525879 30.9867496490479 32.1640014648438 31.9724998474121 31.8687515258789 31.7687492370605 31.6367492675781 31.6022491455078 31.5682506561279 31.4482498168945 31.1147499084473 30.2775001525879 30.8242492675781 31.1540012359619 31.0532512664795 30.970251083374 31.017749786377 30.9939994812012 30.8762512207031 30.4250011444092 30.3485012054443 30.4372501373291 30.2727470397949 30.1095008850098 30.1412487030029 29.8062515258789 29.4217491149902 29.4220008850098 29.3269996643066 29.0462493896484 28.8077507019043 28.5467491149902 28.3714981079102 28.2157516479492 27.8827514648438 27.3520011901855 27.3899974822998 27.1800003051758 27.3012504577637
-9999 -9999 -9999 -9999 -9999 -9999 -9999 -9999 -9999 -9999 -9999 -9999 -9999 33.9769973754883 33.8380012512207 33.1437492370605 33.6207504272461 33.6350021362305 33.1064987182617 32.330249786377 32.7152519226074 32.0402488708496 30.9597511291504 30.5182495117188 32.1380004882812 31.8157482147217 31.507999420166 31.7060012817383 31.5562496185303 31.3092498779297 30.9002494812012 30.9549999237061 27.8250007629395 28.6184997558594 30.9559993743896 31.3155002593994 31.0205001831055 30.8524990081787 30.9467487335205 31.056001663208 30.930248260498 30.8987483978271 30.6237525939941 30.1672515869141 29.8222503662109 29.6559982299805 29.3827514648438 29.2080001831055 28.9602508544922 28.6942520141602 28.6187515258789 28.7534980773926 28.4817504882812 28.5365009307861 28.3064994812012 27.9455013275146 27.7057495117188 27.4432487487793 27.185001373291 26.67799949646 26.869499206543
-9999 -9999 -9999 -9999 -9999 -9999 -9999 -9999 -9999 -9999 -9999 -9999 -9999 -9999 33.0800018310547 33.193000793457 33.2737503051758 33.2620010375977 33.0699996948242 33.1227493286133 33.0222511291504 32.5714988708496 32.255500793457 32.0607490539551 31.9005012512207 31.3567504882812 30.7329978942871 30.4622497558594 30.1699981689453 30.7772483825684 30.0867500305176 31.1039981842041 30.9839992523193 31.1785011291504 30.7709980010986 30.7292499542236 30.4262504577637 30.1912498474121 30.2945022583008 30.6910018920898 30.4427490234375 30.5065002441406 30.087251663208 29.7704982757568 29.5750007629395 29.2415008544922 28.7857475280762 28.5952491760254 28.3985004425049 28.0102500915527 27.8269996643066 28.2632484436035 27.8112506866455 27.7832489013672 27.5262489318848 27.6744995117188 27.0699996948242 27.3732490539551 27.2537479400635 27.1925010681152 26.9837493896484
-9999 -9999 -9999 -9999 -9999 -9999 -9999 -9999 -9999 -9999 -9999 -9999 -9999 -9999 -9999 32.9444999694824 32.5785026550293 32.9867477416992 33.1062507629395 33.1317520141602 33.2312507629395 32.1754989624023 32.0879974365234 32.5072479248047 31.6052513122559 31.4674987792969 31.0044994354248 30.2834987640381 29.6197490692139 29.6845016479492 29.2477493286133 29.2727508544922 30.2902507781982 30.1262474060059 30.0917491912842 29.9907512664795 29.5380001068115 30.1035003662109 30.191499710083 29.8442497253418 29.6455020904541 29.5565013885498 29.5735015869141 29.7127494812012 29.047248840332 29.117000579834 28.6397495269775 28.4044990539551 28.5265007019043 28.2275009155273 27.4387474060059 28.1609992980957 28.0664978027344 28.097749710083 27.586498260498 27.533748626709 26.8530006408691 27.1332511901855 27.0889987945557 27.0834999084473 26.6952514648438
-9999 -9999 -9999 -9999 -9999 -9999 -9999 -9999 -9999 -9999 -9999 -9999 -9999 -9999 -9999 -9999 33.1192474365234 33.0157508850098 32.3205032348633 33.0092506408691 32.8962516784668 32.5337524414062 31.9159984588623 31.9842491149902 31.6027488708496 30.8752517700195 30.5444984436035 29.6940002441406 29.1732482910156 29.0844993591309 28.9827499389648 28.8549976348877 29.0885009765625 29.1642513275146 29.7587509155273 29.6730003356934 29.4609985351562 29.1735000610352 29.6785011291504 28.3899993896484 28.5189990997314 28.0437507629395 28.3080024719238 27.8682479858398 28.6399993896484 28.5849990844727 28.2869987487793 27.7729988098145 27.6624984741211 28.0914993286133 28.1165008544922 27.894998550415 28.0882511138916 27.9897499084473 27.8242511749268 27.517749786377 26.9695014953613 27.0207500457764 26.955249786377 26.7770004272461 26.8990020751953
-9999 -9999 -9999 -9999 -9999 -9999 -9999 -9999 -9999 -9999 -9999 -9999 -9999 -9999 -9999 -9999 -9999 33.2434997558594 32.784252166748 32.901252746582 32.5804977416992 32.7574996948242 32.2540016174316 31.810001373291 32.0255012512207 31.3877506256104 30.7160015106201 30.0630016326904 29.5432510375977 28.9235000610352 29.197998046875 29.3517532348633 29.9047508239746 29.8329982757568 30.0927505493164 29.9640007019043 29.3379974365234 28.315502166748 28.3160018920898 28.3025016784668 28.9127502441406 27.8772506713867 27.8487510681152 27.9754981994629 28.4925003051758 28.140251159668 27.8514976501465 27.4185028076172 27.2512493133545 27.0642509460449 27.356502532959 27.443998336792 27.598503112793 27.7185001373291 27.6012496948242 27.3717498779297 27.2304992675781 26.9765014648438 26.7747497558594 26.6414985656738 26.4125003814697
-9999 -9999 -9999 -9999 -9999 -9999 -9999 -9999 -9999 -9999 -9999 -9999 -9999 -9999 -9999 -9999 -9999 -9999 33.2702484130859 33.2434997558594 32.601001739502 31.8684978485107 31.3535003662109 31.6710014343262 31.7872486114502 31.3052520751953 31.0157508850098 30.513500213623 30.1809997558594 30.2027492523193 29.7452507019043 29.8975009918213 30.0977478027344 30.0180015563965 29.882999420166 30.1182518005371 29.7184982299805 28.7902488708496 28.5945014953613 28.6472511291504 28.2352485656738 27.9342498779297 27.9155006408691 28.3695011138916 28.2037487030029 27.7472496032715 27.257999420166 27.0634994506836 27.0279998779297 27.3070011138916 27.5682487487793 27.5782489776611 26.8452491760254 27.2667503356934 27.3142509460449 27.1892509460449 27.027250289917 26.7395000457764 26.5550003051758 26.4177494049072 26.095251083374
-9999 -9999 -9999 -9999 -9999 -9999 -9999 -9999 -9999 -9999 -9999 -9999 -9999 -9999 -9999 -9999 -9999 -9999 -9999 32.4910011291504 32.4869995117188 32.1907501220703 30.5637493133545 31.3602485656738 31.3915004730225 30.5652484893799 30.6184997558594 30.294750213623 30.0245018005371 30.4635009765625 30.1485023498535 30.2592468261719 29.9227485656738 29.8084983825684 29.8127479553223 29.5690002441406 29.4917507171631 28.497501373291 28.4280014038086 27.9549999237061 27.7835006713867 28.4710006713867 27.6129989624023 28.1629981994629 27.9695014953613 27.8274993896484 27.4819984436035 27.0267486572266 26.8852500915527 27.2312469482422 27.6152496337891 27.3852500915527 26.7950019836426 27.113000869751 27.101001739502 26.8310012817383 26.4367523193359 26.2240028381348 25.9307479858398 25.8992500305176 25.6615009307861
-9999 -9999 -9999 -9999 -9999 -9999 -9999 -9999 -9999 -9999 -9999 -9999 -9999 -9999 -9999 -9999 -9999 -9999 -9999 -9999 32.2927474975586 32.2822494506836 32.0432472229004 31.7065010070801 31.2287521362305 30.21875 29.5209999084473 29.6357498168945 29.5977478027344 30.0727500915527 30.1597518920898 29.380500793457 29.3995018005371 29.3817481994629 29.1894989013672 28.8245010375977 29.1700000762939 28.9094982147217 28.5707511901855 27.5580024719238 27.8452491760254 28.0717487335205 27.513500213623 27.421501159668 27.9540004730225 27.6567497253418 27.5557479858398 26.7334995269775 26.3807506561279 26.335750579834 26.2980003356934 26.3852500915527 26.6555004119873 26.4357490539551 26.7654991149902 26.4775009155273 25.7174987792969 25.7869987487793 25.642749786377 25.6125011444092 25.451000213623
-9999 -9999 -9999 -9999 -9999 -9999 -9999 -9999 -9999 -9999 -9999 -9999 -9999 -9999 -9999 -9999 -9999 -9999 -9999 -9999 -9999 31.6915016174316 31.1875 30.5092506408691 30.9130001068115 29.8897514343262 28.3070011138916 29.1595001220703 29.2557487487793 28.9759979248047 29.2789993286133 28.2632522583008 28.6109981536865 28.3107490539551 27.7647514343262 28.2622509002686 28.9385013580322 29.0265007019043 28.5825004577637 28.831750869751 28.181999206543 27.7674980163574 27.4870014190674 27.1764984130859 27.4270000457764 27.3969993591309 26.9127502441406 26.6585006713867 25.9874992370605 26.7062511444092 27.0747489929199 26.9562492370605 26.8667507171631 26.4005012512207 26.1200008392334 25.5240001678467 25.6000022888184 25.5114974975586 25.2809982299805 25.3800010681152 25.2175006866455
-9999 -9999 -9999 -9999 -9999 -9999 -9999 -9999 -9999 -9999 -9999 -9999 -9999 -9999 -9999 -9999 -9999 -9999 -9999 -9999 -9999 -9999 30.5245018005371 29.5132484436035 28.9852485656738 28.0405006408691 28.0729999542236 28.5925006866455 28.426248550415 27.6547508239746 28.1417503356934 28.5752487182617 27.1679992675781 27.135498046875 28.2045021057129 28.7622489929199 29.3092498779297 29.1867523193359 29.1200008392334 28.8295021057129 28.2247486114502 28.5212497711182 28.0935020446777 27.3950004577637 26.9897499084473 27.0412521362305 26.6840000152588 26.6344985961914 26.6940002441406 26.5929985046387 26.8374996185303 27.0157508850098 26.7015018463135 26.1515007019043 25.5577487945557 25.7522487640381 25.533748626709 25.2807483673096 25.1974983215332 25.159252166748 24.5432510375977
-9999 -9999 -9999 -9999 -9999 -9999 -9999 -9999 -9999 -9999 -9999 -9999 -9999 -9999 -9999 -9999 -9999 -9999 -9999 -9999 -9999 -9999 29.5799999237061 29.6405029296875 29.5872497558594 29.0670013427734 28.6439971923828 28.3577518463135 28.9560012817383 28.6679992675781 29.0557498931885 29.5502471923828 28.8560009002686 27.6132507324219 29.0372505187988 28.7729988098145 28.4732513427734 28.6785011291504 28.7902507781982 28.8322525024414 28.1812515258789 28.0249996185303 28.0002517700195 27.9402503967285 27.5164985656738 27.6952514648438 27.077751159668 26.9030017852783 26.3500022888184 26.4252510070801 26.8437519073486 26.8287506103516 26.4322509765625 25.2639999389648 25.2949981689453 25.2017517089844 25.2974987030029 24.9159984588623 24.7897491455078 24.5460014343262 23.8114986419678
-9999 -9999 -9999 -9999 -9999 -9999 -9999 -9999 -9999 -9999 -9999 -9999 -9999 -9999 -9999 -9999 -9999 -9999 -9999 -9999 -9999 -9999 -9999 30.3822498321533 30.4292488098145 30.4974975585938 29.6272506713867 29.3964996337891 29.5180015563965 29.1389999389648 29.0845012664795 29.5674991607666 29.5405006408691 28.8209991455078 29.1652507781982 28.6105003356934 28.8977489471436 28.2767505645752 28.4300003051758 28.6064987182617 28.6875 28.0887489318848 28.2607498168945 27.7537498474121 27.7387504577637 27.4990005493164 26.6717491149902 25.7455005645752 26.2262496948242 26.5712509155273 26.1822509765625 25.7657470703125 25.9837493896484 25.117000579834 24.5345001220703 25.1175003051758 24.8477516174316 24.582498550415 24.2547512054443 23.9637489318848 23.1304988861084
-9999 -9999 -9999 -9999 -9999 -9999 -9999 -9999 -9999 -9999 -9999 -9999 -9999 -9999 -9999 -9999 -9999 -9999 -9999 -9999 -9999 -9999 -9999 30.9977493286133 31.0507507324219 30.9900016784668 30.6319999694824 30.2342529296875 29.7687492370605 29.5644989013672 29.1665000915527 29.1270027160645 29.348747253418 29.0862503051758 29.0755004882812 28.9134998321533 29.1582508087158 28.6692504882812 28.3952522277832 28.8089981079102 28.6744995117188 28.6119995117188 27.5724983215332 26.8002510070801 27.0587501525879 26.9189987182617 25.8745002746582 25.4355010986328 26.0577507019043 26.2770004272461 26.1560001373291 25.6007499694824 25.142749786377 24.2442512512207 23.9982509613037 24.5189990997314 24.4165000915527 24.1727485656738 23.711498260498 23.0095024108887 22.2939987182617
-9999 -9999 -9999 -9999 -9999 -9999 -9999 -9999 -9999 -9999 -9999 -9999 -9999 -9999 -9999 -9999 -9999 -9999 -9999 -9999 -9999 -9999 -9999 31.3812484741211 31.1394996643066 31.0597496032715 30.6742496490479 30.2900009155273 30.1432514190674 29.9965019226074 29.3202495574951 29.1529979705811 29.5395011901855 29.6272468566895 29.6215000152588 29.3472480773926 29.128002166748 28.5904998779297 28.3522491455078 29.070499420166 28.9705009460449 28.7577514648438 28.0147495269775 25.8547477722168 26.5149993896484 27.0149993896484 25.9842491149902 25.7207508087158 25.8220024108887 25.9999980926514 25.8157482147217 25.4729995727539 24.6537494659424 23.1172485351562 22.6389999389648 22.8577518463135 23.875 23.5999984741211 23.0499992370605 22.3325004577637 21.5460014343262
-9999 -9999 -9999 -9999 -9999 -9999 -9999 -9999 -9999 -9999 -9999 -9999 -9999 -9999 -9999 -9999 -9999 -9999 -9999 -9999 -9999 -9999 -9999 31.376501083374 31.1902503967285 30.9279975891113 30.4955024719238 30.2002506256104 30.3407516479492 30.1662483215332 30.0442504882812 29.7857513427734 29.6102485656738 29.701000213623 29.7422523498535 29.5944976806641 29.4297504425049 27.9837493896484 27.8299980163574 28.7405014038086 29.0862503051758 29.0897483825684 28.5099983215332 26.5494995117188 26.8787498474121 27.525749206543 25.8229999542236 25.3792495727539 25.6692504882812 25.7497501373291 25.443000793457 25.0722503662109 24.0249977111816 22.5842475891113 21.9527492523193 23.098503112793 23.2569999694824 22.882999420166 22.3287467956543 21.6155014038086 20.8012504577637
-9999 -9999 -9999 -9999 -9999 -9999 -9999 -9999 -9999 -9999 -9999 -9999 -9999 -9999 -9999 -9999 -9999 -9999 -9999 -9999 -9999 -9999 -9999 -9999 30.8552494049072 30.4619979858398 30.3484992980957 30.257251739502 30.2180023193359 30.1627502441406 29.4652481079102 29.2932510375977 29.2827491760254 29.497501373291 29.3752479553223 29.4020004272461 29.1880016326904 28.2675018310547 26.6544990539551 27.1389999389648 28.8489990234375 28.2000007629395 27.676248550415 26.6014995574951 26.3517513275146 26.4947509765625 25.5550003051758 25.0909996032715 25.1805019378662 24.8412475585938 24.9134979248047 24.548002243042 23.9115009307861 22.4557495117188 22.2182502746582 23.0045013427734 22.7312507629395 22.1907501220703 21.6107330322266 20.8057346343994 19.8159790039062
-9999 -9999 -9999 -9999 -9999 -9999 -9999 -9999 -9999 -9999 -9999 -9999 -9999 -9999 -9999 -9999 -9999 -9999 -9999 -9999 -9999 -9999 -9999 -9999 30.4442501068115 30.2422523498535 30.0677490234375 29.9137496948242 30.13450050354 29.2832489013672 28.8072509765625 28.5097503662109 29.2877502441406 29.3082485198975 29.1285018920898 28.9379997253418 29.5335006713867 29.1997528076172 28.2645015716553 28.3557510375977 28.6817474365234 27.97825050354 26.0940017700195 26.8712501525879 27.1415023803711 25.3845024108887 25.6949996948242 25.2272491455078 24.9752502441406 24.2577476501465 24.4689998626709 23.85325050354 23.265251159668 22.7217502593994 22.6202507019043 21.9567489624023 21.8847503662109 21.6543045043945 21.0449981689453 -9999 -9999
-9999 -9999 -9999 -9999 -9999 -9999 -9999 -9999 -9999 -9999 -9999 -9999 -9999 -9999 -9999 -9999 -9999 -9999 -9999 -9999 -9999 -9999 -9999 -9999 29.8070011138916 29.5437488555908 29.8232498168945 29.5517501831055 29.441499710083 28.7845001220703 29.0652484893799 29.3179988861084 29.1527500152588 29.5032520294189 29.523998260498 29.03125 29.3400001525879 28.5280017852783 27.9422492980957 28.0924987792969 28.392749786377 26.9612503051758 27.0124969482422 27.020751953125 26.9285011291504 26.2945003509521 25.4407501220703 25.5739974975586 24.7432479858398 23.6582489013672 23.3794994354248 23.5109996795654 23.2360019683838 22.2985000610352 22.4194984436035 22.1709995269775 21.8090896606445 21.2671871185303 -9999 -9999 -9999
-9999 -9999 -9999 -9999 -9999 -9999 -9999 -9999 -9999 -9999 -9999 -9999 -9999 -9999 -9999 -9999 -9999 -9999 -9999 -9999 -9999 -9999 -9999 -9999 29.6792488098145 29.5190010070801 29.3892517089844 29.2789993286133 29.2204971313477 28.7942485809326 29.0735015869141 29.3057479858398 29.0979995727539 29.0417499542236 28.8554992675781 28.902250289917 29.1587524414062 28.0119972229004 27.5994987487793 27.9227485656738 27.9257507324219 27.4162483215332 26.8419990539551 25.7687511444092 26.2662506103516 26.778751373291 25.7887496948242 25.2690010070801 24.5509986877441 23.4569969177246 22.6100006103516 22.7495002746582 23.0134983062744 22.7079982757568 22.3224983215332 21.7997493743896 21.4187316894531 20.5260848999023 -9999 -9999 -9999
-9999 -9999 -9999 -9999 -9999 -9999 -9999 -9999 -9999 -9999 -9999 -9999 -9999 -9999 -9999 -9999 -9999 -9999 -9999 -9999 -9999 -9999 -9999 -9999 29.9727516174316 29.3537521362305 28.9992485046387 29.104248046875 29.0059986114502 28.8732490539551 29.0405006408691 29.207498550415 28.5474987030029 27.631498336792 28.3915004730225 28.6184997558594 28.8887500762939 28.5627517700195 28.3515014648438 27.9424991607666 28.1937484741211 27.4242515563965 27.1552505493164 26.7122497558594 26.1792488098145 26.0772514343262 25.8027496337891 25.2202491760254 24.416748046875 23.7285003662109 23.2185020446777 22.8509998321533 22.4579982757568 22.1025009155273 21.996000289917 21.7355003356934 21.3207492828369 20.3748950958252 -9999 -9999 -9999
-9999 -9999 -9999 -9999 -9999 -9999 -9999 -9999 -9999 -9999 -9999 -9999 -9999 -9999 -9999 -9999 -9999 -9999 -9999 -9999 -9999 -9999 -9999 -9999 -9999 28.9612503051758 29.1294975280762 29.0097484588623 28.5812492370605 28.7832489013672 28.3035011291504 28.6374988555908 28.2617492675781 28.7667503356934 28.7207489013672 28.5460014343262 28.242748260498 28.4324989318848 28.1597518920898 27.7565002441406 27.5744972229004 27.1247520446777 26.482250213623 25.2417488098145 25.2567501068115 24.6027488708496 25.4157524108887 24.9957485198975 24.0082511901855 23.2425003051758 22.4637508392334 22.013500213623 21.7939987182617 21.7059993743896 21.5042495727539 21.3404998779297 20.4824295043945 19.4756927490234 17.7999973297119 -9999 -9999
-9999 -9999 -9999 -9999 -9999 -9999 -9999 -9999 -9999 -9999 -9999 -9999 -9999 -9999 -9999 -9999 -9999 -9999 -9999 -9999 -9999 -9999 -9999 -9999 -9999 28.0347518920898 28.8947525024414 28.7065010070801 28.6162490844727 28.1307487487793 27.6132507324219 28.1410026550293 28.3042526245117 28.4572486877441 28.47825050354 28.0022487640381 27.8047523498535 27.6972503662109 27.1572494506836 25.7574996948242 25.3312492370605 24.8770027160645 24.9237480163574 24.9692516326904 23.9709987640381 23.5705013275146 23.0877494812012 23.0507488250732 22.9755001068115 22.4277496337891 21.8665008544922 21.3982486724854 21.4192504882812 21.2015018463135 21.0269985198975 20.7602500915527 19.7275581359863 19.4275512695312 -9999 -9999 -9999
