02 cropping and modelling/wc2.1_10m_bio_4.asc
NCOLS 368 
NROWS 210 
XLLCORNER 67.1666666666667 
YLLCORNER 3.5 
CELLSIZE 0.166666666666667 
NODATA_value -9999 
[rows 81 to 107 of 210, columns 240 to 299 of 368]
641.367614746094 646.32275390625 655.105529785156 662.638061523438 671.0390625 675.762084960938 686.190673828125 685.352355957031 686.216918945312 693.116577148438 703.434509277344 711.9140625 713.825439453125 704.901977539062 704.372619628906 706.997192382812 713.150207519531 720.73388671875 718.317260742188 722.80908203125 715.830261230469 718.553955078125 713.757080078125 707.014587402344 727.075317382812 736.718383789062 722.533020019531 717.576293945312 713.099060058594 718.095092773438 722.74951171875 719.217407226562 711.268310546875 682.273132324219 678.317199707031 686.674011230469 684.669555664062 702.109008789062 702.693664550781 699.122863769531 691.43603515625 696.795959472656 682.79296875 676.718322753906 672.088928222656 679.77490234375 676.074035644531 665.466613769531 667.335266113281 654.020080566406 652.583068847656 645.532409667969 633.415283203125 637.882263183594 619.58447265625 621.520263671875 618.333557128906 591.947021484375 597.134704589844 577.624145507812
632.79541015625 636.2890625 649.994934082031 658.573364257812 663.639709472656 667.667114257812 672.415161132812 675.510620117188 684.766296386719 687.200744628906 689.827392578125 701.980895996094 704.068237304688 701.003784179688 697.618835449219 701.871643066406 704.978088378906 703.620788574219 700.79833984375 714.25732421875 714.545837402344 712.828979492188 710.082336425781 694.679504394531 716.277465820312 722.500793457031 692.777587890625 700.292358398438 701.968811035156 694.68701171875 704.508972167969 704.955932617188 690.986389160156 685.879272460938 671.991333007812 686.081115722656 689.442321777344 692.294189453125 695.079284667969 687.286804199219 664.863159179688 667.316345214844 658.218383789062 664.700012207031 663.928588867188 660.509765625 658.775146484375 661.08154296875 650.691711425781 634.606750488281 645.379455566406 633.089904785156 626.263977050781 617.510314941406 607.482055664062 608.679931640625 607.801147460938 593.379516601562 582.239135742188 576.092224121094
624.081970214844 632.120239257812 637.898681640625 650.72021484375 652.961730957031 661.27978515625 668.619079589844 672.572692871094 676.031311035156 681.693115234375 686.926879882812 692.02294921875 696.448974609375 695.612060546875 696.251220703125 695.581970214844 693.360412597656 684.844970703125 697.328430175781 705.698791503906 701.230102539062 699.082702636719 699.8955078125 697.8486328125 707.831420898438 707.704406738281 691.188537597656 691.139343261719 696.157104492188 685.59326171875 684.967468261719 692.792236328125 680.796508789062 679.937561035156 669.92236328125 669.347595214844 671.081665039062 670.986145019531 679.093505859375 662.186218261719 657.175476074219 653.066223144531 645.626647949219 644.649230957031 641.673889160156 640.028991699219 638.347778320312 642.650268554688 640.187927246094 633.4912109375 627.574401855469 608.8271484375 619.539733886719 609.243835449219 598.756896972656 601.140747070312 596.742858886719 590.718139648438 567.934265136719 562.016174316406
617.086730957031 624.426635742188 629.564453125 636.482177734375 648.041564941406 652.984924316406 660.507446289062 665.209289550781 671.992797851562 673.182006835938 678.591125488281 681.764953613281 688.7119140625 689.333984375 689.743469238281 688.273742675781 685.788940429688 673.038696289062 685.836059570312 685.960632324219 677.175354003906 686.209106445312 687.182006835938 696.024353027344 698.217224121094 701.228942871094 703.205322265625 686.133239746094 673.628845214844 669.741638183594 663.12939453125 664.431335449219 669.582275390625 664.329895019531 663.499877929688 659.018310546875 651.469299316406 653.521667480469 651.322631835938 648.473083496094 639.166320800781 640.380920410156 631.936889648438 623.043395996094 622.194091796875 618.690673828125 629.008605957031 631.25537109375 630.458923339844 618.733703613281 609.7880859375 604.484313964844 606.289733886719 597.929016113281 600.546508789062 587.45849609375 591.397766113281 584.240539550781 563.678833007812 556.133483886719
608.748657226562 614.733276367188 621.801086425781 625.59521484375 638.503845214844 645.927185058594 651.502868652344 654.542358398438 660.140502929688 663.715637207031 667.335876464844 671.594177246094 678.932678222656 681.658447265625 677.635192871094 676.832275390625 676.037414550781 662.524658203125 652.529846191406 669.506958007812 670.770202636719 677.237854003906 678.049926757812 674.042175292969 682.263549804688 673.001770019531 669.58935546875 670.379577636719 647.8037109375 650.00439453125 645.268005371094 644.569885253906 656.8203125 647.238037109375 649.353637695312 655.47216796875 651.523986816406 652.750366210938 639.975219726562 644.440856933594 634.769470214844 628.20556640625 618.013061523438 618.730102539062 610.211242675781 614.878967285156 620.445922851562 619.317016601562 611.372375488281 609.952941894531 605.036010742188 599.742980957031 591.873962402344 595.965637207031 581.348327636719 576.383911132812 582.662048339844 576.850952148438 567.453918457031 552.846496582031
603.263305664062 605.618774414062 611.684020996094 621.075439453125 633.850891113281 639.384887695312 642.370910644531 649.289001464844 651.327758789062 654.964538574219 659.371032714844 661.618896484375 669.741821289062 669.447875976562 668.974426269531 667.830261230469 664.037963867188 644.002258300781 640.691162109375 658.016479492188 663.595336914062 663.0478515625 659.294006347656 662.526672363281 662.674255371094 656.54541015625 653.181457519531 654.245788574219 642.160827636719 639.667602539062 632.837524414062 632.218078613281 634.212036132812 638.450561523438 641.746765136719 643.863525390625 639.712951660156 635.55810546875 631.104125976562 635.254821777344 618.911437988281 608.122375488281 612.816284179688 608.394836425781 601.752258300781 613.161743164062 604.612854003906 594.375915527344 602.156677246094 594.142028808594 595.221984863281 592.679870605469 589.09375 578.226379394531 569.361511230469 570.69873046875 567.437072753906 563.4013671875 558.175476074219 552.72900390625
596.509643554688 603.795715332031 606.224731445312 616.492065429688 628.420349121094 633.491333007812 635.404113769531 640.889343261719 644.260498046875 646.841552734375 651.443725585938 655.475036621094 662.278198242188 663.136474609375 659.116333007812 654.454895019531 643.548706054688 630.281799316406 643.619995117188 648.429321289062 649.620971679688 647.323364257812 651.67822265625 650.215759277344 637.554260253906 647.03271484375 644.336059570312 640.775207519531 630.735961914062 628.420959472656 624.779296875 618.191040039062 617.354797363281 622.808776855469 632.679565429688 624.85986328125 626.44140625 619.082458496094 621.330688476562 613.894348144531 607.840698242188 603.997985839844 598.776123046875 594.9248046875 593.277160644531 595.914855957031 588.791809082031 592.901611328125 582.410766601562 577.181823730469 582.692626953125 583.677673339844 575.548095703125 563.211669921875 564.699829101562 569.545043945312 549.92724609375 552.151184082031 562.710510253906 551.619323730469
584.950073242188 594.945068359375 606.380859375 609.90576171875 618.717407226562 626.558837890625 625.968444824219 630.565612792969 637.9365234375 637.717041015625 643.80908203125 648.1826171875 653.189758300781 652.196166992188 647.180053710938 636.192993164062 626.137145996094 630.866821289062 631.480346679688 638.513122558594 640.294494628906 635.659729003906 636.432922363281 639.739318847656 624.887451171875 634.523010253906 633.456298828125 629.843505859375 614.249145507812 612.6904296875 614.960815429688 613.119262695312 609.656677246094 611.528015136719 614.556884765625 609.83203125 616.898010253906 611.031494140625 602.453125 599.037719726562 595.947631835938 594.237487792969 595.339111328125 583.729309082031 579.368530273438 586.603393554688 580.774169921875 571.697814941406 564.86376953125 564.964050292969 570.764587402344 570.730590820312 550.634216308594 558.433776855469 556.263366699219 552.473327636719 561.789001464844 552.494689941406 560.843322753906 556.51953125
581.357971191406 585.564514160156 596.480346679688 606.868225097656 613.038696289062 621.017456054688 618.493103027344 619.069641113281 627.572814941406 630.861938476562 637.453002929688 639.80322265625 645.552795410156 641.11767578125 637.412048339844 633.746398925781 622.832275390625 626.179931640625 624.749145507812 623.223754882812 623.148986816406 626.26171875 618.017517089844 624.234558105469 622.425598144531 616.338928222656 615.980651855469 616.012451171875 599.572387695312 605.4775390625 601.835571289062 605.971557617188 599.023498535156 602.548950195312 608.200012207031 608.1474609375 603.216064453125 603.044006347656 599.68896484375 586.9873046875 586.44775390625 587.767517089844 588.691589355469 578.966674804688 576.398620605469 576.133972167969 563.211853027344 564.293762207031 559.830444335938 565.345520019531 563.240966796875 550.836364746094 540.152465820312 553.316040039062 556.183166503906 556.395263671875 557.56689453125 557.929382324219 552.843017578125 547.091735839844
577.598449707031 582.9580078125 590.381591796875 604.08740234375 608.949462890625 614.467407226562 615.941467285156 608.863830566406 621.878784179688 627.06103515625 630.582092285156 633.753173828125 630.661071777344 629.826232910156 627.481811523438 623.850891113281 613.155578613281 614.185424804688 616.904479980469 616.243957519531 612.947204589844 612.238464355469 610.406982421875 609.057678222656 607.419067382812 601.894165039062 600.851989746094 594.927001953125 589.958374023438 593.932250976562 590.273681640625 597.142456054688 597.529907226562 599.539184570312 601.627746582031 598.788940429688 595.518127441406 594.535461425781 588.515502929688 585.873596191406 582.644958496094 578.679321289062 571.714416503906 577.735229492188 573.277099609375 566.123229980469 566.487548828125 556.110290527344 553.524658203125 552.072387695312 543.45654296875 547.058837890625 548.056335449219 550.331787109375 549.6728515625 547.439636230469 547.327026367188 550.021484375 542.317443847656 536.139465332031
571.323669433594 579.204284667969 590.568176269531 593.440673828125 596.928955078125 604.486938476562 607.954833984375 604.390319824219 611.200805664062 624.404235839844 627.784790039062 627.889343261719 620.612426757812 620.467102050781 619.923950195312 615.552734375 612.429443359375 608.487243652344 607.135009765625 604.89697265625 602.285400390625 603.081237792969 598.142395019531 596.596740722656 596.068420410156 594.234008789062 590.740600585938 590.204162597656 585.165344238281 586.864196777344 585.332336425781 581.131713867188 583.828979492188 588.256713867188 591.521240234375 587.21435546875 582.513916015625 581.732666015625 580.610717773438 578.121398925781 570.446838378906 568.171997070312 566.43896484375 560.551574707031 563.497192382812 550.451477050781 548.447021484375 543.968811035156 546.310791015625 530.489624023438 537.930053710938 533.631286621094 536.07568359375 534.155944824219 539.050964355469 539.980895996094 538.793579101562 538.860412597656 -9999 -9999
565.106811523438 573.126953125 582.64013671875 588.012329101562 592.27880859375 595.392639160156 600.382080078125 600.886291503906 607.667541503906 614.059387207031 624.119384765625 619.727844238281 611.723571777344 619.720458984375 615.81787109375 610.735412597656 605.042053222656 600.082336425781 601.134765625 598.49267578125 592.362609863281 589.46533203125 584.090026855469 574.85888671875 579.562255859375 578.736022949219 575.310546875 576.765808105469 575.015014648438 576.762145996094 572.456359863281 571.132995605469 573.386901855469 578.00634765625 582.025146484375 580.072326660156 572.93701171875 571.743591308594 570.273803710938 565.127563476562 564.178161621094 562.810180664062 558.904357910156 559.532775878906 555.25732421875 545.440795898438 541.93212890625 533.8740234375 530.844055175781 536.162414550781 534.806274414062 522.846435546875 527.764099121094 525.848571777344 522.208190917969 524.938842773438 526.608276367188 -9999 -9999 -9999
559.829406738281 565.862548828125 575.634155273438 581.230285644531 590.082153320312 592.388488769531 596.280029296875 602.80322265625 608.097534179688 611.157836914062 619.398681640625 616.562255859375 611.640930175781 612.818298339844 609.119934082031 605.429809570312 598.057739257812 590.538330078125 576.989135742188 577.043395996094 582.897521972656 571.5830078125 572.922058105469 568.562072753906 569.808410644531 564.265441894531 566.962524414062 569.112670898438 561.209716796875 565.84130859375 568.963439941406 568.299987792969 570.948181152344 572.325927734375 571.58349609375 571.430053710938 568.427368164062 567.032775878906 561.156005859375 556.965087890625 555.991271972656 547.852600097656 545.331787109375 549.304016113281 547.719055175781 538.660888671875 527.158935546875 525.618896484375 529.089904785156 528.040893554688 522.674194335938 521.544067382812 519.79833984375 517.518615722656 517.802307128906 518.81005859375 519.952026367188 -9999 -9999 -9999
554.135986328125 560.716674804688 567.427551269531 571.96630859375 581.705810546875 586.546691894531 591.205871582031 599.623352050781 602.10302734375 609.078002929688 612.119567871094 611.257019042969 611.534606933594 608.277160644531 601.026611328125 596.463989257812 590.163391113281 583.626342773438 576.053344726562 572.372619628906 569.847534179688 557.921630859375 554.957885742188 551.744140625 555.953002929688 561.330627441406 563.288452148438 558.450927734375 550.729797363281 553.949096679688 560.253967285156 558.197021484375 561.906799316406 558.8017578125 565.377014160156 564.044189453125 559.339477539062 558.7177734375 553.748168945312 548.191284179688 541.245727539062 535.6318359375 535.676635742188 538.408935546875 533.45263671875 526.223022460938 523.183532714844 523.253234863281 523.405212402344 517.663208007812 512.179443359375 516.335144042969 512.881652832031 510.425750732422 -9999 -9999 -9999 -9999 -9999 -9999
546.533325195312 551.067626953125 558.865356445312 565.015258789062 571.993530273438 578.914611816406 585.706237792969 597.039428710938 601.956237792969 609.826171875 611.467895507812 610.494567871094 604.160400390625 599.201293945312 594.889587402344 588.357604980469 581.831115722656 582.876708984375 574.348327636719 564.52587890625 548.531127929688 547.787719726562 539.957153320312 534.081604003906 533.2919921875 544.431701660156 547.48291015625 544.040100097656 544.181640625 544.232299804688 543.020141601562 551.575500488281 553.440612792969 549.554077148438 556.489868164062 556.399719238281 554.205749511719 551.021911621094 547.940856933594 540.705017089844 530.502136230469 524.172302246094 521.361694335938 521.763977050781 512.635437011719 520.8974609375 513.835266113281 -9999 -9999 532.581420898438 532.393615722656 -9999 -9999 -9999 -9999 -9999 -9999 -9999 -9999 -9999
539.716369628906 547.631713867188 552.770874023438 558.111694335938 567.497436523438 573.867065429688 584.445007324219 593.983276367188 601.080688476562 603.279113769531 605.992431640625 603.102416992188 599.646850585938 589.816101074219 582.91796875 580.92236328125 575.463500976562 578.47021484375 565.35791015625 555.510986328125 541.794616699219 530.448913574219 524.762634277344 520.036682128906 517.281860351562 527.807312011719 528.199523925781 535.399108886719 538.180908203125 530.901000976562 531.630493164062 542.037963867188 544.688415527344 545.979064941406 547.265014648438 550.025146484375 548.264465332031 542.930480957031 541.422180175781 535.278564453125 517.828735351562 510.82666015625 508.675720214844 505.997344970703 505.892761230469 -9999 -9999 -9999 -9999 -9999 -9999 -9999 -9999 -9999 -9999 -9999 -9999 -9999 -9999 -9999
532.555358886719 535.1806640625 541.756225585938 544.524353027344 552.051147460938 566.452819824219 579.691162109375 593.738159179688 603.147399902344 602.398681640625 606.850341796875 600.340759277344 592.94775390625 584.744567871094 581.173889160156 574.720336914062 578.373596191406 564.334777832031 555.142822265625 543.284301757812 533.098876953125 521.388366699219 513.130981445312 505.3935546875 504.304748535156 514.193542480469 520.408203125 528.315551757812 523.226684570312 520.709777832031 529.87451171875 537.176574707031 536.81982421875 538.251098632812 529.911499023438 540.703491210938 540.056640625 537.089904785156 532.913330078125 515.357788085938 505.182647705078 500.505096435547 498.842376708984 500.616058349609 -9999 -9999 -9999 -9999 -9999 -9999 -9999 -9999 -9999 -9999 -9999 -9999 -9999 -9999 -9999 -9999
522.352233886719 528.089660644531 531.767883300781 536.787414550781 539.39990234375 551.878112792969 570.361511230469 591.741882324219 607.049377441406 608.412963867188 602.153442382812 595.983581542969 586.587890625 580.269775390625 576.818298339844 572.941284179688 566.367126464844 556.744262695312 549.857482910156 538.648986816406 529.430297851562 517.811279296875 507.562225341797 498.286560058594 504.111694335938 510.343841552734 513.539611816406 514.46142578125 511.337921142578 511.189605712891 521.917053222656 521.561645507812 526.941223144531 526.580017089844 524.654174804688 538.229675292969 535.024780273438 531.389282226562 526.536071777344 524.429931640625 518.681213378906 520.234191894531 487.406433105469 -9999 -9999 -9999 -9999 -9999 -9999 -9999 -9999 -9999 -9999 -9999 -9999 -9999 -9999 -9999 -9999 -9999
508.299194335938 509.486328125 515.811767578125 520.357971191406 523.505065917969 534.992858886719 560.189697265625 586.318237304688 605.61669921875 602.703369140625 591.598388671875 586.401611328125 580.074401855469 572.359558105469 564.220031738281 558.257934570312 554.823120117188 549.667602539062 543.018615722656 532.027160644531 521.277465820312 511.541259765625 503.021820068359 491.022857666016 494.891937255859 498.703155517578 506.135375976562 507.76123046875 504.5537109375 508.837280273438 510.458465576172 512.412902832031 510.972869873047 515.098388671875 517.010559082031 522.502136230469 520.236389160156 529.154602050781 -9999 506.897399902344 506.599456787109 490.551544189453 486.299682617188 -9999 -9999 -9999 -9999 -9999 -9999 -9999 -9999 -9999 -9999 -9999 -9999 -9999 -9999 -9999 -9999 -9999
497.314117431641 499.918121337891 496.8447265625 505.594787597656 513.4482421875 528.173034667969 551.09912109375 572.529479980469 586.810546875 585.888427734375 578.471801757812 569.345886230469 563.361206054688 558.9716796875 554.578369140625 551.415710449219 547.914306640625 540.813415527344 534.032287597656 525.386169433594 515.116882324219 505.356292724609 498.608581542969 491.733856201172 491.096038818359 489.813781738281 500.063262939453 495.158752441406 497.810638427734 499.950531005859 495.861846923828 498.944519042969 502.100402832031 501.334655761719 502.024139404297 532.486145019531 -9999 -9999 -9999 -9999 -9999 -9999 -9999 -9999 -9999 -9999 -9999 -9999 -9999 -9999 -9999 -9999 -9999 -9999 -9999 -9999 -9999 -9999 -9999 -9999
484.830596923828 484.984466552734 485.249664306641 494.923919677734 502.661376953125 517.625854492188 537.862976074219 563.520629882812 569.018249511719 569.550231933594 561.504455566406 558.030639648438 546.181640625 541.339538574219 542.071228027344 538.714965820312 536.135437011719 531.031066894531 525.150939941406 518.447326660156 508.127990722656 499.529113769531 491.297668457031 487.889801025391 483.106292724609 486.468566894531 484.993316650391 487.720153808594 486.7470703125 495.823547363281 509.887847900391 499.301239013672 492.708526611328 494.850677490234 501.613189697266 -9999 -9999 -9999 -9999 -9999 -9999 -9999 -9999 -9999 -9999 -9999 -9999 -9999 -9999 -9999 -9999 -9999 -9999 -9999 -9999 -9999 -9999 -9999 -9999 -9999
485.534820556641 481.433837890625 481.324005126953 486.018035888672 497.036804199219 508.532073974609 -9999 -9999 -9999 -9999 -9999 542.8564453125 539.745300292969 533.238220214844 533.131713867188 528.468933105469 519.633850097656 517.053588867188 513.7958984375 508.714904785156 501.436676025391 492.307342529297 486.304260253906 484.436309814453 484.18603515625 483.168518066406 -9999 -9999 -9999 -9999 -9999 -9999 -9999 -9999 -9999 -9999 -9999 -9999 -9999 -9999 -9999 -9999 -9999 -9999 -9999 -9999 -9999 -9999 -9999 -9999 -9999 -9999 -9999 -9999 -9999 -9999 -9999 -9999 -9999 -9999
481.709869384766 480.873687744141 477.836975097656 480.691345214844 481.912933349609 -9999 -9999 -9999 -9999 -9999 -9999 -9999 -9999 -9999 -9999 510.040679931641 509.851104736328 505.796173095703 503.251770019531 500.539031982422 493.88330078125 492.491363525391 -9999 -9999 -9999 -9999 -9999 -9999 -9999 -9999 -9999 -9999 -9999 -9999 -9999 -9999 -9999 -9999 -9999 -9999 -9999 -9999 -9999 -9999 -9999 -9999 -9999 -9999 -9999 -9999 -9999 -9999 -9999 -9999 -9999 -9999 -9999 -9999 -9999 -9999
471.118927001953 474.702911376953 468.921051025391 469.192230224609 475.754547119141 -9999 -9999 -9999 -9999 -9999 -9999 509.955505371094 -9999 -9999 -9999 505.974151611328 504.188140869141 500.768707275391 497.255584716797 490.071563720703 485.866485595703 -9999 -9999 -9999 -9999 -9999 -9999 -9999 -9999 -9999 -9999 -9999 -9999 -9999 -9999 -9999 -9999 -9999 -9999 -9999 -9999 -9999 -9999 -9999 -9999 -9999 -9999 -9999 -9999 -9999 -9999 -9999 -9999 -9999 -9999 -9999 -9999 -9999 -9999 -9999
467.33642578125 461.871917724609 463.395324707031 467.389709472656 -9999 -9999 -9999 -9999 -9999 -9999 -9999 -9999 496.118865966797 -9999 -9999 495.662994384766 495.620086669922 487.474670410156 486.809509277344 496.231201171875 477.178070068359 -9999 -9999 -9999 -9999 -9999 -9999 -9999 -9999 -9999 -9999 -9999 -9999 -9999 -9999 -9999 -9999 -9999 -9999 -9999 -9999 -9999 -9999 -9999 -9999 -9999 -9999 -9999 -9999 -9999 -9999 -9999 -9999 -9999 -9999 -9999 -9999 -9999 -9999 -9999
466.281677246094 465.369506835938 -9999 -9999 -9999 -9999 -9999 -9999 -9999 -9999 -9999 -9999 -9999 -9999 -9999 483.611267089844 481.605255126953 477.721832275391 472.581085205078 471.703033447266 -9999 -9999 -9999 -9999 -9999 -9999 -9999 -9999 -9999 -9999 -9999 -9999 -9999 -9999 -9999 -9999 -9999 -9999 -9999 -9999 -9999 -9999 -9999 -9999 -9999 -9999 -9999 -9999 -9999 -9999 -9999 -9999 -9999 -9999 -9999 -9999 -9999 298.092681884766 -9999 -9999
-9999 -9999 -9999 -9999 -9999 -9999 -9999 -9999 -9999 -9999 -9999 -9999 -9999 -9999 -9999 473.049591064453 468.827850341797 463.096557617188 461.783996582031 460.879058837891 451.484954833984 -9999 -9999 -9999 -9999 -9999 -9999 -9999 -9999 -9999 -9999 -9999 -9999 -9999 -9999 -9999 -9999 -9999 -9999 -9999 -9999 -9999 -9999 -9999 -9999 -9999 -9999 -9999 -9999 -9999 -9999 -9999 -9999 -9999 -9999 -9999 -9999 -9999 -9999 -9999
