02 cropping and modelling/wc2.1_10m_bio_19.asc
NCOLS 368 
NROWS 210 
XLLCORNER 67.1666666666667 
YLLCORNER 3.5 
CELLSIZE 0.166666666666667 
NODATA_value -9999 
[rows 111 to 147 of 210, columns 170 to 254 of 368]
12 12 15 17 19 20 23 22 23 24 25 25 26 28 26 27 26 27 27 28 29 33 32 33 73 70 71 67 66 62 68 39 39 41 42 45 45 47 52 56 51 45 43 41 40 37 35 33 36 37 37 30 30 32 36 38 41 45 55 66 76 85 93 97 95 -9999 -9999 -9999 -9999 -9999 -9999 -9999 -9999 -9999 -9999 -9999 -9999 -9999 -9999 -9999 -9999 -9999 59 61 70
12 11 12 14 15 17 20 21 22 24 26 25 25 26 26 26 26 27 27 28 28 29 30 33 68 66 63 61 58 57 62 34 35 36 38 39 43 46 50 47 45 45 45 43 39 36 32 35 35 34 38 35 35 32 32 36 44 49 60 72 84 92 95 -9999 -9999 -9999 -9999 -9999 -9999 -9999 -9999 -9999 -9999 -9999 -9999 -9999 -9999 -9999 -9999 -9999 -9999 54 57 62 69
11 10 12 13 15 17 18 21 22 23 23 24 26 26 26 25 25 26 25 27 28 27 30 30 62 62 59 55 51 50 49 28 29 31 33 37 41 45 43 43 44 46 44 40 40 37 34 38 40 35 31 32 37 39 38 41 48 55 62 76 94 105 -9999 -9999 -9999 -9999 -9999 -9999 -9999 -9999 -9999 -9999 -9999 -9999 -9999 -9999 -9999 -9999 -9999 -9999 44 48 55 61 67
10 10 12 13 15 17 19 19 20 22 22 23 25 25 26 24 25 25 25 25 26 25 27 26 58 58 54 50 47 46 29 27 27 32 35 38 36 39 41 41 45 41 42 48 38 36 32 37 34 34 36 35 43 45 50 47 50 56 65 76 98 114 121 -9999 -9999 -9999 -9999 -9999 -9999 -9999 -9999 -9999 -9999 -9999 -9999 -9999 -9999 -9999 -9999 40 43 46 52 58 66
11 11 13 14 16 18 19 17 19 19 20 21 23 24 25 24 23 24 24 24 25 24 23 56 52 52 49 47 43 42 26 23 23 30 35 33 34 36 38 42 44 42 38 39 34 35 32 28 31 31 31 25 42 51 55 56 58 65 70 74 86 101 -9999 -9999 -9999 -9999 -9999 -9999 -9999 -9999 -9999 -9999 -9999 -9999 -9999 -9999 -9999 -9999 36 38 40 45 53 60 65
12 12 13 15 16 18 18 18 18 18 19 20 21 22 24 22 23 23 23 24 23 21 22 53 49 47 45 44 40 39 23 21 22 28 28 30 31 32 38 41 42 44 40 36 33 32 31 29 26 24 31 22 27 39 47 61 69 75 78 80 79 86 -9999 -9999 -9999 -9999 -9999 -9999 -9999 -9999 -9999 -9999 -9999 -9999 -9999 -9999 -9999 -9999 37 38 40 48 59 63 70
12 13 14 15 16 20 20 18 17 17 17 17 18 19 21 21 23 23 21 22 20 20 19 25 47 44 41 39 38 36 18 18 19 21 28 28 29 29 33 36 40 44 39 34 32 30 30 29 28 30 22 23 24 24 35 57 71 84 92 94 99 124 -9999 -9999 -9999 -9999 -9999 -9999 -9999 -9999 -9999 -9999 -9999 -9999 -9999 -9999 -9999 -9999 46 46 48 53 62 65 70
12 14 14 15 17 20 20 18 17 20 16 17 15 17 20 21 22 20 23 20 19 17 49 46 46 42 40 37 36 35 33 18 30 20 25 26 25 26 27 30 31 32 32 31 31 31 31 29 30 30 26 24 27 24 26 36 55 81 107 118 131 159 -9999 -9999 -9999 -9999 -9999 -9999 -9999 -9999 -9999 -9999 -9999 -9999 -9999 -9999 -9999 -9999 53 61 68 60 60 68 74
12 14 14 16 17 19 20 18 18 17 15 15 14 15 19 20 21 21 23 18 16 54 47 45 44 40 38 37 34 32 30 32 30 31 23 22 23 21 24 23 22 21 21 24 29 29 29 28 31 32 29 25 25 25 24 34 45 68 113 140 160 194 248 -9999 -9999 -9999 -9999 -9999 -9999 -9999 -9999 -9999 -9999 -9999 -9999 -9999 -9999 -9999 -9999 75 74 72 71 75 80
13 14 15 16 17 19 21 20 16 16 16 16 16 17 19 20 21 22 54 18 54 50 46 49 47 40 37 35 34 31 30 28 28 31 21 17 18 18 19 19 17 14 15 25 25 26 30 32 31 32 31 28 23 24 23 29 38 57 117 155 180 226 327 424 -9999 -9999 -9999 -9999 -9999 -9999 -9999 -9999 -9999 -9999 -9999 -9999 -9999 -9999 -9999 83 86 88 87 83 87
14 15 16 16 18 18 19 20 18 17 18 17 18 17 20 19 21 50 53 53 52 47 51 53 49 44 39 36 35 31 30 27 26 28 30 31 17 18 18 18 16 15 16 20 25 27 30 31 32 31 31 31 27 22 26 26 36 40 55 116 188 255 374 529 568 -9999 -9999 -9999 -9999 -9999 -9999 -9999 -9999 -9999 -9999 -9999 -9999 -9999 -9999 -9999 -9999 93 91 92 92
13 16 16 17 17 17 19 18 17 17 18 18 18 20 22 20 21 50 52 53 52 48 51 51 48 44 40 37 34 30 29 28 27 28 28 29 29 30 27 24 19 18 19 23 26 27 29 31 31 31 31 32 32 31 32 27 30 39 42 59 151 259 357 475 510 471 -9999 -9999 -9999 -9999 -9999 -9999 -9999 -9999 -9999 -9999 -9999 -9999 -9999 -9999 -9999 -9999 -9999 -9999 90
14 16 17 19 19 19 19 17 17 19 19 20 20 22 21 20 21 22 50 53 51 48 50 49 48 45 39 36 34 32 30 28 26 26 27 27 30 29 26 23 21 21 23 26 27 30 30 30 30 29 30 31 33 35 32 30 34 38 44 73 117 216 311 374 401 386 404 384 -9999 -9999 -9999 -9999 -9999 -9999 -9999 -9999 -9999 -9999 -9999 -9999 -9999 -9999 -9999 -9999 -9999
15 17 19 19 19 19 19 19 18 20 20 22 21 23 22 22 21 52 51 51 51 50 51 47 47 45 40 39 36 32 29 27 25 28 26 27 28 29 26 23 23 22 22 20 29 30 30 29 29 29 30 31 32 34 37 32 35 40 48 61 62 136 228 282 337 349 314 -9999 -9999 -9999 -9999 -9999 -9999 -9999 -9999 -9999 -9999 -9999 -9999 -9999 -9999 -9999 -9999 -9999 -9999
14 18 20 20 20 19 18 19 17 20 20 22 24 24 24 22 21 50 51 50 50 52 52 47 48 45 43 42 37 32 29 28 26 26 23 24 25 27 25 22 22 21 21 20 17 29 29 28 28 28 29 30 30 32 34 34 35 40 51 60 71 108 152 184 253 278 282 -9999 -9999 -9999 -9999 -9999 -9999 -9999 -9999 -9999 -9999 -9999 -9999 -9999 -9999 -9999 -9999 -9999 -9999
14 18 21 22 20 20 19 18 17 19 20 23 26 27 25 23 22 50 52 52 52 55 51 49 49 47 43 39 35 29 28 26 26 24 21 22 23 24 23 22 21 20 20 19 17 16 27 27 28 27 18 18 17 17 17 17 32 38 45 53 69 92 116 134 174 215 249 256 -9999 -9999 -9999 -9999 -9999 -9999 -9999 -9999 -9999 -9999 -9999 -9999 -9999 -9999 -9999 -9999 -9999
15 20 23 22 20 18 17 17 17 18 20 23 27 28 26 24 23 22 49 50 51 56 53 50 50 47 42 37 34 29 26 25 23 22 21 20 21 20 20 21 20 19 19 17 16 16 17 16 16 26 17 17 17 16 16 16 18 35 39 45 52 66 85 111 123 189 220 257 273 -9999 -9999 -9999 -9999 -9999 -9999 -9999 -9999 -9999 -9999 -9999 -9999 -9999 -9999 -9999 -9999
17 20 21 21 18 16 17 16 16 22 19 22 28 28 26 23 23 21 46 48 51 55 54 53 51 47 43 40 35 31 27 22 19 21 16 14 16 16 18 20 20 20 18 17 17 17 17 17 15 16 16 17 18 16 16 15 15 17 31 33 42 51 56 81 101 146 192 242 297 338 390 391 -9999 -9999 -9999 -9999 -9999 -9999 -9999 -9999 -9999 -9999 -9999 -9999 -9999
18 19 20 20 18 17 18 17 16 42 19 20 23 24 24 23 22 46 46 45 49 54 54 51 48 47 44 40 36 32 28 23 21 23 16 14 17 17 18 19 19 18 19 19 19 16 16 17 18 17 15 15 13 14 14 15 14 15 20 29 29 34 45 59 71 104 137 208 302 377 426 -9999 -9999 -9999 -9999 -9999 -9999 -9999 -9999 -9999 -9999 -9999 -9999 -9999 -9999
17 17 18 19 19 20 20 19 17 -9999 18 19 18 20 21 23 21 49 48 45 46 51 52 50 50 45 43 39 36 33 29 25 23 20 19 16 17 17 19 19 18 18 18 18 17 17 16 17 17 18 14 15 13 13 14 15 15 16 19 24 34 22 29 39 59 75 87 169 298 402 470 494 -9999 -9999 -9999 -9999 -9999 -9999 -9999 -9999 -9999 -9999 -9999 -9999 -9999
13 14 16 19 18 20 20 19 -9999 -9999 19 20 18 20 21 21 21 19 47 45 45 48 49 50 49 45 42 39 36 36 32 26 24 22 21 18 19 18 20 22 19 20 19 19 18 17 17 17 17 17 16 15 13 15 16 16 14 15 16 19 28 34 49 27 40 69 99 153 235 316 435 493 524 536 -9999 -9999 -9999 -9999 -9999 -9999 -9999 -9999 -9999 -9999 -9999
11 13 18 20 20 20 21 -9999 -9999 -9999 -9999 22 19 20 19 20 18 20 44 45 44 49 49 50 47 44 43 40 37 34 33 31 27 25 23 19 21 20 23 23 23 21 20 20 19 19 18 18 17 17 17 17 14 14 17 15 13 12 13 17 22 28 37 55 33 60 80 115 137 171 274 434 517 538 487 430 -9999 -9999 -9999 -9999 -9999 -9999 -9999 -9999 -9999
12 17 20 21 -9999 -9999 -9999 -9999 -9999 -9999 -9999 23 23 22 19 18 17 18 44 44 44 50 49 52 47 44 42 40 35 32 33 32 28 25 23 21 21 19 22 22 24 23 22 21 20 19 18 18 19 18 19 18 17 16 17 15 14 13 15 17 21 28 34 40 48 37 57 70 88 108 174 323 395 421 363 354 374 -9999 -9999 -9999 -9999 -9999 -9999 -9999 -9999
14 18 -9999 -9999 -9999 -9999 -9999 -9999 -9999 -9999 -9999 -9999 25 21 18 17 16 44 45 43 44 51 52 53 51 48 45 39 34 29 30 28 26 26 25 22 24 24 24 24 28 26 25 24 23 21 19 18 20 21 20 19 19 18 18 15 14 15 16 19 19 21 22 30 41 50 35 34 48 75 96 176 248 296 300 360 355 361 -9999 -9999 -9999 -9999 -9999 -9999 -9999
14 16 -9999 -9999 -9999 -9999 -9999 -9999 -9999 -9999 -9999 -9999 21 18 16 44 44 44 45 44 44 50 54 55 54 54 48 41 36 31 29 27 27 26 25 25 25 25 25 27 31 29 27 26 24 22 20 21 22 20 21 21 20 20 18 17 16 17 20 19 20 19 20 24 37 43 44 29 37 47 69 112 169 240 271 327 345 346 339 -9999 -9999 -9999 -9999 -9999 -9999
14 -9999 -9999 -9999 -9999 -9999 -9999 -9999 -9999 -9999 -9999 -9999 -9999 15 16 46 14 43 44 44 46 49 55 58 59 57 52 45 37 31 31 28 27 28 29 27 29 29 28 28 30 31 28 27 25 24 23 22 22 22 22 22 21 21 20 20 18 19 19 21 21 25 25 26 30 35 45 65 31 33 66 126 188 240 272 314 328 348 -9999 -9999 -9999 -9999 -9999 -9999 -9999
-9999 -9999 -9999 -9999 -9999 -9999 -9999 -9999 -9999 -9999 -9999 -9999 20 16 16 16 45 46 44 45 47 51 54 60 60 60 54 45 38 33 32 28 28 29 32 30 33 31 31 30 32 32 30 29 27 25 24 25 24 24 24 23 22 22 21 21 20 21 22 23 25 26 27 25 26 31 44 64 61 33 62 112 156 209 249 283 311 345 357 -9999 -9999 -9999 -9999 -9999 -9999
-9999 -9999 -9999 -9999 -9999 -9999 -9999 -9999 -9999 -9999 -9999 -9999 -9999 19 17 19 47 47 47 47 50 52 54 59 61 56 51 43 39 31 29 29 29 32 35 34 34 33 33 32 32 32 31 30 29 27 27 26 26 26 26 25 25 24 23 23 22 23 25 26 25 26 27 24 27 31 43 65 57 57 55 77 94 157 189 237 283 317 345 383 385 356 -9999 -9999 -9999
-9999 -9999 -9999 -9999 -9999 -9999 -9999 -9999 -9999 -9999 -9999 -9999 -9999 20 20 19 49 47 47 53 54 54 56 60 60 56 50 43 35 32 30 30 32 33 35 35 35 35 34 33 33 32 31 31 30 28 28 28 27 28 28 28 27 26 26 24 25 25 26 25 26 29 25 20 19 22 31 61 63 52 44 64 61 90 111 180 217 239 323 397 395 -9999 -9999 -9999 -9999
-9999 -9999 -9999 -9999 -9999 -9999 -9999 -9999 -9999 -9999 -9999 -9999 -9999 21 23 23 52 48 48 52 55 55 57 60 62 58 52 42 35 32 31 31 33 33 34 34 35 36 37 35 35 34 34 33 31 32 32 30 30 30 32 30 29 30 30 30 29 28 29 25 25 25 23 24 22 24 30 38 66 63 42 34 40 51 60 122 151 245 307 377 384 -9999 -9999 -9999 -9999
-9999 -9999 -9999 -9999 -9999 -9999 -9999 -9999 -9999 -9999 -9999 -9999 -9999 24 24 60 56 50 50 52 54 56 58 59 62 59 53 45 39 35 36 35 35 35 38 38 38 38 38 37 36 36 35 35 34 34 34 33 33 34 33 34 33 34 34 33 35 36 33 27 22 21 23 26 29 31 28 37 69 77 34 29 31 37 42 69 119 190 241 308 332 -9999 -9999 -9999 -9999
-9999 -9999 -9999 -9999 -9999 -9999 -9999 -9999 -9999 -9999 -9999 -9999 -9999 26 26 62 58 55 53 55 56 56 60 62 62 62 60 52 46 40 38 40 40 41 42 42 41 41 41 39 39 37 36 34 36 37 34 34 36 35 36 36 37 37 38 38 39 38 37 30 26 26 26 30 33 39 37 48 61 72 30 31 31 33 38 51 83 130 201 249 279 280 -9999 -9999 -9999
-9999 -9999 -9999 -9999 -9999 -9999 -9999 -9999 -9999 -9999 -9999 -9999 -9999 -9999 67 63 59 60 57 57 57 57 60 64 64 65 64 62 54 44 40 41 42 45 45 46 45 43 42 41 40 39 37 38 38 36 36 37 38 37 38 38 38 40 41 41 41 42 38 34 32 35 34 34 38 45 44 43 41 41 19 22 23 81 34 39 63 88 133 172 227 255 -9999 -9999 -9999
-9999 -9999 -9999 -9999 -9999 -9999 -9999 -9999 -9999 -9999 -9999 -9999 -9999 34 69 65 63 60 61 58 59 58 59 63 66 68 68 68 63 49 42 41 44 46 44 44 44 45 43 42 42 41 38 38 38 35 37 38 38 39 37 40 38 39 40 44 43 40 38 39 41 42 40 40 44 46 40 37 37 17 17 17 23 21 88 31 49 75 101 140 202 228 -9999 -9999 -9999
-9999 -9999 -9999 -9999 -9999 -9999 -9999 -9999 -9999 -9999 -9999 -9999 -9999 3896 3175 3120 64 63 63 63 61 62 62 63 67 66 62 62 57 46 43 42 46 49 50 48 45 44 43 41 41 39 37 35 34 34 38 41 44 45 47 48 48 48 49 51 52 42 47 47 47 48 50 49 51 51 18 18 16 15 17 18 16 18 69 24 33 66 91 131 178 205 206 -9999 -9999
-9999 -9999 -9999 -9999 -9999 -9999 -9999 -9999 -9999 -9999 -9999 -9999 -9999 3984 -9999 3317 3079 69 68 67 64 64 63 64 66 64 61 56 52 44 43 47 49 50 55 53 51 48 47 42 39 38 35 34 32 35 39 45 49 50 52 53 51 51 52 55 55 53 52 52 51 53 55 53 56 57 57 20 20 20 19 18 17 15 58 70 27 50 83 121 152 187 194 -9999 -9999
-9999 -9999 -9999 -9999 -9999 -9999 -9999 -9999 -9999 -9999 -9999 -9999 -9999 -9999 3645 3391 3152 75 70 71 67 66 66 66 67 67 63 58 51 46 48 53 53 50 50 53 53 52 49 49 46 44 40 36 34 36 42 49 54 56 58 58 57 57 56 57 58 54 55 55 55 55 55 56 56 21 22 23 20 16 17 16 17 60 58 71 94 50 74 105 149 176 187 -9999 -9999
