02 cropping and modelling/wc2.1_10m_bio_2.asc
NCOLS 368 
NROWS 210 
XLLCORNER 67.1666666666667 
YLLCORNER 3.5 
CELLSIZE 0.166666666666667 
NODATA_value -9999 
[rows 81 to 107 of 210, columns 240 to 299 of 368]
7.78129148483276 7.83206224441528 7.89929151535034 7.85408353805542 7.52075004577637 7.60391664505005 7.94660425186157 7.55035448074341 7.50752067565918 7.65970849990845 7.81308317184448 7.9271879196167 7.77991676330566 7.62408351898193 7.63360452651978 7.48491668701172 7.17395830154419 7.32129144668579 7.0928955078125 7.47529125213623 7.32233333587646 7.44102096557617 7.15695858001709 6.94350004196167 7.47885417938232 7.91227054595947 7.49439573287964 7.42772912979126 7.35431241989136 7.51166677474976 7.65858316421509 7.79820823669434 7.84833383560181 7.36987495422363 7.55685424804688 7.70460367202759 7.64614582061768 8.17762470245361 8.3294792175293 8.03222846984863 7.86739587783813 8.30995845794678 8.17274951934814 8.16883373260498 7.98366641998291 8.42841625213623 8.50479221343994 8.38483333587646 8.69764518737793 8.52787494659424 8.65702056884766 8.78237533569336 8.5699577331543 8.65779209136963 8.55166625976562 8.56518745422363 8.77712535858154 8.53743743896484 8.95745849609375 8.67631244659424
7.87112474441528 7.78029155731201 7.85108327865601 7.70566701889038 7.53150033950806 7.50822925567627 7.53710412979126 7.53972911834717 7.60479164123535 7.76095867156982 7.79668760299683 7.79024982452393 7.81237506866455 7.68604230880737 7.59054136276245 7.48160409927368 7.26072883605957 7.04008293151855 6.94660377502441 7.49610424041748 7.52347946166992 7.5901665687561 7.49070835113525 7.24102115631104 7.31993770599365 7.77062511444092 7.27237462997437 7.43645811080933 7.53333330154419 7.6093544960022 7.63625001907349 8.04533386230469 7.92314577102661 7.70481252670288 7.55337524414062 7.80920886993408 7.85970830917358 8.24533367156982 8.30545806884766 8.25377082824707 7.7212085723877 7.85706233978271 7.84950017929077 8.37441635131836 8.37210369110107 8.30539608001709 8.52387523651123 8.69174957275391 8.34604167938232 8.31747913360596 8.88489532470703 8.63991641998291 8.56631183624268 8.34102058410645 8.32560443878174 8.541916847229 8.294020652771 8.38199996948242 8.54179191589355 8.52385425567627
7.73052024841309 7.72133350372314 7.62172889709473 7.68087482452393 7.62995862960815 7.5207085609436 7.6922287940979 7.63366651535034 7.38052082061768 7.6375617980957 7.79072904586792 7.88618803024292 7.73729181289673 7.72627115249634 7.80043745040894 7.67974996566772 7.51060390472412 7.22054195404053 7.27187490463257 7.73254203796387 7.53335428237915 7.54685401916504 7.61225032806396 7.44737529754639 7.7257080078125 7.79633331298828 7.3970422744751 7.47758293151855 7.61106252670288 7.63462495803833 7.6375412940979 8.10443782806396 7.99843740463257 7.94766664505005 8.12820816040039 7.98516654968262 7.73802089691162 7.76779127120972 8.21579170227051 7.93143701553345 8.07793712615967 8.17358303070068 8.14135456085205 8.03506278991699 8.24199962615967 8.41956233978271 8.22947883605957 8.50870800018311 8.48856258392334 8.55587482452393 8.48679161071777 8.37545871734619 8.80316638946533 8.54710388183594 8.3831672668457 8.62120819091797 8.26364612579346 8.35485363006592 8.38718795776367 8.40718746185303
7.50339603424072 7.39649963378906 7.47945833206177 7.37618732452393 7.52920818328857 7.3381667137146 7.41191673278809 7.58254146575928 7.64135360717773 7.49120855331421 7.58572959899902 7.48364543914795 7.65870809555054 7.60793685913086 7.72693729400635 7.83279132843018 7.86947917938232 7.32983303070068 7.3501877784729 7.40291690826416 7.25268745422363 7.30900001525879 7.47047901153564 7.64760398864746 7.77289533615112 7.96097946166992 7.95518732070923 7.68564558029175 7.44756269454956 7.66881227493286 7.55004215240479 7.60602045059204 7.97181224822998 7.87229108810425 8.12291622161865 8.10643768310547 7.78468751907349 7.93962478637695 7.9299168586731 8.09404182434082 8.05422973632812 8.39141654968262 8.27539539337158 8.13037490844727 8.22666645050049 8.02387523651123 8.41768741607666 8.58927059173584 8.62887477874756 8.42979145050049 8.61400032043457 8.64485359191895 8.66285419464111 8.54172897338867 8.5788745880127 8.16775035858154 8.17525005340576 8.09633350372314 8.17689514160156 8.11760425567627
7.61897897720337 7.48564577102661 7.28477096557617 7.33933305740356 7.40654182434082 7.20091676712036 7.0859375 7.31760454177856 7.45837497711182 7.47995853424072 7.57500028610229 7.55725002288818 7.55200004577637 7.63408279418945 7.43170785903931 7.6644172668457 7.88714599609375 7.50397920608521 7.06366682052612 7.39627075195312 7.45810413360596 7.35335397720337 7.4238543510437 7.38158369064331 7.91231250762939 7.71370840072632 7.58625030517578 7.64391660690308 7.51966714859009 7.87481307983398 7.80685424804688 7.74293756484985 8.00364589691162 7.99499988555908 8.02320861816406 8.18822860717773 8.05195808410645 8.15402030944824 7.98781251907349 8.59791660308838 8.43468761444092 8.32535457611084 8.05212497711182 8.29027080535889 7.94320821762085 8.48345851898193 8.67335414886475 8.51827049255371 8.31158351898193 8.57289600372314 8.66387557983398 8.56756210327148 8.41339588165283 8.43331241607666 8.02156257629395 8.05568695068359 7.99139595031738 7.96804141998291 8.00724983215332 7.86368751525879
7.84439563751221 7.67199993133545 7.48677110671997 7.31664609909058 7.21745872497559 7.16966676712036 7.03425025939941 7.28212451934814 7.46129131317139 7.42500019073486 7.58158302307129 7.47475004196167 7.51295852661133 7.57660388946533 7.54372930526733 7.65541648864746 7.7223334312439 7.16522884368896 7.19747924804688 7.34283351898193 7.53575038909912 7.4525203704834 7.42979145050049 7.67960405349731 7.67020797729492 7.74562549591064 7.79825019836426 7.75825023651123 7.73037481307983 8.13743782043457 7.97108316421509 7.91558313369751 7.82143783569336 7.98683309555054 8.14183330535889 8.0100212097168 7.86220836639404 7.79768753051758 8.01424980163574 8.46606254577637 8.08537483215332 7.93116664886475 8.11629104614258 7.96047925949097 7.83637523651123 8.55189609527588 8.45583343505859 8.06377124786377 8.27641677856445 8.29662418365479 8.37627124786377 8.4388542175293 8.3919792175293 7.92910432815552 7.95418739318848 8.0977087020874 7.81975030899048 7.84585380554199 7.84212493896484 7.59277057647705
7.99318742752075 7.7531042098999 7.47820854187012 7.35535383224487 7.11785411834717 7.30706214904785 6.97497940063477 7.09058332443237 7.34195852279663 7.47114562988281 7.59208345413208 7.49524974822998 7.61402082443237 7.68420839309692 7.54277086257935 7.40275001525879 7.23472881317139 7.02029180526733 7.37183332443237 7.51910400390625 7.57737493515015 7.62585401535034 7.68839597702026 7.71477079391479 7.50120830535889 7.92868709564209 8.11279106140137 8.24181270599365 7.96556234359741 8.29162502288818 8.18539619445801 7.88362503051758 7.69883346557617 7.76381254196167 8.03977108001709 7.71891689300537 7.89389610290527 7.90260410308838 7.92310380935669 7.98020839691162 8.0513334274292 8.00877094268799 7.94237470626831 7.64106273651123 7.55085420608521 8.06329154968262 7.926833152771 8.1049165725708 8.03020858764648 8.02160453796387 8.18939590454102 8.26941680908203 8.1419792175293 7.7975001335144 7.90460395812988 7.71097946166992 7.55291700363159 7.53499984741211 7.48897933959961 7.37481260299683
7.86310434341431 7.61854124069214 7.51822900772095 7.28181266784668 7.32314538955688 7.41079139709473 7.05552101135254 7.00114583969116 7.2667293548584 7.45883321762085 7.67079162597656 7.56677103042603 7.63631200790405 7.6423544883728 7.44929122924805 7.25622940063477 7.03849983215332 7.24789619445801 7.40483331680298 7.60920810699463 7.73735427856445 7.84966707229614 7.82729148864746 7.86254215240479 7.63568782806396 8.05458354949951 8.04479122161865 8.11020851135254 7.91010427474976 7.91129159927368 7.89872884750366 7.86939573287964 7.81935405731201 7.67364549636841 7.7293758392334 7.80312490463257 8.09141635894775 8.1224365234375 7.83206224441528 7.73568820953369 7.76822900772095 7.83114576339722 8.18095874786377 7.40531253814697 7.2103123664856 8.19460391998291 7.88054180145264 7.61477041244507 7.60702085494995 7.87310409545898 8.07058334350586 7.93989562988281 7.5714373588562 7.64366674423218 7.65322923660278 7.40831232070923 7.3287501335144 7.2228536605835 7.2486457824707 7.11095809936523
7.97208309173584 7.57237482070923 7.4524998664856 7.42847919464111 7.32904148101807 7.5067081451416 7.20168781280518 7.02808332443237 7.23543739318848 7.31258296966553 7.56799983978271 7.46012496948242 7.57631254196167 7.50772953033447 7.51941680908203 7.45102071762085 7.04077100753784 7.33004188537598 7.53293704986572 7.6908540725708 7.76070880889893 7.99995851516724 7.84716653823853 8.04791641235352 8.21977138519287 8.13427066802979 7.93493747711182 8.03341674804688 7.61231279373169 8.0247917175293 7.68181276321411 7.74381256103516 7.68045806884766 7.7630410194397 7.71408319473267 7.96431255340576 7.69075012207031 7.96927118301392 8.10424995422363 7.73627090454102 7.71793746948242 7.81383323669434 7.95179176330566 7.75139570236206 7.87166690826416 7.97677040100098 7.64312505722046 7.76212501525879 7.65429162979126 7.82175016403198 7.64691686630249 7.44783306121826 7.49908351898193 7.40777111053467 7.40875053405762 7.25535440444946 7.24687480926514 6.89406251907349 6.38549280166626 6.31795644760132
7.58339595794678 7.66460418701172 7.55439567565918 7.51872968673706 7.49497890472412 7.47537469863892 7.56637477874756 7.03431272506714 7.09020805358887 7.33556270599365 7.50564670562744 7.49358415603638 7.36277103424072 7.48989582061768 7.37733316421509 7.11056232452393 6.89695835113525 7.1832914352417 7.60477113723755 7.75968742370605 7.7533540725708 7.77445793151855 7.90356254577637 8.15543746948242 8.2620210647583 8.07670879364014 8.0214786529541 7.83466672897339 7.63087511062622 7.85658359527588 7.59700012207031 7.67302083969116 7.68797922134399 7.55968713760376 7.49722909927368 7.61058330535889 7.93324995040894 7.89418697357178 7.73972940444946 7.64879131317139 7.65954113006592 7.67416667938232 7.3948540687561 7.78843784332275 7.79762506484985 7.61095809936523 7.85066604614258 7.5814790725708 7.38793802261353 7.34968757629395 7.19522953033447 7.27860450744629 7.23581314086914 7.24702072143555 7.06368780136108 6.85312461853027 6.37956237792969 6.56841468811035 5.79191541671753 5.5966215133667
7.38362455368042 7.29187536239624 7.56533336639404 7.39741659164429 7.26900005340576 7.82714605331421 7.7932710647583 7.56233358383179 7.03166675567627 7.25529193878174 7.5381875038147 7.60975027084351 7.37477111816406 7.21943759918213 7.14497900009155 7.33747911453247 7.4921669960022 7.4483757019043 7.41124963760376 7.46481227874756 7.65604162216187 7.72714614868164 7.8147292137146 8.11733341217041 8.26733303070068 8.16114616394043 8.01239585876465 8.06624984741211 7.87462520599365 7.86899995803833 7.66931247711182 7.55064582824707 7.33856248855591 7.17475032806396 7.33297920227051 7.47308301925659 7.53639602661133 7.53937482833862 7.64645862579346 7.60635423660278 7.48352098464966 7.51816654205322 7.40916633605957 7.3038125038147 7.50518751144409 7.20579147338867 7.36202049255371 7.28093767166138 7.24406242370605 7.0622501373291 7.25120782852173 6.98406219482422 6.97887516021729 6.80808305740356 6.78133392333984 6.74914598464966 6.15143156051636 6.01910161972046 -9999 -9999
7.33997917175293 7.16014575958252 7.36791706085205 7.78599977493286 7.85564565658569 7.54199981689453 7.64977073669434 7.365478515625 6.99181270599365 6.93764591217041 7.09308290481567 7.08293771743774 6.82424974441528 7.36758327484131 7.48974990844727 7.49789571762085 7.58899974822998 7.46593761444092 7.4299373626709 7.55627059936523 7.51452112197876 7.57268762588501 7.74672985076904 7.7877082824707 7.81693744659424 7.88118743896484 7.68802070617676 7.66614532470703 7.49743747711182 7.58887481689453 7.34518718719482 7.23495864868164 7.17618751525879 7.02104187011719 7.1604790687561 7.50658369064331 7.35054159164429 7.40989542007446 7.39685440063477 7.25933313369751 7.3789587020874 7.44129133224487 7.18495798110962 7.243812084198 7.38983297348022 7.29112482070923 7.26635408401489 6.79658317565918 6.81304121017456 7.08558320999146 7.19124984741211 6.88745784759521 6.92464590072632 6.8158540725708 6.50931262969971 6.29468727111816 6.14324712753296 -9999 -9999 -9999
7.34543704986572 7.10727071762085 7.05587482452393 7.06931257247925 7.93202114105225 7.57464599609375 7.22352075576782 7.30497932434082 7.29050016403198 7.04447889328003 7.13983297348022 7.34370803833008 7.14452075958252 7.39516687393188 7.2486047744751 7.39572906494141 7.30602073669434 7.13172912597656 7.02916669845581 7.12395811080933 7.53091669082642 7.32377052307129 7.6305832862854 7.77735424041748 7.91110420227051 7.69047927856445 7.8577709197998 7.86266708374023 7.64845848083496 7.56260395050049 7.50595855712891 7.26439571380615 7.21160411834717 6.96672916412354 6.71856212615967 6.86579132080078 6.99102115631104 7.09793758392334 6.67445850372314 7.10168743133545 7.28002071380615 7.07785415649414 6.83437490463257 7.0016040802002 7.11706256866455 6.93960428237915 6.72654151916504 6.7810001373291 6.70306205749512 6.83300018310547 6.84599447250366 6.72813653945923 6.93764543533325 6.62736797332764 6.48166656494141 6.22910976409912 6.08712148666382 -9999 -9999 -9999
7.4678750038147 7.49435377120972 7.48133325576782 7.25156259536743 7.64712476730347 7.26035356521606 7.1899790763855 7.43820810317993 7.40439558029175 7.26475048065186 6.97852087020874 7.05956220626831 7.1202917098999 7.18131256103516 6.95289611816406 7.06941699981689 7.13274955749512 7.27306270599365 7.37964534759521 7.47804117202759 7.51131248474121 7.37950038909912 7.48391675949097 7.50639581680298 7.60587501525879 7.89337539672852 7.95777082443237 7.77408361434937 7.58695840835571 7.36970853805542 7.3502082824707 7.18570852279663 7.09139537811279 6.82887506484985 6.77535390853882 6.44752073287964 6.59697961807251 6.58524990081787 6.53447246551514 6.83646535873413 6.90668773651123 6.99035453796387 6.95860433578491 6.84706211090088 6.46994876861572 6.46662950515747 6.47269630432129 6.48299503326416 6.21328067779541 6.46746778488159 6.20014715194702 6.3462119102478 6.75844573974609 6.4375 -9999 -9999 -9999 -9999 -9999 -9999
7.77191638946533 7.29254150390625 7.55731248855591 7.55487537384033 7.47483348846436 7.51408386230469 7.31331253051758 7.2996039390564 7.29964637756348 7.17014598846436 6.95985412597656 6.83172941207886 6.81724977493286 6.87335443496704 6.98956251144409 6.99339628219604 6.9997706413269 7.35956287384033 7.40397882461548 7.41341638565063 7.21462488174438 7.55281257629395 7.58660411834717 7.64795780181885 7.35231304168701 7.65579175949097 7.65950012207031 7.38933277130127 7.48135423660278 7.18625020980835 6.95756244659424 6.9609580039978 6.96856260299683 6.85395812988281 6.66341638565063 6.53868770599365 6.32472944259644 6.31810426712036 6.12325668334961 6.45808792114258 6.50794982910156 6.49734354019165 6.2877516746521 6.21139287948608 5.84364318847656 6.24973392486572 6.09880971908569 -9999 -9999 4.70833349227905 4.69166660308838 -9999 -9999 -9999 -9999 -9999 -9999 -9999 -9999 -9999
7.66368722915649 7.7281665802002 7.75206232070923 7.78354167938232 7.62097930908203 7.47200012207031 7.25331258773804 7.12552070617676 6.96974992752075 6.84889602661133 6.91925001144409 6.90893745422363 7.0240626335144 6.81416654586792 6.85958290100098 6.9017915725708 6.86793756484985 7.21037483215332 7.2424373626709 7.33489608764648 7.45452117919922 7.50762462615967 7.72272920608521 7.6977710723877 7.4118127822876 7.33822917938232 7.17535400390625 7.24366664886475 7.40950012207031 6.99085426330566 6.92470836639404 6.90416622161865 6.78420877456665 6.64152097702026 6.35012483596802 6.21852111816406 5.96910429000854 6.13197946548462 5.95093059539795 4.82023811340332 6.06627941131592 6.06086158752441 5.74207258224487 5.51764726638794 5.66879844665527 -9999 -9999 -9999 -9999 -9999 -9999 -9999 -9999 -9999 -9999 -9999 -9999 -9999 -9999 -9999
7.67254209518433 7.54633331298828 7.60589599609375 7.32935428619385 7.06506204605103 6.91310405731201 6.68681240081787 6.82370805740356 6.87852048873901 6.82162475585938 7.06854200363159 7.01104116439819 6.89827060699463 6.85064601898193 6.91054153442383 6.85381269454956 7.07964611053467 6.96122932434082 7.14747905731201 7.25102138519287 7.44325017929077 7.64541625976562 7.69927072525024 7.38558292388916 7.20733308792114 7.22095823287964 7.23760414123535 7.16818761825562 6.97412490844727 6.69793748855591 6.89404201507568 6.84979152679443 6.65033340454102 6.59964561462402 6.27331256866455 6.01470851898193 5.81581258773804 5.66536045074463 5.65671586990356 4.74166679382324 5.49541902542114 5.3349289894104 5.39323234558105 5.01249980926514 -9999 -9999 -9999 -9999 -9999 -9999 -9999 -9999 -9999 -9999 -9999 -9999 -9999 -9999 -9999 -9999
7.2249584197998 7.19991683959961 7.23066711425781 7.44950008392334 7.25593757629395 6.54129219055176 6.55229187011719 6.77018737792969 6.81285381317139 7.00766611099243 6.88539600372314 7.01831245422363 6.94304132461548 6.83170795440674 6.63743734359741 6.94702053070068 6.93506240844727 6.97637510299683 7.14568758010864 7.20791721343994 7.33264589309692 7.50252056121826 7.52250003814697 7.16089582443237 7.1679162979126 7.34306240081787 7.22674989700317 7.03822898864746 7.00881242752075 6.87274980545044 6.75760412216187 6.4076042175293 6.42195796966553 6.35922908782959 6.21816682815552 5.71565198898315 5.74254608154297 5.47390556335449 5.28245115280151 4.50648164749146 4.4472222328186 4.38095235824585 4.67013931274414 -9999 -9999 -9999 -9999 -9999 -9999 -9999 -9999 -9999 -9999 -9999 -9999 -9999 -9999 -9999 -9999 -9999
6.77877044677734 6.58947944641113 6.7084584236145 6.63037538528442 6.38824987411499 6.31591653823853 6.54643726348877 6.62002515792847 6.54911327362061 6.82012510299683 6.84877061843872 6.72231245040894 6.87706279754639 6.95118713378906 6.76385402679443 6.66016674041748 6.80622911453247 6.97143745422363 7.05339622497559 7.05685424804688 7.1321873664856 7.28931188583374 7.30052137374878 7.12337493896484 7.1191463470459 6.85910415649414 6.9562292098999 7.04454183578491 6.96381235122681 6.81752061843872 6.60033273696899 6.14385414123535 6.16497468948364 6.01836442947388 5.90738916397095 5.27517032623291 5.46960830688477 5.55833339691162 -9999 4.74615383148193 4.35833358764648 4.53630924224854 4.79999971389771 -9999 -9999 -9999 -9999 -9999 -9999 -9999 -9999 -9999 -9999 -9999 -9999 -9999 -9999 -9999 -9999 -9999
6.7589168548584 6.55166673660278 6.34481239318848 6.34202098846436 6.43320846557617 6.40412521362305 6.4931321144104 6.45173454284668 6.18748044967651 6.61867666244507 6.78264427185059 6.94122934341431 6.89462518692017 6.83774995803833 6.6572322845459 6.84162521362305 6.80608367919922 6.83383321762085 6.71866607666016 6.83156251907349 6.91231250762939 7.00179147720337 7.07160377502441 6.9929370880127 6.99777030944824 6.85495853424072 7.0270414352417 6.58521556854248 6.43989276885986 6.5790581703186 6.26272296905518 6.06634187698364 5.84043407440186 5.48290824890137 5.22135400772095 4.70833301544189 -9999 -9999 -9999 -9999 -9999 -9999 -9999 -9999 -9999 -9999 -9999 -9999 -9999 -9999 -9999 -9999 -9999 -9999 -9999 -9999 -9999 -9999 -9999 -9999
6.78941679000854 6.64339590072632 6.33789587020874 6.36744117736816 6.27504301071167 6.14662599563599 6.07828092575073 6.1106104850769 6.18825769424438 6.42770004272461 6.58496904373169 6.41758823394775 6.92731285095215 6.97995853424072 6.53134441375732 6.54131889343262 6.80293798446655 6.76337432861328 6.77102088928223 6.8395209312439 6.72081184387207 6.74300003051758 6.87781286239624 6.8846321105957 6.72208881378174 6.67926025390625 6.55929517745972 6.37738132476807 5.98155736923218 5.50833320617676 4.95000028610229 5.11666679382324 5.36921310424805 5.33738088607788 4.84404706954956 -9999 -9999 -9999 -9999 -9999 -9999 -9999 -9999 -9999 -9999 -9999 -9999 -9999 -9999 -9999 -9999 -9999 -9999 -9999 -9999 -9999 -9999 -9999 -9999 -9999
6.60408306121826 6.46131277084351 6.30683374404907 6.15927410125732 5.43639278411865 5.44611120223999 -9999 -9999 -9999 -9999 -9999 6.43475770950317 6.32352924346924 6.6840353012085 6.55624961853027 6.23694038391113 6.525954246521 6.83189630508423 6.69547939300537 6.50487470626831 6.55293750762939 6.45228242874146 6.61766242980957 6.42670679092407 6.08692312240601 6.18181848526001 -9999 -9999 -9999 -9999 -9999 -9999 -9999 -9999 -9999 -9999 -9999 -9999 -9999 -9999 -9999 -9999 -9999 -9999 -9999 -9999 -9999 -9999 -9999 -9999 -9999 -9999 -9999 -9999 -9999 -9999 -9999 -9999 -9999 -9999
6.39281272888184 5.90368890762329 5.52530479431152 5.125 4.86333322525024 -9999 -9999 -9999 -9999 -9999 -9999 -9999 -9999 -9999 -9999 6.53010082244873 6.74606275558472 6.74120807647705 6.55585432052612 6.02754926681519 6.20170068740845 6.14416694641113 -9999 -9999 -9999 -9999 -9999 -9999 -9999 -9999 -9999 -9999 -9999 -9999 -9999 -9999 -9999 -9999 -9999 -9999 -9999 -9999 -9999 -9999 -9999 -9999 -9999 -9999 -9999 -9999 -9999 -9999 -9999 -9999 -9999 -9999 -9999 -9999 -9999 -9999
6.16285419464111 5.90748310089111 5.11583375930786 4.8899302482605 4.72555541992188 -9999 -9999 -9999 -9999 -9999 -9999 5.34427070617676 -9999 -9999 -9999 6.3918924331665 6.60666704177856 6.5522084236145 6.01972723007202 5.80242395401001 5.97654867172241 -9999 -9999 -9999 -9999 -9999 -9999 -9999 -9999 -9999 -9999 -9999 -9999 -9999 -9999 -9999 -9999 -9999 -9999 -9999 -9999 -9999 -9999 -9999 -9999 -9999 -9999 -9999 -9999 -9999 -9999 -9999 -9999 -9999 -9999 -9999 -9999 -9999 -9999 -9999
5.24412250518799 5.06638145446777 5.15833330154419 4.9945650100708 -9999 -9999 -9999 -9999 -9999 -9999 -9999 -9999 4.875 -9999 -9999 6.21743440628052 6.36637496948242 6.18537521362305 5.58333301544189 5.51533365249634 5.78016662597656 -9999 -9999 -9999 -9999 -9999 -9999 -9999 -9999 -9999 -9999 -9999 -9999 -9999 -9999 -9999 -9999 -9999 -9999 -9999 -9999 -9999 -9999 -9999 -9999 -9999 -9999 -9999 -9999 -9999 -9999 -9999 -9999 -9999 -9999 -9999 -9999 -9999 -9999 -9999
4.78888893127441 4.85982894897461 -9999 -9999 -9999 -9999 -9999 -9999 -9999 -9999 -9999 -9999 -9999 -9999 -9999 6.14723587036133 6.52020835876465 6.45293760299683 6.51533794403076 5.71212148666382 -9999 -9999 -9999 -9999 -9999 -9999 -9999 -9999 -9999 -9999 -9999 -9999 -9999 -9999 -9999 -9999 -9999 -9999 -9999 -9999 -9999 -9999 -9999 -9999 -9999 -9999 -9999 -9999 -9999 -9999 -9999 -9999 -9999 -9999 -9999 -9999 -9999 3.83750033378601 -9999 -9999
-9999 -9999 -9999 -9999 -9999 -9999 -9999 -9999 -9999 -9999 -9999 -9999 -9999 -9999 -9999 6.34132432937622 6.60092163085938 6.8482084274292 6.95422887802124 6.46102619171143 6.1777777671814 -9999 -9999 -9999 -9999 -9999 -9999 -9999 -9999 -9999 -9999 -9999 -9999 -9999 -9999 -9999 -9999 -9999 -9999 -9999 -9999 -9999 -9999 -9999 -9999 -9999 -9999 -9999 -9999 -9999 -9999 -9999 -9999 -9999 -9999 -9999 -9999 -9999 -9999 -9999
