02 cropping and modelling/wc2.1_10m_bio_14.asc
NCOLS 368 
NROWS 210 
XLLCORNER 67.1666666666667 
YLLCORNER 3.5 
CELLSIZE 0.166666666666667 
NODATA_value -9999 
[rows 78 to 116 of 210, columns 174 to 260 of 368]
10 11 12 12 12 12 12 12 13 13 15 16 16 17 17 17 17 16 16 15 16 15 16 15 15 14 12 12 12 11 11 11 10 9 10 11 11 10 11 12 11 12 12 13 12 12 13 13 13 15 18 20 20 20 20 19 17 16 15 15 16 17 18 20 21 22 23 24 25 26 27 28 29 30 32 34 35 37 39 42 44 46 47 47 47 47 48
10 12 11 11 12 11 11 12 12 14 16 17 16 17 16 17 16 15 15 15 15 15 15 15 14 14 13 12 12 12 11 11 10 10 11 11 11 12 12 12 13 13 14 14 14 14 13 14 15 16 18 20 20 20 20 18 16 14 14 15 16 16 17 19 20 22 23 24 26 27 28 29 29 30 32 34 35 37 39 42 45 47 48 48 47 47 47
14 12 10 10 10 10 11 11 12 14 16 16 15 16 16 16 15 14 14 16 15 16 15 15 15 14 12 12 13 12 11 11 11 11 10 10 12 13 13 13 13 13 13 13 14 14 13 14 17 19 19 19 19 19 18 17 15 13 13 13 13 14 16 18 20 22 24 25 26 27 28 30 31 31 34 35 36 38 40 43 45 47 49 49 48 48 47
10 9 9 9 9 10 10 11 11 14 15 15 15 14 15 15 15 14 14 15 15 16 16 15 13 13 14 13 13 12 12 12 11 11 10 11 12 12 13 13 13 13 13 13 13 14 14 15 18 19 18 18 18 17 16 14 14 12 11 11 12 13 15 17 20 21 24 25 26 28 29 30 31 33 35 36 37 39 40 43 45 46 48 48 48 48 47
8 8 8 8 9 9 9 10 11 14 13 13 13 14 14 15 15 14 15 14 13 15 16 14 13 14 15 14 14 14 14 13 13 11 11 12 12 13 12 12 13 13 13 13 14 15 15 15 18 19 18 18 17 16 15 13 11 10 10 10 10 13 15 17 19 22 24 26 27 29 30 31 32 34 36 36 37 39 40 41 44 44 46 46 46 46 45
7 8 8 8 8 8 8 9 11 12 12 13 13 13 14 14 15 14 14 13 14 14 15 14 14 13 14 14 14 16 14 14 14 14 12 12 12 13 13 13 12 13 13 15 16 15 15 17 18 17 17 17 17 16 15 13 11 8 8 8 10 12 14 16 19 22 24 26 27 29 31 33 34 36 37 37 38 38 40 41 42 42 43 44 45 44 44
7 7 7 7 7 7 8 8 10 11 11 12 12 12 13 13 14 13 13 12 13 12 13 13 13 13 13 15 13 15 17 15 14 13 14 12 13 14 13 13 13 12 14 14 15 15 16 16 16 17 17 17 16 15 13 11 9 8 7 9 11 13 14 17 20 23 25 27 28 30 32 34 36 37 38 38 38 38 39 40 40 40 41 42 43 43 44
7 7 7 7 7 7 7 8 11 10 10 11 11 12 13 14 13 13 13 13 12 12 14 13 13 14 12 14 13 13 16 17 16 15 14 14 13 13 13 12 13 11 13 11 15 14 15 15 15 15 15 16 16 15 13 11 9 8 9 9 11 13 15 17 20 24 27 28 30 30 33 36 37 38 38 38 38 38 39 39 38 39 39 39 40 41 42
6 6 7 7 6 6 6 8 9 9 10 10 11 11 11 12 13 12 12 12 13 13 10 10 12 12 12 14 13 14 13 18 17 15 14 12 12 13 12 12 12 10 12 10 10 14 14 14 14 14 13 15 14 14 13 10 9 9 9 11 12 14 16 18 21 24 27 30 31 32 35 38 38 38 39 38 38 38 38 37 36 37 38 38 39 39 40
5 6 6 6 6 6 6 8 9 11 9 9 10 10 11 11 11 12 12 13 12 11 12 12 14 13 13 13 12 13 14 15 18 17 16 13 12 14 13 10 11 10 9 8 9 11 12 13 13 13 13 14 13 13 12 11 10 10 10 12 13 15 17 19 22 25 28 30 32 35 38 40 40 39 39 38 37 37 36 35 35 35 36 37 37 37 37
5 5 5 5 5 5 6 7 8 9 9 9 9 9 11 11 10 11 13 12 11 12 13 13 14 13 13 14 13 14 14 13 15 18 16 13 12 12 12 11 9 10 8 11 11 11 11 11 12 13 13 14 14 14 12 11 11 11 11 12 13 15 17 20 23 26 28 31 34 37 40 42 41 40 40 39 37 36 35 33 33 33 35 35 35 35 36
4 4 4 4 4 5 5 6 7 7 7 8 8 8 9 9 10 12 11 11 11 13 11 13 13 13 14 14 15 15 13 14 14 18 17 14 12 11 10 9 9 9 8 11 12 13 11 10 12 12 13 13 13 13 12 12 11 12 12 13 15 16 18 20 23 27 29 31 35 38 41 43 43 40 41 39 37 36 34 32 30 31 33 33 33 34 35
3 3 4 3 4 5 6 7 6 6 7 8 7 8 9 10 9 9 11 10 11 11 12 14 14 14 14 15 15 17 15 15 14 15 16 15 13 12 13 12 14 12 10 10 13 13 11 11 10 12 12 13 14 12 11 12 13 14 14 15 16 18 19 22 24 27 29 31 35 39 42 44 44 40 39 39 37 36 34 32 30 30 32 32 32 33 33
2 3 3 3 4 5 6 5 6 6 6 6 7 9 7 7 8 8 11 11 11 12 13 14 14 14 14 15 15 16 16 15 15 14 15 16 15 15 14 13 12 12 11 12 16 18 16 13 10 11 11 11 12 12 11 12 12 14 15 16 17 19 21 23 25 27 29 32 35 38 40 43 42 40 37 37 37 35 34 32 32 33 33 32 32 32 32
2 2 2 3 3 5 5 4 5 5 5 5 6 7 7 7 6 7 9 11 13 13 13 15 14 14 15 15 16 16 16 16 16 14 14 14 15 14 13 13 12 16 17 18 17 20 18 15 12 11 9 10 12 12 11 11 10 11 13 16 18 20 22 24 27 28 30 32 34 36 38 38 37 35 35 35 36 35 34 35 35 35 33 32 32 31 31
2 3 3 3 3 4 4 3 4 4 5 5 5 7 7 6 5 6 8 11 13 13 13 15 15 15 15 16 16 17 17 17 15 15 16 16 17 15 14 11 10 13 14 18 19 21 18 15 12 9 9 10 16 14 11 10 8 11 13 14 19 20 23 25 27 28 30 31 32 34 35 34 33 32 32 33 34 35 35 36 36 35 33 31 31 30 30
2 2 2 3 3 3 3 3 4 4 4 4 4 5 5 5 5 5 7 10 11 14 14 15 15 15 16 16 17 18 18 17 15 16 15 14 13 14 14 12 10 11 10 10 18 21 20 17 11 8 8 9 15 17 12 10 11 12 13 12 17 21 23 25 25 27 28 30 31 32 32 32 30 30 31 32 33 34 34 35 34 34 32 31 30 29 29
1 2 2 2 2 2 2 3 3 3 3 5 3 3 5 4 5 6 7 8 11 13 14 15 15 16 17 17 18 17 18 16 17 13 15 15 14 12 12 9 9 9 10 9 7 17 19 17 11 8 8 9 17 14 12 10 10 10 15 15 16 20 23 25 24 25 27 29 30 31 31 32 30 30 30 31 31 32 32 32 32 32 31 30 29 27 27
1 2 2 2 2 3 2 2 2 3 3 3 4 3 5 6 5 6 7 9 11 12 14 16 17 18 18 18 18 18 17 17 15 14 12 13 13 11 11 12 9 8 9 8 5 6 15 18 15 12 13 14 18 15 12 11 9 10 14 18 18 21 22 22 22 24 26 28 30 31 32 31 31 30 30 30 31 31 31 31 31 30 29 29 28 27 26
1 2 2 2 2 2 2 2 2 3 3 3 3 4 5 6 5 6 6 9 10 12 14 15 16 16 17 18 18 18 18 18 17 15 15 13 14 11 10 10 11 9 9 11 7 6 6 14 17 15 14 17 17 14 16 13 11 13 14 17 18 19 19 22 23 24 26 28 30 31 31 31 31 31 30 30 30 30 30 29 29 29 28 28 26 25 25
1 3 3 2 3 2 2 2 3 3 3 3 3 4 6 5 5 5 7 11 10 12 14 15 16 15 17 17 19 19 17 16 20 19 17 15 13 12 10 9 10 11 8 10 8 10 6 11 15 15 15 17 17 18 16 13 12 13 15 17 17 17 14 19 21 23 25 28 29 31 31 31 32 31 30 30 29 29 29 28 28 28 27 26 26 25 25
1 2 2 2 2 2 2 2 3 3 3 3 3 3 4 5 6 6 8 9 9 11 13 14 16 15 15 15 16 16 17 16 19 20 17 14 14 11 11 8 9 8 8 8 9 9 6 5 5 13 16 18 20 17 15 13 14 15 15 16 17 18 16 19 19 20 23 25 28 30 30 32 33 32 31 29 28 28 27 27 27 27 26 26 25 24 24
1 2 2 3 3 2 2 3 2 3 3 3 3 4 4 6 5 6 8 8 9 12 13 15 16 15 15 14 14 14 15 16 20 18 16 14 13 8 9 8 9 8 9 9 10 10 6 4 5 11 12 18 22 17 15 14 15 16 16 16 16 17 16 18 18 18 21 24 26 31 33 34 33 32 30 29 28 28 27 27 27 27 26 26 25 24 23
2 2 2 2 2 2 2 3 2 2 3 4 4 4 4 5 5 7 8 10 11 12 13 14 13 14 13 12 12 12 12 13 15 13 11 10 10 8 7 6 5 9 9 9 9 11 10 6 4 9 9 13 19 18 17 14 14 17 17 15 14 13 13 15 15 15 20 23 26 35 37 35 32 30 29 28 27 27 26 26 26 26 26 25 24 24 24
2 2 2 3 3 2 2 3 3 3 3 4 4 4 4 5 6 6 7 10 10 11 13 14 14 13 12 11 11 10 11 9 11 9 9 8 8 7 6 5 6 6 10 10 9 10 10 9 6 7 8 10 13 21 23 19 16 16 17 15 13 11 10 10 11 13 19 24 31 38 36 34 -9999 -9999 -9999 -9999 -9999 26 26 25 26 25 25 25 25 25 24
2 3 3 3 3 2 2 3 3 2 3 3 4 4 4 5 6 6 8 10 10 12 14 13 13 15 11 9 9 9 7 7 7 6 6 6 6 6 6 4 4 5 7 9 10 10 10 8 7 7 7 7 9 14 18 18 17 17 17 15 12 11 11 11 12 15 20 25 30 34 29 -9999 -9999 -9999 -9999 -9999 -9999 -9999 -9999 -9999 -9999 24 25 25 25 25 24
2 3 4 3 3 3 3 4 3 3 3 3 4 4 5 5 5 6 8 9 12 12 14 13 13 15 11 7 8 6 7 7 5 5 4 6 7 6 5 4 4 6 6 8 9 9 9 7 6 6 6 5 6 9 10 12 15 17 17 16 13 13 14 14 14 16 19 23 25 22 23 -9999 -9999 -9999 -9999 -9999 -9999 21 -9999 -9999 -9999 24 25 25 25 26 25
3 3 4 4 3 4 4 3 3 2 3 3 4 4 5 5 6 7 8 10 11 13 13 12 12 12 9 7 8 8 7 9 5 5 4 6 5 5 5 4 4 5 5 7 7 8 7 6 6 4 4 4 5 5 7 10 13 16 17 17 17 18 20 17 13 16 17 20 21 19 -9999 -9999 -9999 -9999 -9999 -9999 -9999 -9999 22 -9999 -9999 23 25 26 26 25 25
2 3 3 4 3 4 4 4 3 3 3 4 4 4 5 6 6 7 9 10 10 11 11 14 13 11 9 8 7 6 6 7 6 5 5 5 5 5 5 4 4 3 5 7 6 6 5 5 5 4 4 4 4 5 7 8 10 14 16 20 22 22 22 21 11 13 16 18 -9999 -9999 -9999 -9999 -9999 -9999 -9999 -9999 -9999 -9999 -9999 -9999 -9999 22 23 25 26 26 -9999
2 3 4 4 4 4 4 4 3 4 3 4 4 5 5 6 7 7 8 9 10 11 9 10 10 9 9 7 7 6 6 9 6 5 5 6 6 7 8 5 4 3 6 6 5 4 3 4 4 4 3 4 4 5 7 8 9 11 13 21 24 21 18 18 -9999 16 -9999 -9999 -9999 -9999 -9999 -9999 -9999 -9999 -9999 -9999 -9999 -9999 -9999 -9999 -9999 20 21 23 25 26 25
3 3 4 4 4 4 4 5 4 4 4 4 4 5 5 6 6 7 8 8 9 9 8 9 9 9 8 7 6 7 7 7 5 5 6 6 8 8 6 5 5 3 7 6 5 3 3 3 3 3 3 3 4 5 6 9 10 12 13 22 25 21 18 -9999 -9999 -9999 -9999 -9999 -9999 -9999 -9999 -9999 -9999 -9999 -9999 -9999 -9999 -9999 -9999 -9999 -9999 -9999 20 21 23 25 25
3 3 4 4 4 4 4 4 4 3 4 4 4 4 5 5 5 6 7 7 8 8 8 8 8 9 8 8 7 8 7 6 6 7 8 8 9 7 6 5 4 4 6 6 6 4 3 3 2 3 3 3 4 5 7 10 12 15 18 23 25 22 20 -9999 -9999 -9999 -9999 -9999 -9999 -9999 -9999 -9999 -9999 -9999 -9999 -9999 -9999 -9999 -9999 -9999 -9999 -9999 19 20 21 22 -9999
3 3 3 5 4 4 3 4 4 3 4 4 4 4 4 5 5 6 7 7 7 8 8 8 8 8 7 8 6 7 6 7 6 8 9 10 10 7 7 5 5 4 5 4 7 5 4 2 2 3 3 3 3 5 8 11 15 18 22 27 25 22 -9999 -9999 -9999 -9999 -9999 -9999 -9999 21 -9999 -9999 -9999 -9999 -9999 -9999 -9999 -9999 -9999 -9999 -9999 18 -9999 22 23 24 24
3 3 3 4 4 3 3 3 3 4 4 5 4 4 4 4 4 6 6 6 7 7 8 7 7 7 9 7 6 7 7 8 9 9 11 12 10 8 7 6 5 5 4 4 5 5 4 3 3 3 3 3 4 5 9 13 18 22 26 28 27 -9999 -9999 -9999 -9999 -9999 -9999 -9999 -9999 -9999 -9999 -9999 -9999 -9999 -9999 -9999 -9999 -9999 15 15 17 19 20 21 22 24 24
2 2 3 4 4 3 3 3 3 4 5 5 4 4 4 4 4 5 5 6 6 6 6 6 6 7 8 6 6 7 7 8 9 10 12 10 9 8 8 7 6 5 4 5 5 5 5 4 4 3 3 4 5 6 10 14 20 25 27 -9999 -9999 -9999 -9999 -9999 -9999 -9999 -9999 -9999 -9999 -9999 -9999 -9999 -9999 -9999 -9999 -9999 -9999 13 14 15 17 19 20 21 22 23 24
2 2 2 3 4 3 3 3 3 4 5 4 4 4 3 4 4 4 5 5 5 5 5 5 5 5 6 5 5 6 6 7 9 11 10 9 9 9 8 7 7 6 5 7 7 5 4 4 4 4 4 5 6 8 10 15 22 27 -9999 -9999 -9999 -9999 -9999 -9999 -9999 -9999 -9999 -9999 -9999 -9999 -9999 -9999 -9999 -9999 -9999 -9999 11 12 14 15 17 19 21 22 22 23 24
2 2 3 3 4 4 4 3 4 5 5 4 4 3 3 3 4 3 4 4 4 5 4 4 4 5 6 5 5 6 7 9 9 10 10 9 10 8 8 11 7 6 4 7 6 6 5 5 5 5 6 6 7 8 11 14 22 29 32 -9999 -9999 -9999 -9999 -9999 -9999 -9999 -9999 -9999 -9999 -9999 -9999 -9999 -9999 -9999 -9999 10 11 11 13 15 17 19 21 22 23 23 24
2 2 3 2 3 3 3 3 4 5 5 4 3 3 3 3 3 3 3 4 3 4 4 4 4 4 5 4 4 6 8 8 9 10 9 10 10 9 7 8 5 5 4 3 5 5 5 3 6 6 6 7 8 10 11 13 17 22 -9999 -9999 -9999 -9999 -9999 -9999 -9999 -9999 -9999 -9999 -9999 -9999 -9999 -9999 -9999 -9999 9 9 10 11 14 16 17 19 21 22 23 24 23
1 1 2 2 3 3 3 4 4 5 5 4 3 3 3 3 3 3 3 4 3 3 3 4 4 4 4 4 4 6 6 7 8 8 10 10 10 9 8 7 5 4 4 3 2 2 5 2 3 6 7 8 10 12 13 14 15 16 -9999 -9999 -9999 -9999 -9999 -9999 -9999 -9999 -9999 -9999 -9999 -9999 -9999 -9999 -9999 -9999 9 10 10 12 16 17 19 21 21 22 24 25 23
