02 cropping and modelling/wc2.1_10m_bio_7.asc
NCOLS 368 
NROWS 210 
XLLCORNER 67.1666666666667 
YLLCORNER 3.5 
CELLSIZE 0.166666666666667 
NODATA_value -9999 
[rows 81 to 107 of 210, columns 244 to 304 of 368]
25.4052505493164 25.6415004730225 26.2150001525879 25.775749206543 25.7537498474121 26.0712509155273 26.5397491455078 26.8992519378662 26.7504997253418 26.361499786377 26.3567504882812 26.3617515563965 26.3122501373291 26.6982498168945 26.4507503509521 26.8465003967285 26.4677505493164 26.6977500915527 26.4090003967285 26.0820007324219 27.0900001525879 27.8092498779297 27.1962509155273 26.967248916626 26.7687492370605 27.0507507324219 27.4059982299805 27.4942493438721 27.3237495422363 26.0497493743896 26.0547504425049 26.4664993286133 26.2777500152588 27.2504997253418 27.4097499847412 27.1054992675781 26.8435001373291 27.5547523498535 27.0155010223389 26.8524990081787 26.5810012817383 27.2209987640381 27.1662502288818 26.75950050354 27.0904998779297 26.6382503509521 26.7355003356934 26.7422504425049 26.2089996337891 26.4052505493164 25.9049987792969 25.9884986877441 26.1224994659424 25.0524997711182 25.5517501831055 24.705249786377 24.6294994354248 24.3924999237061 24.6124992370605 24.2317504882812 23.8154983520508
25.2514991760254 25.3352508544922 25.4829998016357 25.5259990692139 25.8027496337891 26.0207500457764 26.1862487792969 26.5144996643066 26.5352516174316 26.3199996948242 26.1574993133545 26.2259998321533 26.0877513885498 25.8985004425049 25.7702484130859 26.6117515563965 26.6665000915527 26.6989974975586 26.6175003051758 26.0272483825684 26.5675010681152 27.2479991912842 26.1544990539551 26.435001373291 26.5622501373291 26.4877510070801 26.9187507629395 27.3872509002686 26.8024997711182 26.3880004882812 25.8877506256104 26.4832496643066 26.6492500305176 27.1410007476807 27.2642498016357 27.1214981079102 25.9762496948242 26.1934986114502 26.0227489471436 26.7067489624023 26.7410011291504 26.6459999084473 26.7590007781982 26.8849983215332 26.3840007781982 25.9474983215332 26.7654991149902 26.2815017700195 25.9785003662109 25.5452499389648 25.3432502746582 25.59375 25.275749206543 24.9090003967285 24.6787490844727 24.4890003204346 24.5902500152588 24.49049949646 24.4667491912842 24.2014999389648 23.6262512207031
25.036750793457 25.1167488098145 25.4737491607666 25.5482501983643 25.3667488098145 25.7745018005371 26.0837516784668 26.2804985046387 26.2557487487793 26.2292518615723 26.3217525482178 26.1800003051758 25.9729995727539 25.5562496185303 25.9692497253418 26.6285018920898 26.2872505187988 26.3112506866455 26.4379997253418 26.2182502746582 26.6862506866455 26.8592491149902 26.1599998474121 26.2002487182617 26.4947490692139 26.3209991455078 26.3505001068115 27.0697498321533 26.5622501373291 26.4422492980957 26.2697486877441 26.1862506866455 26.0697498321533 26.1075019836426 26.8205013275146 26.1029987335205 26.0599994659424 26.0890007019043 25.9162502288818 25.8835010528564 26.0847492218018 26.2037506103516 25.9389991760254 26.2610015869141 26.1805000305176 26.0822505950928 25.8600006103516 25.3077507019043 26.0209999084473 25.5482482910156 25.1000003814697 25.3542499542236 24.8252506256104 24.7012500762939 24.0769996643066 23.9717502593994 24.0164985656738 24.3815002441406 24.4147510528564 24.2772483825684 23.6585006713867
24.7532501220703 24.6802501678467 24.9297485351562 25.2805004119873 25.5347480773926 25.4274997711182 25.6959991455078 25.6399993896484 25.9732494354248 25.9412498474121 26.0872497558594 26.1105003356934 26.0710010528564 25.2410011291504 25.6922492980957 25.8040008544922 25.3742504119873 25.6217498779297 25.8785018920898 26.3192501068115 26.559497833252 26.9102516174316 26.9952507019043 26.347749710083 25.8120002746582 25.8309993743896 25.6067504882812 25.7427501678467 26.2032489776611 25.9297504425049 26.1577491760254 26.0222511291504 25.5082492828369 25.7207508087158 25.7207489013672 25.8309993743896 25.5757503509521 26.0307502746582 25.7247505187988 25.3502502441406 25.4907512664795 25.2167491912842 25.7927494049072 25.9787521362305 26.0222492218018 25.5045013427734 25.5022506713867 25.4457492828369 25.5547504425049 25.2135009765625 25.2997512817383 24.4617500305176 24.5084991455078 24.1974983215332 23.6862506866455 23.4664993286133 23.8234996795654 23.7792491912842 23.5847492218018 23.5195007324219 23.3264141082764
24.367000579834 24.3355007171631 24.3175010681152 24.6837501525879 25.0249996185303 25.1572494506836 25.3817520141602 25.4312515258789 25.6572494506836 25.7312488555908 25.4807510375977 25.6272506713867 25.7959995269775 25.0887508392334 24.538501739502 25.3082504272461 25.2982501983643 25.3702507019043 25.4954986572266 25.4619998931885 26.3090019226074 25.9692497253418 25.7672500610352 25.8819999694824 25.1822509765625 25.4860000610352 25.273250579834 25.2690010070801 25.8880004882812 25.5734996795654 25.6627502441406 25.9879989624023 25.7857494354248 25.9419975280762 25.4799995422363 26.2487506866455 25.8589973449707 25.6722507476807 25.1232509613037 25.3627510070801 24.8619995117188 25.5072498321533 25.7970008850098 25.6280002593994 25.1634979248047 25.4144992828369 25.411750793457 25.2652492523193 24.8652496337891 24.9804992675781 24.1542491912842 23.9914989471436 23.9899997711182 23.7687511444092 23.5142517089844 22.9837493896484 23.1027507781982 22.8332500457764 22.9402503967285 22.9674987792969 23.0213298797607
24.0260009765625 24.0900001525879 24.0365009307861 24.4770011901855 24.7862510681152 24.8457489013672 25.1614990234375 25.1502494812012 25.4087505340576 25.3697509765625 25.3987503051758 25.3687477111816 25.4185009002686 24.2924995422363 24.2610015869141 24.8465003967285 25.1319999694824 25.0584983825684 24.9860000610352 25.4217491149902 25.5547504425049 25.4870014190674 25.3985004425049 25.4157485961914 25.070499420166 25.4292507171631 25.0450000762939 24.9814987182617 25.0247497558594 25.2997493743896 25.5690021514893 25.5445022583008 25.2972507476807 25.1809997558594 25.3079986572266 25.8747520446777 25.0497512817383 24.6632499694824 24.9377517700195 24.7237510681152 24.4685001373291 25.4575023651123 25.1292495727539 24.4860000610352 24.8610000610352 24.7320003509521 24.8022499084473 24.8894996643066 24.6924991607666 23.9280014038086 23.632999420166 23.7609996795654 23.3430004119873 23.1860008239746 23.0205001831055 22.5834999084473 22.5564994812012 22.3042488098145 22.5242500305176 22.3446083068848 22.1693229675293
23.6665000915527 24.0427474975586 23.7682514190674 24.0947494506836 24.4575004577637 24.6665000915527 24.9432487487793 24.9855003356934 25.2479991912842 25.297248840332 25.0764980316162 24.851749420166 24.3972492218018 23.8037509918213 24.4225006103516 24.6757507324219 24.7764987945557 24.8072490692139 24.9882507324219 25.1237487792969 24.7024993896484 25.3332500457764 25.5292510986328 25.5459995269775 24.995002746582 25.2817516326904 24.9752521514893 24.5439987182617 24.3880004882812 24.6417484283447 25.163501739502 24.6814994812012 24.8860015869141 24.8202495574951 24.9099998474121 24.7835006713867 24.679500579834 24.5227489471436 24.3680000305176 23.9809989929199 23.8222503662109 24.4352493286133 24.1377487182617 24.3724975585938 24.0682506561279 23.9804992675781 24.1725006103516 24.3537483215332 23.9869995117188 23.2622489929199 23.3952503204346 23.2272491455078 22.5430011749268 22.4882488250732 22.6590003967285 22.205249786377 21.8207511901855 21.6074066162109 21.5682220458984 21.4035720825195 -9999
23.6312484741211 23.9557495117188 23.6334991455078 23.7542495727539 24.2314987182617 24.4440002441406 24.769250869751 24.8299999237061 25.0349998474121 24.9617500305176 24.6362495422363 24.2280006408691 23.7442493438721 23.9912509918213 24.088249206543 24.486499786377 24.6874980926514 24.7290000915527 24.7674980163574 24.99049949646 24.4582500457764 25.1577491760254 25.1324996948242 25.1047496795654 24.5167503356934 24.5117492675781 24.5120010375977 24.4234981536865 24.3142509460449 24.2457504272461 24.3880004882812 24.3117504119873 24.8889999389648 24.8244972229004 24.2722511291504 24.060998916626 24.0467491149902 24.0359992980957 24.4855003356934 23.3505001068115 23.0620002746582 24.2577514648438 23.8159980773926 23.2877502441406 23.1197490692139 23.3797492980957 23.6494998931885 23.5082492828369 22.5952491760254 22.8167495727539 22.7612495422363 22.3764991760254 22.4444999694824 22.08424949646 22.230749130249 21.8434982299805 21.3283424377441 20.7310066223145 20.0622215270996 19.7999992370605 -9999
23.5869998931885 23.9785003662109 23.6159992218018 23.4845008850098 23.9669990539551 24.1404991149902 24.4949989318848 24.5652503967285 24.8570022583008 24.6507511138916 24.4862518310547 24.2779998779297 23.6127490997314 23.9002494812012 24.0839996337891 24.2299995422363 24.306001663208 24.6122493743896 24.3452491760254 24.7785015106201 24.9724998474121 24.7412490844727 24.5269985198975 24.690502166748 23.8387508392334 24.4122505187988 23.9992485046387 24.1497497558594 23.90625 24.1047477722168 24.2607517242432 24.4387512207031 24.0625 24.3890018463135 24.4352493286133 23.7374992370605 23.7099990844727 23.8537502288818 24.117000579834 23.6445007324219 23.6787490844727 23.7557487487793 23.0854988098145 23.1917495727539 22.9942493438721 23.2577514648438 22.9732513427734 22.3999996185303 22.1097507476807 22.2789993286133 22.3617515563965 22.1412506103516 22.2195014953613 21.8105010986328 21.0488376617432 20.7148818969727 20.5433330535889 19.9581069946289 -9999 -9999 -9999
23.650749206543 23.7967491149902 23.914249420166 23.2532501220703 23.7639999389648 24.1182498931885 24.2934989929199 24.4545021057129 24.2490005493164 24.2557506561279 24.1167488098145 23.6494979858398 23.0927505493164 23.4254989624023 23.9375019073486 24.1217479705811 23.9819984436035 23.9994983673096 24.1464996337891 24.423999786377 24.5450000762939 24.2745018005371 24.2430000305176 23.9875011444092 23.6377506256104 23.9497489929199 23.6125011444092 23.8514995574951 23.8732509613037 23.7912483215332 23.7685012817383 23.8395004272461 24.0424995422363 24.0579986572266 23.8297500610352 23.6570014953613 23.5289993286133 23.4452514648438 23.0955009460449 23.640998840332 23.4807510375977 23.0887489318848 23.3115005493164 22.7355003356934 22.4462509155273 22.3645000457764 21.8687496185303 21.9604988098145 21.8610000610352 22.0062484741211 21.6814994812012 21.4300003051758 20.9667510986328 21.1295986175537 20.0955219268799 19.5981979370117 -9999 -9999 -9999 -9999 -9999
23.140998840332 23.9057502746582 23.9532508850098 23.6352500915527 23.3647499084473 24.0217514038086 24.412748336792 24.3900012969971 23.9047508239746 23.7040004730225 23.6845016479492 23.7527503967285 23.681001663208 23.4819984436035 23.4054985046387 23.4654998779297 23.6362476348877 23.7905006408691 23.8030014038086 24.1622505187988 24.3629989624023 24.2005004882812 23.9804992675781 23.9990005493164 23.6847515106201 23.7257499694824 23.5272521972656 23.2992496490479 23.1100006103516 23.039249420166 23.3122520446777 23.3859996795654 23.2900009155273 23.3589992523193 23.425500869751 23.3134994506836 23.0067501068115 22.9519996643066 22.8532485961914 22.5752506256104 22.9042491912842 22.1987495422363 22.2577514648438 21.9732494354248 21.9275016784668 21.3717498779297 21.6175003051758 21.221248626709 21.2127494812012 20.9739990234375 21.0317497253418 20.9832496643066 20.2736835479736 20.111686706543 -9999 -9999 -9999 -9999 -9999 -9999 -9999
23.5747489929199 23.4132480621338 23.6325016021729 23.3172492980957 23.2110004425049 23.3542518615723 23.8412494659424 23.6770000457764 23.1452503204346 23.8164978027344 23.7342491149902 23.6562480926514 23.5762500762939 23.3605003356934 23.3019981384277 23.4017505645752 23.2494983673096 23.2680015563965 23.4137496948242 23.2719993591309 23.409252166748 23.4850006103516 23.2104988098145 23.224250793457 23.0482482910156 23.1867523193359 22.8175010681152 22.6447505950928 22.596248626709 22.5995025634766 22.9300003051758 23.1542510986328 22.7734985351562 22.8924980163574 22.8010005950928 22.4720001220703 22.5599975585938 22.6167488098145 22.3330001831055 22.4049987792969 22.5127487182617 22.0540008544922 21.8622512817383 21.1317501068115 21.0604991912842 21.3930015563965 21.3617496490479 20.6634998321533 20.8017501831055 20.6245002746582 20.1877498626709 19.9144992828369 19.829309463501 -9999 -9999 -9999 -9999 -9999 -9999 -9999 -9999
23.6474990844727 23.3397483825684 23.0572509765625 23.2737503051758 23.4732494354248 23.2734985351562 23.5667495727539 23.7104988098145 23.3997497558594 23.6264991760254 23.3770027160645 23.5682487487793 23.2005004882812 22.769250869751 22.3354988098145 22.4485015869141 23.0405006408691 22.5804996490479 23.0089988708496 23.070499420166 23.2532501220703 22.9267501831055 23.2312507629395 23.3620014190674 22.8902492523193 22.9047508239746 22.8945007324219 22.6240005493164 22.5989990234375 22.4337501525879 22.2104988098145 22.4029998779297 22.3987503051758 22.5122489929199 21.8934993743896 22.1020011901855 22.2157516479492 21.8465003967285 21.5697498321533 21.8107490539551 21.9409980773926 21.4449996948242 20.9155006408691 20.9050006866455 20.9312496185303 20.9524993896484 20.6707191467285 20.3884620666504 20.5439987182617 20.1308326721191 19.9829406738281 19.6239738464355 19.4636363983154 -9999 -9999 -9999 -9999 -9999 -9999 -9999 -9999
23.099250793457 22.7845001220703 22.8162498474121 23.2832489013672 23.3752498626709 23.3875007629395 23.1959991455078 23.2547492980957 23.3652496337891 23.3222503662109 22.8815002441406 22.9165000915527 22.7667503356934 22.7685012817383 22.7202491760254 22.6417503356934 22.7277507781982 22.3472499847412 22.4409999847412 22.4112510681152 22.5997505187988 23.1870002746582 23.4272499084473 23.0405006408691 22.5677490234375 22.3795013427734 22.5292491912842 22.2527503967285 22.2549991607666 21.9232501983643 22.1012496948242 21.7430000305176 21.7622489929199 21.8199996948242 21.5349998474121 21.5824127197266 21.484748840332 21.3605003356934 21.3377494812012 21.3007507324219 20.8258686065674 20.6121063232422 20.478235244751 20.4837417602539 20.1531238555908 20.0597877502441 19.587610244751 19.731819152832 20.028377532959 19.5999984741211 -9999 -9999 -9999 -9999 -9999 -9999 -9999 -9999 -9999 -9999 -9999
22.5982494354248 22.9397506713867 22.8667488098145 23.1142501831055 23.2122497558594 23.2870006561279 23.1609992980957 22.9892501831055 22.8792495727539 22.8310012817383 22.7752494812012 22.5860004425049 22.4489994049072 22.9182510375977 22.711498260498 22.4312515258789 21.9097480773926 22.314998626709 22.1844997406006 22.121997833252 21.8097496032715 22.5162506103516 22.6879997253418 22.1979999542236 22.2147483825684 21.9200019836426 21.65625 21.8657512664795 21.8862495422363 21.6790008544922 21.7312507629395 21.5462512969971 21.3730010986328 21.2657508850098 20.9667682647705 21.0205879211426 20.7769947052002 20.556812286377 20.320951461792 20.2342987060547 19.6243591308594 20.2180862426758 19.8091850280762 -9999 -9999 18.5 18.5 -9999 -9999 -9999 -9999 -9999 -9999 -9999 -9999 -9999 -9999 -9999 -9999 -9999 -9999
22.632999420166 22.6762504577637 22.7252502441406 22.8849983215332 22.8922500610352 22.8237495422363 22.9775009155273 22.9010009765625 22.984748840332 22.4860000610352 22.336498260498 22.2917499542236 22.1270008087158 22.5904998779297 22.3380012512207 22.1940002441406 22.0087509155273 21.8350009918213 21.943000793457 21.8374996185303 21.4707489013672 21.7077503204346 21.564001083374 21.7202491760254 22.0060005187988 21.3527488708496 21.3062496185303 21.5774993896484 21.4869995117188 21.3544998168945 21.1577491760254 21.1499977111816 20.86549949646 20.7977485656738 20.5517768859863 19.1142864227295 19.9054260253906 19.7314605712891 19.3685073852539 19.030590057373 19.2162780761719 -9999 -9999 -9999 -9999 -9999 -9999 -9999 -9999 -9999 -9999 -9999 -9999 -9999 -9999 -9999 -9999 -9999 -9999 -9999 -9999
21.7059993743896 21.9700012207031 22.0832500457764 22.660249710083 22.9414978027344 22.8072509765625 23.1102485656738 22.9289989471436 22.6525001525879 22.3780002593994 22.3892498016357 22.0987510681152 22.4417495727539 21.9564990997314 21.9775009155273 21.7815017700195 21.7574996948242 21.7017498016357 21.5949993133545 21.1002502441406 20.9307498931885 21.2177505493164 21.3740005493164 21.4680004119873 21.1052513122559 20.6940002441406 21.140998840332 21.3520011901855 21.0672492980957 21.0785007476807 20.5132484436035 20.5851173400879 20.4080009460449 20.1537284851074 19.963529586792 18.466667175293 18.9771938323975 18.5893611907959 18.6048469543457 18.2999992370605 -9999 -9999 -9999 -9999 -9999 -9999 -9999 -9999 -9999 -9999 -9999 -9999 -9999 -9999 -9999 -9999 -9999 -9999 -9999 -9999 -9999
21.5262489318848 21.2392501831055 21.7967491149902 22.5599994659424 22.9842491149902 23.1989994049072 22.9155006408691 22.8970012664795 22.5322494506836 22.2355003356934 21.9092483520508 22.1770000457764 21.9995002746582 21.7837505340576 21.8384990692139 21.5764999389648 21.5299987792969 21.3967514038086 21.1462497711182 20.5125007629395 20.7910003662109 21.1100006103516 21.1049995422363 20.9204998016357 20.747501373291 20.505500793457 20.6627502441406 20.3290004730225 20.5224990844727 20.6037502288818 20.3772506713867 20.1596145629883 20.1158332824707 19.7353534698486 19.4152946472168 18.4500007629395 18.1444435119629 18.08571434021 17.5041656494141 -9999 -9999 -9999 -9999 -9999 -9999 -9999 -9999 -9999 -9999 -9999 -9999 -9999 -9999 -9999 -9999 -9999 -9999 -9999 -9999 -9999 -9999
20.2382507324219 20.515998840332 21.3992500305176 22.1596984863281 22.6907558441162 22.8867492675781 22.6264991760254 22.3647499084473 22.3402519226074 22.1882476806641 21.7142486572266 21.4790000915527 21.5647506713867 21.6040000915527 21.5625 21.2957496643066 21.0927505493164 21.0827484130859 20.8274993896484 20.3057518005371 20.4745006561279 20.2894992828369 20.5342483520508 20.6884994506836 20.4724998474121 20.3362503051758 20.1719989776611 19.8197498321533 19.8478698730469 19.8157424926758 19.77734375 19.2551021575928 19.4338226318359 19.7000007629395 -9999 18.288459777832 17.7999992370605 17.5 17.6399993896484 -9999 -9999 -9999 -9999 -9999 -9999 -9999 -9999 -9999 -9999 -9999 -9999 -9999 -9999 -9999 -9999 -9999 -9999 -9999 -9999 -9999 -9999
19.9085006713867 20.2565002441406 21.0200996398926 21.5642127990723 21.7441864013672 22.1818428039551 22.1642646789551 22.1047515869141 21.994499206543 21.7520008087158 21.4016170501709 21.527250289917 21.3000011444092 21.1672477722168 20.9037475585938 20.8802490234375 20.7234992980957 20.6239986419678 20.4184989929199 20.1854991912842 20.1724987030029 19.9872512817383 20.4137496948242 19.7970085144043 19.7858047485352 19.9078254699707 19.3946495056152 19.316234588623 19.2745571136475 18.789794921875 18.5249996185303 18.7999992370605 -9999 -9999 -9999 -9999 -9999 -9999 -9999 -9999 -9999 -9999 -9999 -9999 -9999 -9999 -9999 -9999 -9999 -9999 -9999 -9999 -9999 -9999 -9999 -9999 -9999 -9999 -9999 -9999 -9999
19.3140678405762 19.6380672454834 20.1959285736084 20.9844703674316 21.2568168640137 21.6000022888184 21.5373840332031 21.3929634094238 21.4497489929199 21.3977508544922 20.8987655639648 20.8704948425293 21.052001953125 20.9012489318848 20.767749786377 20.6515007019043 20.2967491149902 20.1350002288818 20.0200004577637 19.924674987793 19.6779747009277 19.737922668457 19.4929008483887 19.3657150268555 18.8631134033203 18.5666656494141 18.2000007629395 18.2666683197021 18.3972225189209 18.4385719299316 18.1428565979004 -9999 -9999 -9999 -9999 -9999 -9999 -9999 -9999 -9999 -9999 -9999 -9999 -9999 -9999 -9999 -9999 -9999 -9999 -9999 -9999 -9999 -9999 -9999 -9999 -9999 -9999 -9999 -9999 -9999 -9999
18.2593746185303 18.6333351135254 -9999 -9999 -9999 -9999 -9999 20.6136741638184 20.6497325897217 20.8600006103516 20.625 20.2626876831055 20.3949508666992 20.5845012664795 20.3447494506836 20.0357475280762 19.9984970092773 19.6217803955078 19.5792026519775 19.2759017944336 18.9523067474365 19.0454559326172 -9999 -9999 -9999 -9999 -9999 -9999 -9999 -9999 -9999 -9999 -9999 -9999 -9999 -9999 -9999 -9999 -9999 -9999 -9999 -9999 -9999 -9999 -9999 -9999 -9999 -9999 -9999 -9999 -9999 -9999 -9999 -9999 -9999 -9999 -9999 -9999 -9999 -9999 -9999
17.2200012207031 -9999 -9999 -9999 -9999 -9999 -9999 -9999 -9999 -9999 -9999 20.0533332824707 20.3120002746582 20.1457481384277 19.9144992828369 19.2194156646729 19.3238086700439 19.2799987792969 -9999 -9999 -9999 -9999 -9999 -9999 -9999 -9999 -9999 -9999 -9999 -9999 -9999 -9999 -9999 -9999 -9999 -9999 -9999 -9999 -9999 -9999 -9999 -9999 -9999 -9999 -9999 -9999 -9999 -9999 -9999 -9999 -9999 -9999 -9999 -9999 -9999 -9999 -9999 -9999 -9999 -9999 -9999
16.8066673278809 -9999 -9999 -9999 -9999 -9999 -9999 18.5562515258789 -9999 -9999 -9999 19.8123474121094 20.0362510681152 19.9169998168945 19.2788143157959 18.8299980163574 18.8274345397949 -9999 -9999 -9999 -9999 -9999 -9999 -9999 -9999 -9999 -9999 -9999 -9999 -9999 -9999 -9999 -9999 -9999 -9999 -9999 -9999 -9999 -9999 -9999 -9999 -9999 -9999 -9999 -9999 -9999 -9999 -9999 -9999 -9999 -9999 -9999 -9999 -9999 -9999 -9999 -9999 -9999 -9999 -9999 -9999
-9999 -9999 -9999 -9999 -9999 -9999 -9999 -9999 17.7000007629395 -9999 -9999 19.3784217834473 19.5870018005371 19.4157485961914 18.6393165588379 18.6119995117188 18.4120006561279 -9999 -9999 -9999 -9999 -9999 -9999 -9999 -9999 -9999 -9999 -9999 -9999 -9999 -9999 -9999 -9999 -9999 -9999 -9999 -9999 -9999 -9999 -9999 -9999 -9999 -9999 -9999 -9999 -9999 -9999 -9999 -9999 -9999 -9999 -9999 -9999 -9999 -9999 -9999 -9999 -9999 -9999 -9999 -9999
-9999 -9999 -9999 -9999 -9999 -9999 -9999 -9999 -9999 -9999 -9999 18.9702453613281 19.3777503967285 19.2722492218018 19.2213363647461 18.3227272033691 -9999 -9999 -9999 -9999 -9999 -9999 -9999 -9999 -9999 -9999 -9999 -9999 -9999 -9999 -9999 -9999 -9999 -9999 -9999 -9999 -9999 -9999 -9999 -9999 -9999 -9999 -9999 -9999 -9999 -9999 -9999 -9999 -9999 -9999 -9999 -9999 -9999 11.75 -9999 -9999 -9999 -9999 -9999 -9999 -9999
-9999 -9999 -9999 -9999 -9999 -9999 -9999 -9999 -9999 -9999 -9999 18.8726024627686 19.0746231079102 19.2070007324219 19.453498840332 18.864330291748 18.3833312988281 -9999 -9999 -9999 -9999 -9999 -9999 -9999 -9999 -9999 -9999 -9999 -9999 -9999 -9999 -9999 -9999 -9999 -9999 -9999 -9999 -9999 -9999 -9999 -9999 -9999 -9999 -9999 -9999 -9999 -9999 -9999 -9999 -9999 -9999 -9999 -9999 -9999 -9999 -9999 -9999 -9999 -9999 -9999 -9999
