02 cropping and modelling/wc2.1_10m_bio_17.asc
NCOLS 368 
NROWS 210 
XLLCORNER 67.1666666666667 
YLLCORNER 3.5 
CELLSIZE 0.166666666666667 
NODATA_value -9999 
[rows 37 to 73 of 210, columns 255 to 339 of 368]
46 47 48 48 48 49 49 51 52 52 51 52 55 55 57 58 59 59 60 62 67 68 71 73 73 78 79 82 81 81 82 83 84 84 86 89 87 88 90 90 88 88 88 88 89 90 91 91 93 92 93 97 96 97 101 98 99 98 101 106 112 113 111 110 110 108 108 107 107 107 107 -9999 -9999 -9999 -9999 -9999 -9999 -9999 -9999 -9999 -9999 -9999 -9999 -9999 -9999
49 49 49 50 51 50 50 51 53 53 55 55 56 57 60 61 61 61 64 65 67 69 71 74 80 80 87 86 86 87 88 88 90 92 93 95 95 96 97 97 96 93 93 91 94 94 94 95 96 96 97 99 100 101 111 104 101 101 102 107 111 117 113 112 110 113 111 111 108 109 108 110 111 -9999 -9999 -9999 -9999 -9999 -9999 -9999 -9999 -9999 -9999 -9999 -9999
54 54 52 55 57 57 57 55 54 55 59 59 58 58 61 61 61 64 65 66 70 73 76 78 82 84 87 89 91 91 92 92 95 96 99 100 101 103 105 105 103 100 97 97 98 105 99 97 99 101 102 103 104 109 111 108 109 107 110 114 114 115 116 117 116 113 111 114 114 114 112 113 114 117 -9999 -9999 -9999 -9999 -9999 -9999 -9999 -9999 -9999 -9999 -9999
59 57 56 60 62 61 58 58 60 60 61 61 60 59 62 63 65 64 66 67 72 76 80 81 84 87 89 92 93 94 94 96 98 99 102 108 108 110 112 112 111 107 103 101 101 106 101 102 102 104 107 108 113 111 112 114 114 113 116 120 115 125 120 114 111 110 110 115 117 116 117 117 117 117 -9999 -9999 -9999 -9999 -9999 -9999 -9999 -9999 -9999 -9999 -9999
65 64 62 65 68 66 66 66 62 59 65 64 61 60 62 65 66 66 68 69 73 77 80 84 88 90 92 94 96 96 97 99 103 103 109 109 112 115 118 119 117 112 107 104 104 102 101 102 106 113 111 112 117 116 120 120 118 119 126 126 119 122 115 113 108 107 116 124 121 123 119 117 115 115 -9999 -9999 -9999 -9999 -9999 -9999 -9999 -9999 -9999 -9999 -9999
67 71 72 73 71 67 63 67 69 64 61 62 61 62 62 66 68 69 69 73 78 79 83 87 90 93 95 96 99 99 98 100 102 108 114 115 118 122 123 126 124 116 110 107 106 107 110 110 113 116 118 119 123 121 131 122 122 127 130 129 128 121 112 107 105 108 114 132 132 126 127 123 115 116 -9999 -9999 -9999 -9999 -9999 -9999 -9999 -9999 -9999 -9999 -9999
65 67 73 67 71 70 64 68 73 68 63 60 63 62 65 68 70 73 72 76 79 82 88 91 95 99 98 100 103 103 101 102 106 110 116 121 128 127 129 129 126 119 113 110 107 111 116 117 122 125 125 125 129 130 133 127 127 126 123 123 121 117 112 107 103 111 120 131 129 126 135 126 119 115 -9999 -9999 -9999 -9999 -9999 -9999 -9999 -9999 -9999 -9999 -9999
72 71 72 69 68 71 67 75 71 68 65 64 64 65 67 70 73 76 77 81 84 88 93 97 101 103 104 105 105 108 107 109 111 118 117 124 128 130 136 137 136 130 122 114 110 114 117 122 128 129 128 128 132 130 131 129 128 127 124 122 120 116 115 112 98 104 121 123 121 123 125 119 119 115 -9999 -9999 -9999 -9999 -9999 -9999 -9999 -9999 -9999 -9999 -9999
76 75 78 78 73 71 74 73 68 69 66 69 67 70 71 75 77 80 82 85 89 94 98 101 105 107 109 111 112 115 115 115 117 118 121 123 127 133 140 137 138 128 120 115 115 121 125 129 136 135 133 132 134 132 131 131 129 129 126 123 123 121 124 117 103 105 120 124 125 123 121 119 117 115 -9999 -9999 -9999 -9999 144 -9999 -9999 -9999 -9999 -9999 -9999
83 85 85 86 82 84 78 76 71 66 67 68 71 74 75 78 80 85 88 91 96 100 103 107 112 113 119 120 121 120 123 119 120 122 125 127 129 133 139 138 138 131 127 127 128 130 135 137 138 134 135 135 136 135 134 133 133 133 132 129 128 126 133 128 119 118 127 129 130 129 125 122 -9999 -9999 -9999 -9999 137 143 152 -9999 -9999 -9999 -9999 -9999 -9999
84 84 83 85 82 85 90 80 72 72 72 73 75 79 81 83 85 89 92 96 100 104 106 111 115 118 122 125 122 126 126 126 127 128 129 132 137 136 139 142 140 139 136 137 140 141 141 141 141 142 142 140 141 143 143 138 137 138 135 133 134 133 143 141 133 132 133 134 134 133 -9999 165 -9999 -9999 135 143 144 145 -9999 -9999 -9999 -9999 -9999 -9999 -9999
87 88 86 87 84 85 87 81 79 77 78 81 83 84 86 91 91 94 98 102 105 110 115 118 122 125 128 127 128 129 133 137 134 133 135 137 139 143 145 144 144 146 147 149 148 145 143 145 151 149 145 147 146 148 144 146 141 144 150 147 139 139 148 147 144 143 141 140 -9999 139 -9999 -9999 -9999 156 162 144 146 156 -9999 181 -9999 -9999 -9999 -9999 -9999
91 91 93 92 95 90 95 91 85 83 83 87 89 90 92 97 99 102 105 109 114 119 121 127 131 133 132 132 132 132 135 139 142 140 142 141 146 147 146 149 151 152 153 152 149 148 150 153 155 151 153 152 154 150 150 158 157 147 143 142 142 145 153 153 150 145 153 164 142 144 141 142 -9999 151 152 154 159 170 169 -9999 -9999 -9999 -9999 -9999 -9999
96 99 98 99 100 98 97 95 92 91 91 90 93 96 99 102 105 109 114 118 122 125 128 133 141 140 135 135 137 138 139 143 143 146 147 147 148 151 152 155 156 156 157 154 153 156 159 158 158 159 166 162 157 151 154 160 151 149 148 147 147 150 154 156 157 156 147 145 147 147 146 148 158 162 166 167 172 -9999 178 -9999 -9999 -9999 -9999 -9999 -9999
96 97 96 97 101 98 95 93 94 95 95 98 101 103 107 112 115 120 124 128 134 136 137 141 140 139 139 140 141 141 144 144 146 148 150 153 154 158 157 158 160 157 156 153 156 159 157 158 157 158 157 156 154 152 156 159 154 152 151 152 152 152 150 154 153 150 145 143 146 145 146 156 160 166 170 169 171 177 -9999 -9999 -9999 -9999 -9999 -9999 -9999
99 96 99 97 99 104 99 99 101 102 102 105 109 114 117 120 124 129 133 137 141 154 145 146 146 144 145 145 147 148 148 148 149 151 152 154 157 160 163 161 160 158 156 155 158 158 157 159 163 161 160 160 158 159 155 160 155 155 157 153 156 153 152 154 149 147 145 144 153 147 146 154 157 163 168 172 174 -9999 -9999 -9999 -9999 -9999 -9999 -9999 -9999
96 95 95 99 102 104 106 104 106 107 109 115 117 122 124 128 133 137 142 148 150 152 151 150 151 153 153 153 152 152 153 153 154 156 156 156 158 163 163 161 160 158 157 158 162 160 162 165 172 168 168 165 169 164 160 156 155 157 156 155 157 154 151 150 150 150 142 143 148 147 146 150 153 158 184 183 -9999 -9999 -9999 -9999 -9999 -9999 -9999 -9999 -9999
96 96 96 100 105 104 107 111 113 117 118 122 125 132 135 138 141 146 150 153 158 158 157 158 160 156 156 156 159 161 160 161 156 156 155 155 157 161 165 160 160 161 161 161 163 165 166 168 165 164 165 173 167 163 163 163 162 159 158 155 155 155 152 153 154 149 146 149 150 155 148 152 154 155 187 182 -9999 -9999 -9999 -9999 -9999 -9999 -9999 -9999 -9999
96 98 100 102 105 108 112 118 117 121 127 131 135 139 143 147 151 153 157 160 162 164 163 162 161 161 163 165 164 163 160 159 157 157 156 158 159 162 166 163 163 165 166 165 168 170 169 169 169 167 173 172 168 172 174 169 163 161 160 160 158 153 156 153 149 157 156 153 163 155 146 147 150 152 163 -9999 -9999 -9999 -9999 -9999 -9999 -9999 -9999 -9999 -9999
98 102 104 105 112 115 121 123 126 128 134 142 148 149 151 155 160 164 165 170 169 169 167 166 167 172 167 167 167 166 165 165 167 167 161 158 159 163 165 163 166 167 168 170 172 174 175 175 175 173 174 173 172 170 174 165 162 162 160 160 154 156 155 153 156 162 155 153 152 152 151 151 157 153 160 -9999 -9999 -9999 -9999 -9999 -9999 -9999 -9999 -9999 -9999
101 104 111 114 117 121 125 130 131 135 143 149 153 156 159 161 166 169 171 174 174 172 173 171 173 171 170 172 173 171 168 174 166 162 158 156 158 161 166 166 168 171 178 177 179 179 179 180 183 183 183 177 173 171 167 167 164 162 162 160 155 155 155 157 166 169 162 154 153 153 155 153 156 -9999 -9999 182 -9999 -9999 -9999 -9999 -9999 -9999 -9999 -9999 -9999
105 108 113 117 122 126 131 135 137 143 148 153 158 160 163 167 174 176 177 178 177 175 176 175 173 171 175 177 177 173 176 176 168 160 160 159 160 165 167 168 171 175 180 180 183 185 184 185 189 185 181 178 175 173 171 172 174 166 172 165 160 161 155 161 163 157 158 173 164 159 161 159 170 171 -9999 -9999 -9999 -9999 -9999 -9999 -9999 -9999 -9999 -9999 -9999
109 112 117 121 125 132 136 139 144 150 156 160 163 168 170 174 180 183 185 181 181 179 177 177 178 180 178 178 177 178 172 167 164 161 160 160 162 169 165 169 172 178 179 181 187 189 188 189 190 187 182 181 177 174 174 168 170 166 165 165 163 160 159 169 170 173 179 174 166 166 169 172 176 181 -9999 -9999 -9999 -9999 -9999 -9999 -9999 -9999 -9999 -9999 -9999
110 114 118 125 131 135 141 148 151 156 162 165 169 175 177 178 179 182 188 183 183 180 179 181 186 175 182 181 179 172 169 167 165 165 165 162 170 167 168 170 173 175 178 181 183 186 186 187 188 188 187 182 178 177 175 172 173 170 164 161 157 157 163 168 171 171 167 181 176 174 179 182 204 187 -9999 -9999 -9999 -9999 -9999 -9999 -9999 -9999 -9999 -9999 -9999
114 117 122 128 133 140 145 150 156 164 166 171 177 179 181 181 183 186 186 189 186 183 184 185 182 180 180 179 174 170 168 169 168 166 166 166 171 171 171 170 173 177 179 181 183 183 186 185 185 188 186 181 177 176 177 171 168 166 162 159 163 165 160 159 167 166 170 179 176 184 189 193 214 -9999 -9999 -9999 -9999 -9999 -9999 -9999 -9999 -9999 -9999 -9999 -9999
115 120 127 133 139 144 147 154 159 166 170 176 183 186 182 184 186 188 187 191 189 186 186 185 183 181 179 176 173 171 171 171 168 168 169 171 170 168 168 173 174 176 177 179 183 184 190 187 186 185 184 179 174 166 175 168 161 158 162 157 160 157 161 159 161 163 172 180 186 192 210 220 -9999 -9999 -9999 -9999 -9999 -9999 -9999 -9999 -9999 -9999 -9999 -9999 -9999
117 124 130 136 140 146 154 159 165 168 174 181 184 186 184 187 189 189 190 192 194 189 189 191 185 184 182 178 174 171 171 170 171 171 172 170 169 170 173 174 177 176 180 185 189 189 188 186 187 182 178 173 168 164 164 160 162 169 163 157 167 162 163 163 163 167 180 183 197 206 -9999 -9999 -9999 -9999 -9999 -9999 -9999 -9999 -9999 -9999 -9999 -9999 -9999 -9999 -9999
120 127 133 140 143 151 160 167 167 170 178 181 182 186 188 190 190 191 192 196 195 191 190 189 187 184 181 178 174 174 172 173 171 170 171 170 171 171 174 176 178 178 180 185 184 188 182 187 187 176 171 175 166 161 161 156 166 169 160 163 157 153 152 155 158 167 180 203 208 218 -9999 -9999 -9999 -9999 -9999 -9999 -9999 -9999 -9999 -9999 -9999 -9999 -9999 -9999 -9999
126 131 139 142 150 157 168 167 170 176 178 181 186 185 189 192 192 194 194 194 194 193 190 188 188 187 186 194 178 176 172 173 172 171 170 169 171 175 175 178 180 180 180 184 187 182 184 186 182 172 170 168 163 160 154 155 156 163 162 162 151 150 158 151 154 165 184 204 218 233 -9999 -9999 -9999 -9999 -9999 -9999 -9999 -9999 -9999 -9999 -9999 -9999 -9999 -9999 -9999
130 135 142 146 154 163 172 167 172 175 181 183 191 190 190 194 196 193 196 195 194 197 190 190 193 194 194 185 175 172 171 172 172 171 171 171 171 172 177 177 179 175 174 176 181 184 179 181 174 171 168 163 160 157 151 151 158 159 151 151 150 150 152 146 154 163 170 -9999 219 -9999 -9999 -9999 -9999 -9999 -9999 -9999 -9999 -9999 -9999 -9999 -9999 -9999 -9999 -9999 -9999
135 142 146 154 161 166 164 168 171 174 177 182 187 191 191 193 192 202 199 192 192 192 187 189 191 187 184 179 177 173 170 172 172 172 171 170 171 174 175 180 175 173 174 175 181 181 176 173 174 171 167 162 158 156 148 154 160 155 149 139 144 151 146 143 150 151 -9999 -9999 -9999 -9999 -9999 -9999 -9999 -9999 -9999 -9999 -9999 -9999 -9999 -9999 -9999 -9999 -9999 -9999 -9999
138 144 150 160 164 165 169 171 175 179 182 184 190 189 193 191 191 195 194 190 190 188 187 196 192 180 179 173 172 173 171 174 172 169 170 170 173 174 175 175 174 172 175 180 179 175 176 171 171 166 163 160 156 150 149 155 152 154 145 136 141 148 145 142 143 147 182 -9999 -9999 -9999 -9999 -9999 -9999 -9999 -9999 -9999 -9999 -9999 -9999 -9999 -9999 -9999 -9999 -9999 -9999
143 149 156 163 166 169 173 178 179 182 183 186 185 189 192 190 192 195 190 189 191 185 186 182 178 177 176 175 173 169 170 170 170 168 169 170 174 175 171 172 173 174 176 176 174 172 171 172 166 163 160 157 152 151 155 149 146 141 138 138 139 141 142 142 146 -9999 162 -9999 -9999 -9999 -9999 -9999 -9999 -9999 -9999 -9999 -9999 -9999 -9999 -9999 -9999 -9999 -9999 -9999 -9999
148 152 158 165 169 173 178 182 182 188 185 187 185 190 190 190 190 190 188 184 183 182 184 176 179 179 175 177 171 169 169 169 168 169 169 168 172 169 168 169 170 174 173 175 168 169 167 166 163 160 160 155 149 150 143 142 142 145 138 136 140 141 142 -9999 161 -9999 -9999 -9999 -9999 -9999 -9999 -9999 -9999 -9999 -9999 -9999 -9999 -9999 -9999 -9999 -9999 -9999 -9999 -9999 -9999
153 157 160 167 174 179 181 183 188 188 186 186 188 190 190 189 187 187 183 181 180 177 175 173 176 174 183 175 167 165 166 167 167 167 169 167 169 169 165 170 169 171 169 168 163 165 164 162 157 157 154 151 147 141 137 139 135 134 136 136 138 141 146 161 158 -9999 -9999 -9999 -9999 -9999 -9999 -9999 -9999 -9999 -9999 -9999 -9999 -9999 -9999 -9999 -9999 -9999 -9999 -9999 -9999
158 163 168 173 177 179 184 187 187 185 186 188 190 187 186 185 184 181 179 177 174 171 171 172 172 180 183 167 166 162 164 166 164 162 162 164 165 163 164 165 164 166 162 164 162 160 158 157 152 151 150 147 140 135 133 135 136 129 130 131 134 136 148 166 190 193 -9999 -9999 -9999 -9999 -9999 -9999 -9999 -9999 -9999 -9999 -9999 -9999 -9999 -9999 -9999 -9999 -9999 -9999 -9999
163 168 168 177 180 180 183 187 187 185 187 188 189 190 188 186 181 178 173 170 168 167 169 175 172 179 176 163 163 164 163 159 162 161 161 162 160 160 160 161 163 161 159 158 157 155 152 149 151 149 145 141 136 135 130 127 125 126 123 126 129 135 141 -9999 -9999 -9999 -9999 -9999 -9999 -9999 -9999 -9999 -9999 -9999 -9999 -9999 -9999 -9999 -9999 -9999 -9999 -9999 -9999 -9999 -9999
