02 cropping and modelling/wc2.1_10m_bio_15.asc
NCOLS 368 
NROWS 210 
XLLCORNER 67.1666666666667 
YLLCORNER 3.5 
CELLSIZE 0.166666666666667 
NODATA_value -9999 
[rows 0 to 26 of 210, columns 60 to 119 of 368]
-9999 -9999 -9999 -9999 -9999 -9999 -9999 -9999 -9999 -9999 -9999 -9999 -9999 -9999 -9999 -9999 -9999 -9999 -9999 -9999 -9999 -9999 -9999 -9999 -9999 -9999 -9999 -9999 -9999 -9999 -9999 -9999 -9999 -9999 -9999 -9999 -9999 -9999 -9999 -9999 -9999 -9999 -9999 -9999 -9999 -9999 -9999 -9999 -9999 -9999 -9999 -9999 -9999 -9999 -9999 -9999 -9999 -9999 -9999 -9999
61.2595062255859 59.3525657653809 60.3022689819336 58.5320053100586 58.5320053100586 58.8497848510742 61.5206184387207 -9999 -9999 -9999 -9999 -9999 -9999 -9999 -9999 -9999 -9999 -9999 -9999 -9999 -9999 -9999 -9999 -9999 -9999 -9999 -9999 -9999 -9999 -9999 -9999 -9999 -9999 -9999 -9999 -9999 -9999 -9999 -9999 -9999 -9999 -9999 -9999 -9999 -9999 -9999 -9999 -9999 -9999 -9999 -9999 -9999 -9999 -9999 -9999 -9999 -9999 -9999 -9999 -9999
59.3525657653809 59.3525657653809 58.5320053100586 55.1225662231445 59.1431999206543 59.1431999206543 60.3022689819336 62.969612121582 62.969612121582 62.969612121582 62.969612121582 66.7420120239258 66.7420120239258 65.0388793945312 65.0388793945312 69.1256942749023 -9999 -9999 -9999 -9999 -9999 -9999 -9999 -9999 -9999 -9999 -9999 -9999 -9999 -9999 -9999 -9999 -9999 -9999 -9999 -9999 -9999 -9999 -9999 -9999 -9999 -9999 -9999 -9999 -9999 -9999 -9999 -9999 -9999 -9999 -9999 -9999 -9999 -9999 -9999 -9999 -9999 -9999 -9999 -9999
57.0478286743164 58.11865234375 54.9571228027344 57.6825180053711 57.6825180053711 57.6825180053711 59.1431999206543 62.969612121582 60.4528350830078 60.4528350830078 60.4528350830078 62.969612121582 65.0388793945312 65.0388793945312 69.1256942749023 69.1256942749023 71.1237335205078 71.1237335205078 71.1237335205078 70.0970687866211 70.0970687866211 -9999 -9999 -9999 -9999 -9999 -9999 -9999 -9999 -9999 -9999 -9999 -9999 -9999 -9999 -9999 -9999 -9999 -9999 -9999 -9999 -9999 -9999 -9999 -9999 -9999 -9999 -9999 -9999 -9999 -9999 -9999 -9999 -9999 -9999 -9999 -9999 -9999 -9999 -9999
61.7205047607422 55.0514640808105 57.6825180053711 57.6825180053711 57.6825180053711 54.2938423156738 54.2938423156738 57.8114738464355 60.4528350830078 60.4528350830078 60.4528350830078 62.969612121582 62.969612121582 65.0388793945312 69.1256942749023 69.1256942749023 69.1256942749023 71.1237335205078 71.1237335205078 71.1237335205078 73.6451797485352 73.6451797485352 76.123649597168 73.800163269043 73.800163269043 -9999 -9999 -9999 -9999 -9999 -9999 -9999 -9999 -9999 -9999 -9999 -9999 -9999 -9999 -9999 -9999 -9999 -9999 -9999 -9999 -9999 -9999 -9999 -9999 -9999 -9999 -9999 -9999 -9999 -9999 -9999 -9999 -9999 -9999 -9999
65.7640151977539 61.4604415893555 61.7130393981934 61.7130393981934 59.9672546386719 51.8603782653809 54.2938423156738 54.2938423156738 54.2938423156738 60.4528350830078 60.4528350830078 62.969612121582 62.969612121582 65.0388793945312 67.7945175170898 69.1256942749023 69.1256942749023 72.0269317626953 73.6451797485352 73.6451797485352 73.6451797485352 73.800163269043 76.123649597168 76.123649597168 76.123649597168 73.800163269043 73.800163269043 73.800163269043 -9999 -9999 -9999 -9999 -9999 -9999 -9999 -9999 -9999 -9999 -9999 -9999 -9999 -9999 -9999 -9999 -9999 -9999 -9999 -9999 -9999 -9999 -9999 -9999 -9999 -9999 -9999 -9999 -9999 -9999 -9999 -9999
65.643669128418 61.4604415893555 64.0613632202148 62.5508613586426 65.1338958740234 61.0848121643066 61.0848121643066 59.4147682189941 54.3725280761719 56.8633651733398 56.2462120056152 60.3022689819336 60.3022689819336 60.3022689819336 61.061840057373 66.4237976074219 66.4237976074219 69.317741394043 70.9387435913086 70.9387435913086 70.9387435913086 72.5903091430664 77.3336486816406 77.3336486816406 77.3336486816406 75.3065567016602 75.3065567016602 75.3065567016602 76.3828735351562 76.3828735351562 76.5634994506836 -9999 -9999 -9999 -9999 -9999 -9999 -9999 -9999 -9999 -9999 -9999 -9999 -9999 -9999 -9999 -9999 -9999 -9999 -9999 -9999 -9999 -9999 -9999 -9999 -9999 -9999 -9999 -9999 -9999
69.9977188110352 72.7386322021484 69.7771377563477 69.7771377563477 64.4888534545898 61.0848121643066 61.0848121643066 61.0848121643066 59.4147682189941 59.4147682189941 59.4147682189941 59.4147682189941 56.4897727966309 56.1740341186523 57.0478286743164 58.3874206542969 63.738166809082 66.630989074707 65.5953674316406 68.2575302124023 66.9762496948242 69.9025268554688 69.9025268554688 71.9382858276367 71.9382858276367 72.5903091430664 72.5903091430664 72.5903091430664 73.6451797485352 73.6451797485352 76.5634994506836 76.5634994506836 75.3065567016602 -9999 -9999 -9999 -9999 -9999 -9999 -9999 -9999 -9999 -9999 -9999 -9999 -9999 -9999 -9999 -9999 -9999 -9999 -9999 -9999 -9999 -9999 -9999 -9999 -9999 -9999 -9999
87.2830581665039 81.0102996826172 92.9393081665039 88.9330673217773 85.1540374755859 79.1367568969727 75.0589141845703 66.9802474975586 63.5641708374023 63.5641708374023 61.4604415893555 64.4419937133789 65.643669128418 68.8761901855469 62.4095306396484 55.706844329834 60.3022689819336 60.3022689819336 60.3986740112305 61.9490509033203 61.9490509033203 64.5882034301758 67.2372207641602 67.2372207641602 64.8424682617188 67.2372207641602 67.2372207641602 71.9382858276367 75.785530090332 78.3349456787109 76.5634994506836 76.5634994506836 78.8810653686523 78.8810653686523 77.4305648803711 -9999 -9999 -9999 -9999 -9999 -9999 -9999 -9999 -9999 -9999 -9999 -9999 -9999 -9999 -9999 -9999 -9999 -9999 -9999 -9999 -9999 -9999 -9999 -9999 -9999
91.843132019043 89.5655975341797 97.0446853637695 97.5768814086914 97.117546081543 103.963264465332 89.9391708374023 93.7734909057617 97.4420318603516 94.1321029663086 89.8933181762695 77.8498916625977 76.6428451538086 68.8761901855469 69.9977188110352 69.9977188110352 65.4433212280273 69.317741394043 68.3866653442383 65.7128753662109 65.7128753662109 67.2372207641602 64.8424682617188 67.2372207641602 67.2372207641602 69.1141204833984 67.3966522216797 69.2820358276367 70.4061431884766 75.785530090332 78.3349456787109 78.3349456787109 80.0841598510742 78.8810653686523 80.0841598510742 82.3691101074219 84.5923690795898 -9999 -9999 -9999 -9999 -9999 -9999 -9999 -9999 -9999 -9999 -9999 -9999 -9999 -9999 -9999 -9999 -9999 -9999 -9999 -9999 -9999 -9999 -9999
92.3774719238281 95.4782257080078 101.213989257812 106.210929870605 107.844116210938 107.844116210938 105.72819519043 115.538589477539 105.852767944336 102.393272399902 100.590713500977 99.2032775878906 90.1113815307617 80.6046142578125 80.6046142578125 84.1372375488281 73.7949523925781 82.1781387329102 74.7648468017578 71.0803375244141 71.0803375244141 71.0803375244141 65.7128753662109 67.2372207641602 65.393913269043 65.393913269043 65.393913269043 67.3966522216797 67.3966522216797 74.6202545166016 78.0961990356445 82.3691101074219 82.3691101074219 85.9410171508789 90.0772705078125 89.5655975341797 98.7636260986328 99.6575927734375 -9999 -9999 -9999 -9999 -9999 -9999 -9999 -9999 -9999 -9999 -9999 -9999 -9999 -9999 -9999 -9999 -9999 -9999 -9999 -9999 -9999 -9999
91.8903579711914 98.8571090698242 99.6736068725586 101.934700012207 106.762222290039 112.229209899902 108.136871337891 111.429481506348 101.602485656738 94.6003112792969 85.7617034912109 75.1991806030273 75.1991806030273 80.6046142578125 86.0446166992188 80.6046142578125 76.3818664550781 103.044563293457 110.874588012695 103.670028686523 75.6638565063477 71.0803375244141 68.0432891845703 67.3966522216797 67.3966522216797 67.3966522216797 65.393913269043 71.7375259399414 76.3504409790039 81.6145706176758 93.8513793945312 99.8654937744141 102.889923095703 100 103.356689453125 105.519386291504 106.641693115234 113.724395751953 113.45295715332 114.44849395752 -9999 -9999 -9999 -9999 -9999 -9999 -9999 -9999 -9999 -9999 -9999 -9999 -9999 -9999 -9999 -9999 -9999 -9999 -9999 -9999
94.0065994262695 99.3652572631836 108.393753051758 107.091232299805 107.552291870117 112.878028869629 112.643356323242 112.229209899902 113.113273620605 122.570762634277 106.26895904541 91.6515121459961 99.4169387817383 111.294044494629 100.590713500977 82.0658493041992 90.1113815307617 91.1605682373047 104.230567932129 97.8970794677734 79.3428955078125 71.0803375244141 71.0803375244141 73.4021530151367 72.6922378540039 74.6202545166016 79.6963958740234 81.6145706176758 90.2002944946289 100.181655883789 113.228828430176 113.228828430176 116.75399017334 113.228828430176 116.351196289062 119.328994750977 118.60432434082 118.60432434082 122.890357971191 118.65648651123 122.427391052246 -9999 -9999 -9999 -9999 -9999 -9999 -9999 -9999 -9999 -9999 -9999 -9999 -9999 -9999 -9999 -9999 -9999 -9999 -9999
98.7190704345703 101.037742614746 99.5991973876953 108.265518188477 108.265518188477 112.643356323242 115.120986938477 119.747604370117 120.536720275879 120.474052429199 119.548866271973 117.828216552734 121.815208435059 116.619041442871 103.653816223145 90.0660171508789 99.7099761962891 99.4169387817383 99.4169387817383 90.7544174194336 90.7544174194336 79.3428955078125 79.3428955078125 72.93359375 84.527473449707 88.2734832763672 90.328727722168 96.5673446655273 108.277961730957 121.250099182129 116.89599609375 121.250099182129 123.332496643066 122.105606079102 125.836410522461 125.836410522461 124.726707458496 124.7744140625 126.754844665527 123.50260925293 123.058662414551 123.058662414551 -9999 -9999 -9999 -9999 -9999 -9999 -9999 -9999 -9999 -9999 -9999 -9999 -9999 -9999 -9999 -9999 -9999 -9999
97.4005584716797 103.573593139648 104.111351013184 108.238883972168 112.366645812988 120.002166748047 118.542488098145 125.807807922363 121.293121337891 121.202766418457 125.294914245605 119.125518798828 123.974578857422 128.195404052734 127.979476928711 114.609931945801 108.323471069336 121.246017456055 118.291976928711 101.129981994629 101.221626281738 97.8970794677734 93.1812515258789 100.641998291016 102.24747467041 101.737632751465 112.056869506836 113.947952270508 118.764747619629 119.939453125 126.562362670898 120.937553405762 120.235290527344 122.940673828125 125.437881469727 125.930877685547 125.502876281738 127.169380187988 125.0244140625 124.889129638672 123.407539367676 122.919731140137 121.698341369629 -9999 -9999 -9999 -9999 -9999 -9999 -9999 -9999 -9999 -9999 -9999 -9999 -9999 -9999 -9999 -9999 -9999
101.587715148926 105.382064819336 103.473167419434 109.430740356445 113.728981018066 116.420440673828 123.366508483887 125.475677490234 122.555145263672 127.794212341309 121.37126159668 127.525001525879 122.704315185547 125.747146606445 126.560775756836 130.267791748047 125.128204345703 113.900718688965 122.243682861328 122.919731140137 122.701499938965 119.480407714844 119.480407714844 126.093772888184 128.875900268555 121.400054931641 125.335563659668 122.402931213379 122.402931213379 113.879150390625 119.67032623291 120.908889770508 126.963020324707 129.413131713867 126.963020324707 124.046524047852 123.000274658203 124.539970397949 123.675102233887 124.986083984375 125.0244140625 125.0244140625 123.50260925293 121.698341369629 -9999 -9999 -9999 -9999 -9999 -9999 -9999 -9999 -9999 -9999 -9999 -9999 -9999 -9999 -9999 -9999
101.362617492676 105.23161315918 108.80696105957 108.308006286621 110.824203491211 120.906105041504 124.7744140625 126.710830688477 125.057548522949 126.32048034668 125.553321838379 131.989791870117 129.877563476562 126.059371948242 129.639572143555 131.3994140625 128.934051513672 128.915023803711 126.560081481934 126.018577575684 122.779296875 119.133949279785 123.808929443359 129.707962036133 131.910766601562 123.808929443359 122.243682861328 122.174140930176 124.274848937988 122.919731140137 121.601531982422 129.404235839844 126.150367736816 123.394416809082 122.299499511719 124.751075744629 124.887908935547 119.76407623291 118.977462768555 119.799003601074 119.799003601074 119.334510803223 122.887756347656 123.066192626953 123.657943725586 -9999 -9999 -9999 -9999 -9999 -9999 -9999 -9999 -9999 -9999 -9999 -9999 -9999 -9999 -9999
98.0005035400391 102.805946350098 104.582504272461 109.366470336914 114.124458312988 115.591758728027 120.132499694824 120.155265808105 126.003280639648 126.299308776855 128.464645385742 129.699020385742 123.331901550293 128.097763061523 128.707641601562 128.934051513672 127.57251739502 129.235153198242 124.89542388916 127.383514404297 132.811080932617 135.754501342773 131.695678710938 131.695678710938 131.953552246094 130.453750610352 127.896682739258 127.390663146973 126.150367736816 120.014205932617 124.658973693848 128.767379760742 123.394416809082 120.889923095703 122.299499511719 122.299499511719 122.299499511719 119.76407623291 118.738929748535 118.738929748535 121.295654296875 121.529075622559 123.820266723633 120.164291381836 123.582878112793 122.477851867676 -9999 -9999 -9999 -9999 -9999 -9999 -9999 -9999 -9999 -9999 -9999 -9999 -9999 -9999
91.9062194824219 100.519729614258 99.0041656494141 105.686073303223 108.436660766602 113.423408508301 117.066383361816 123.121513366699 123.121513366699 128.156448364258 125.730194091797 129.932601928711 132.180145263672 129.060668945312 122.880531311035 129.060668945312 126.380241394043 126.982307434082 127.106346130371 121.80647277832 129.638259887695 130.768417358398 134.312225341797 136.180557250977 136.951812744141 134.039733886719 131.142990112305 130.592788696289 128.707641601562 124.167945861816 124.238830566406 123.4912109375 120.729064941406 120.729064941406 119.76407623291 118.956504821777 119.530380249023 119.530380249023 120.474052429199 122.105606079102 124.887908935547 122.181137084961 121.529075622559 121.529075622559 118.533027648926 122.28498840332 124.346527099609 -9999 -9999 -9999 -9999 -9999 -9999 -9999 -9999 -9999 -9999 -9999 -9999 -9999
71.3302154541016 88.7892074584961 104.249923706055 98.3544387817383 109.411834716797 110.782341003418 119.995750427246 123.08470916748 126.720878601074 127.57251739502 128.329940795898 128.133453369141 131.937103271484 129.060668945312 123.728096008301 118.160232543945 126.514099121094 131.121276855469 127.183128356934 125.857192993164 121.809577941895 127.524108886719 127.536239624023 136.667465209961 133.171234130859 126.910194396973 131.947036743164 126.832893371582 130.259582519531 127.179405212402 126.572631835938 128.458831787109 123.69669342041 122.824821472168 122.824821472168 114.321784973145 122.402931213379 120.474052429199 120.475875854492 119.404830932617 120.475875854492 119.731422424316 120.725082397461 122.181137084961 122.418807983398 122.904449462891 118.865768432617 119.301948547363 -9999 -9999 -9999 -9999 -9999 -9999 -9999 -9999 -9999 -9999 -9999 -9999
67.2870330810547 81.4811172485352 95.4297180175781 98.9866027832031 102.726470947266 105.475646972656 112.95694732666 119.995750427246 125.297294616699 125.063529968262 130.623245239258 129.017318725586 134.839965820312 132.180145263672 127.047241210938 129.060668945312 127.748176574707 125.227066040039 125.227066040039 126.805610656738 126.907180786133 127.004570007324 127.044441223145 118.795265197754 127.715873718262 127.00757598877 122.17505645752 122.17505645752 125.333839416504 123.686279296875 125.078132629395 125.078132629395 123.778343200684 118.42374420166 120.682952880859 117.733001708984 119.480407714844 118.956504821777 120.475875854492 121.515106201172 121.515106201172 121.515106201172 120.725082397461 120.693710327148 117.368309020996 117.793281555176 116.861312866211 117.891479492188 119.301948547363 -9999 -9999 -9999 -9999 -9999 -9999 -9999 -9999 -9999 -9999 -9999
72.5027694702148 63.327335357666 86.4443435668945 104.566871643066 108.437675476074 95.745361328125 114.236907958984 118.444839477539 122.520034790039 123.321044921875 125.726089477539 132.337036132812 135.857421875 133.234680175781 131.745666503906 130.930740356445 130.930740356445 127.624794006348 124.20809173584 126.907180786133 125.362014770508 126.907180786133 117.827270507812 126.410972595215 124.390907287598 121.087043762207 119.182823181152 122.243682861328 118.213600158691 119.94896697998 122.17505645752 123.196479797363 123.196479797363 123.196479797363 120 117.733001708984 119.832618713379 120.074356079102 120.074356079102 120.074356079102 117.514602661133 116.677757263184 117.368309020996 119.514457702637 117.793281555176 119.860282897949 115.241622924805 116.046974182129 119.033226013184 116.537643432617 -9999 -9999 -9999 -9999 -9999 -9999 -9999 -9999 -9999 -9999
49.2934150695801 69.1390075683594 60.0932464599609 99.7820587158203 102.619087219238 98.6320953369141 106.741432189941 112.608734130859 116.942268371582 123.321044921875 128.767379760742 130.721084594727 135.857421875 134.576354980469 131.596725463867 131.596725463867 129.323333740234 125.736465454102 124.165130615234 122.402931213379 124.613212585449 125.529182434082 127.793609619141 120.790512084961 118.814819335938 120.790512084961 119.94896697998 119.94896697998 115.644668579102 116.972381591797 119.130928039551 125.989242553711 120.227912902832 116.972381591797 120.227912902832 119.832618713379 119.832618713379 119.832618713379 118.579193115234 116.230209350586 114.376586914062 116.043144226074 118.523788452148 119.542236328125 118.542488098145 119.542236328125 118.550804138184 118.889595031738 118.235168457031 117.588768005371 118.019371032715 -9999 -9999 -9999 -9999 -9999 -9999 -9999 -9999 -9999
68.3778991699219 49.2466430664062 38.9532890319824 82.0874710083008 103.441261291504 106.623146057129 103.159729003906 116.830459594727 119.763626098633 123.165756225586 126.32048034668 130.402221679688 128.7626953125 133.143798828125 131.996017456055 129.932601928711 129.493118286133 131.051574707031 130.439987182617 126.907180786133 130.439987182617 132.869506835938 127.793609619141 124.390907287598 121.809577941895 124.897331237793 127.793609619141 119.94896697998 118.691184997559 120.227912902832 123.015235900879 121.47354888916 118.691184997559 121.498008728027 120.185043334961 116.847793579102 119.832618713379 115.628692626953 114.631797790527 118.010772705078 112.926773071289 118.431304931641 111.682823181152 117.263549804688 118.523788452148 118.523788452148 117.360153198242 115.331703186035 116.458915710449 114.885040283203 115.45858001709 117.936805725098 -9999 -9999 -9999 -9999 -9999 -9999 -9999 -9999
78.3590316772461 76.0677490234375 78.7879104614258 58.9078063964844 86.345085144043 99.3485260009766 90.9216690063477 107.898025512695 118.634201049805 121.94157409668 119.188209533691 125.195770263672 125.958763122559 131.062271118164 134.534820556641 132.763931274414 131.641326904297 139.657196044922 136.89909362793 124.613212585449 125.572601318359 127.797721862793 129.288040161133 126.436386108398 124.844055175781 123.671844482422 123.671844482422 124.613212585449 121.146209716797 124.390907287598 120.227912902832 120.227912902832 120.227912902832 121.181564331055 118.340202331543 115.113296508789 113.778091430664 112.313774108887 114.599227905273 116.188064575195 114.631797790527 112.926773071289 110.928916931152 115.194076538086 119.542236328125 114.486114501953 114.486114501953 112.701248168945 114.688316345215 111.512084960938 114.695343017578 110.827163696289 119.53630065918 -9999 -9999 -9999 -9999 -9999 -9999 -9999
36.4357147216797 50.5435180664062 61.8234481811523 73.0560836791992 74.6058807373047 78.7810974121094 90.3531036376953 103.625343322754 111.689071655273 110.747413635254 119.542236328125 119.030174255371 123.820266723633 128.591110229492 129.480072021484 126.640953063965 135.952407836914 132.587112426758 128.805511474609 124.844055175781 124.613212585449 125.38843536377 131.309616088867 126.572631835938 127.891777038574 124.613212585449 122.400238037109 120.62133026123 120.475875854492 122.06330871582 117.087120056152 122.400238037109 116.502799987793 120.227912902832 117.320945739746 115.549530029297 115.549530029297 114.281143188477 114.20240020752 115.152114868164 116.103309631348 112.958168029785 114.609931945801 112.099662780762 113.955642700195 113.955642700195 108.98755645752 107.94686126709 108.025993347168 110.263061523438 112.77409362793 112.76106262207 117.143753051758 -9999 -9999 -9999 -9999 -9999 -9999 -9999
37.8053245544434 40.4900817871094 34.5316009521484 52.2504615783691 84.0755081176758 72.1393203735352 81.6402587890625 93.782829284668 109.389717102051 120.167900085449 117.389793395996 120.449523925781 123.485969543457 133.87451171875 127.395416259766 124.844055175781 136.616958618164 131.641326904297 124.844055175781 121.146209716797 121.013900756836 119.917327880859 122.701499938965 126.261871337891 118.917678833008 118.917678833008 110.614807128906 114.894065856934 122.400238037109 123.304275512695 118.671432495117 118.962112426758 118.962112426758 115.153656005859 114.008003234863 117.320945739746 115.549530029297 118.671432495117 115.549530029297 117.137939453125 117.00505065918 111.237144470215 112.648597717285 110.164833068848 106.32487487793 104.446594238281 106.211784362793 109.098045349121 110.601097106934 105.651229858398 107.177368164062 110.94295501709 112.245170593262 110.335960388184 -9999 -9999 -9999 -9999 -9999 -9999
