02 cropping and modelling/wc2.1_10m_bio_18.asc
NCOLS 368 
NROWS 210 
XLLCORNER 67.1666666666667 
YLLCORNER 3.5 
CELLSIZE 0.166666666666667 
NODATA_value -9999 
[rows 36 to 71 of 210, columns 0 to 81 of 368]
-9999 -9999 -9999 -9999 -9999 6 9 12 18 27 37 51 69 92 111 134 139 135 136 133 145 162 180 190 184 178 185 190 202 223 219 220 225 231 238 153 168 185 201 214 225 236 263 302 333 347 361 385 413 463 540 585 680 754 888 872 582 215 184 161 134 145 126 130 112 130 140 129 107 107 122 118 103 106 105 83 76 73 76 75 77 75
-9999 -9999 -9999 -9999 -9999 -9999 11 15 23 31 42 54 71 87 101 121 129 129 124 132 139 154 163 171 161 169 174 180 187 198 209 220 229 235 240 250 160 172 182 191 201 213 235 264 287 299 312 334 363 394 444 532 623 746 820 839 583 434 202 216 239 150 151 171 142 121 136 146 135 114 133 128 109 110 114 120 97 101 105 91 92 86
-9999 -9999 -9999 -9999 -9999 -9999 -9999 18 26 34 47 59 73 88 98 109 121 119 121 128 135 140 145 147 152 157 161 167 175 188 203 218 231 239 241 247 154 161 169 178 189 205 224 243 259 268 277 297 323 355 392 456 541 592 705 843 802 844 452 498 327 208 176 192 165 146 143 148 137 153 165 139 134 129 127 136 132 116 118 117 109 104
-9999 -9999 -9999 -9999 -9999 -9999 -9999 -9999 29 39 51 65 78 92 107 119 144 126 121 126 131 136 136 139 142 144 146 153 162 176 192 209 225 236 239 241 150 155 162 171 183 198 217 233 247 256 265 278 300 326 356 412 483 551 595 702 738 737 641 681 514 260 201 200 202 182 186 187 169 195 176 167 164 162 157 151 156 142 136 138 130 121
-9999 -9999 -9999 -9999 -9999 -9999 -9999 -9999 -9999 44 55 70 86 100 114 136 161 132 123 124 128 128 130 129 130 133 135 142 151 165 179 199 214 225 231 235 241 151 157 166 178 194 212 230 245 258 268 275 288 309 330 365 433 509 533 571 658 720 673 582 474 392 250 230 224 221 215 212 211 212 212 206 205 204 201 188 176 169 166 158 153 142
-9999 -9999 -9999 -9999 -9999 -9999 -9999 -9999 -9999 -9999 60 74 92 109 124 150 176 148 131 124 124 123 121 122 122 123 126 131 140 153 168 186 203 217 224 230 235 147 152 160 171 186 204 224 241 258 269 274 283 296 312 331 360 405 448 501 547 647 656 639 585 462 363 342 291 275 266 267 257 248 247 252 245 260 256 255 222 197 188 187 172 163
-9999 -9999 -9999 -9999 -9999 -9999 -9999 -9999 -9999 -9999 -9999 80 98 115 133 152 171 162 132 123 122 119 118 117 116 116 120 124 132 142 156 175 196 213 222 228 232 235 146 152 161 174 191 210 229 247 259 266 271 280 291 299 321 361 402 448 489 553 682 620 539 466 395 416 327 316 321 309 299 289 289 279 275 285 301 306 299 243 215 209 201 183
-9999 -9999 -9999 -9999 -9999 -9999 -9999 -9999 -9999 -9999 -9999 -9999 102 120 138 155 169 173 138 126 121 118 117 115 113 112 114 117 123 132 147 166 192 217 228 230 229 229 140 143 151 160 174 190 211 233 245 249 251 256 260 267 292 331 376 414 469 546 675 629 567 483 550 509 456 428 378 353 347 337 333 334 311 304 309 311 326 315 265 236 235 224
-9999 -9999 -9999 -9999 -9999 -9999 -9999 -9999 -9999 -9999 -9999 -9999 -9999 123 139 157 163 168 142 130 122 117 115 113 111 109 110 113 117 125 139 159 191 222 238 235 225 221 220 135 139 147 157 171 197 218 226 229 229 230 238 254 284 320 349 381 420 498 583 623 578 522 627 608 583 603 545 448 408 480 458 390 359 341 332 321 336 344 332 304 281 263
-9999 -9999 -9999 -9999 -9999 -9999 -9999 -9999 -9999 -9999 -9999 -9999 -9999 -9999 144 154 166 176 152 134 123 118 115 112 110 107 107 109 113 119 131 150 182 220 236 226 215 207 126 127 129 135 145 159 183 204 208 208 209 216 230 254 283 312 332 349 377 427 536 607 584 532 525 533 536 534 774 681 608 572 460 439 400 406 376 372 369 354 353 336 314 289
-9999 -9999 -9999 -9999 -9999 -9999 -9999 -9999 -9999 -9999 -9999 -9999 -9999 -9999 -9999 155 165 186 152 138 124 118 115 111 109 106 106 108 110 116 126 142 169 198 209 203 195 120 119 193 122 128 136 147 164 180 185 187 193 207 228 252 277 300 318 329 344 375 445 560 608 613 620 648 632 657 631 589 880 716 624 574 498 555 553 480 519 428 364 360 346 330
-9999 -9999 -9999 -9999 -9999 -9999 -9999 -9999 -9999 -9999 -9999 -9999 -9999 -9999 -9999 -9999 163 172 153 144 126 119 114 110 106 105 104 105 109 113 122 84 96 108 114 114 112 111 173 114 118 122 129 137 149 158 163 167 178 198 221 243 262 278 295 311 323 342 383 457 565 652 708 751 783 780 735 682 650 628 963 554 814 762 846 709 497 436 395 368 350 343
-9999 -9999 -9999 -9999 -9999 -9999 -9999 -9999 -9999 -9999 -9999 -9999 -9999 -9999 -9999 -9999 -9999 -9999 163 147 129 120 114 108 104 102 102 104 73 74 76 81 88 96 102 104 104 105 107 111 115 119 125 132 140 147 148 151 165 188 212 229 241 250 268 291 306 319 345 395 489 606 690 712 799 869 856 689 629 651 596 534 579 590 941 681 513 534 491 452 393 356
-9999 -9999 -9999 -9999 -9999 -9999 -9999 -9999 -9999 -9999 -9999 -9999 -9999 -9999 -9999 -9999 -9999 -9999 -9999 147 80 75 113 106 102 99 99 70 73 73 73 76 82 88 95 98 100 100 104 108 112 116 122 129 137 142 143 143 155 175 195 208 215 222 236 260 276 288 308 344 412 524 602 665 748 745 828 754 610 513 527 598 523 647 1030 763 641 607 713 501 563 453
-9999 -9999 -9999 -9999 -9999 -9999 -9999 -9999 -9999 -9999 -9999 -9999 -9999 -9999 -9999 -9999 -9999 -9999 -9999 -9999 -9999 76 72 68 97 66 67 68 68 68 68 72 76 84 90 94 98 100 102 104 107 113 118 125 133 137 141 143 153 166 179 188 192 194 203 219 239 255 274 303 354 437 503 519 549 665 663 720 667 687 670 765 726 699 714 720 705 1009 1025 752 771 642
-9999 -9999 -9999 -9999 -9999 -9999 -9999 -9999 -9999 -9999 -9999 -9999 -9999 -9999 -9999 -9999 -9999 -9999 -9999 -9999 -9999 -9999 72 67 65 63 64 64 64 63 63 68 73 80 86 92 97 100 100 101 104 107 112 118 125 131 136 142 151 161 169 174 175 175 178 191 209 228 250 277 319 377 430 449 465 537 644 791 766 676 735 738 657 692 717 724 753 757 742 928 654 722
-9999 -9999 -9999 -9999 -9999 -9999 -9999 -9999 -9999 -9999 -9999 -9999 -9999 -9999 -9999 -9999 -9999 -9999 -9999 -9999 -9999 -9999 -9999 -9999 63 63 63 62 62 60 61 66 71 79 85 92 95 98 96 95 97 101 105 111 117 123 131 139 149 158 164 167 168 167 167 177 194 215 239 263 295 336 375 402 432 493 577 682 748 740 744 761 686 720 759 757 762 764 745 760 705 641
-9999 -9999 -9999 -9999 -9999 -9999 -9999 -9999 -9999 -9999 -9999 -9999 -9999 -9999 -9999 -9999 -9999 -9999 -9999 -9999 -9999 -9999 -9999 -9999 -9999 62 62 63 62 61 63 66 73 79 85 89 94 93 91 89 90 93 97 103 110 117 125 135 147 157 164 166 166 165 168 175 192 212 236 259 281 307 342 369 399 442 499 562 656 699 723 748 778 793 780 770 769 768 703 741 714 666
-9999 -9999 -9999 -9999 -9999 -9999 -9999 -9999 -9999 -9999 -9999 -9999 -9999 -9999 -9999 -9999 -9999 -9999 -9999 -9999 -9999 -9999 -9999 -9999 -9999 -9999 64 66 66 65 67 71 77 82 85 87 88 88 84 81 82 86 91 97 104 112 121 132 145 156 164 168 169 169 172 180 195 213 234 259 274 290 323 355 378 397 438 485 532 577 649 719 841 844 804 769 758 712 764 704 665 669
-9999 -9999 -9999 -9999 -9999 -9999 -9999 -9999 -9999 -9999 -9999 -9999 -9999 -9999 -9999 -9999 -9999 -9999 -9999 -9999 -9999 -9999 -9999 -9999 -9999 -9999 -9999 -9999 70 71 74 77 82 86 87 85 83 82 78 76 79 83 88 93 99 108 118 129 142 155 165 171 172 173 178 186 200 213 229 244 257 276 311 342 360 369 397 430 461 493 538 612 724 865 918 825 793 773 794 685 651 657
-9999 -9999 -9999 -9999 -9999 -9999 -9999 -9999 -9999 -9999 -9999 -9999 -9999 -9999 -9999 -9999 -9999 -9999 -9999 -9999 -9999 -9999 -9999 -9999 -9999 -9999 -9999 -9999 -9999 78 81 84 88 91 91 87 84 82 78 77 79 82 88 93 99 106 116 128 141 154 163 171 172 173 180 191 204 216 224 232 249 276 306 329 342 345 364 388 412 435 471 525 586 669 743 821 866 829 861 840 729 680
-9999 -9999 -9999 -9999 -9999 -9999 -9999 -9999 -9999 -9999 -9999 -9999 -9999 -9999 -9999 -9999 -9999 -9999 -9999 -9999 -9999 -9999 -9999 -9999 -9999 -9999 -9999 -9999 -9999 -9999 -9999 90 94 96 96 93 89 86 84 83 83 86 90 97 104 111 118 128 140 153 163 168 168 171 181 197 211 219 223 228 251 282 306 318 322 321 331 351 374 396 426 461 494 520 571 639 694 719 738 810 848 815
-9999 -9999 -9999 -9999 -9999 -9999 -9999 -9999 -9999 -9999 -9999 -9999 -9999 -9999 -9999 -9999 -9999 -9999 -9999 -9999 -9999 -9999 -9999 -9999 -9999 -9999 -9999 -9999 -9999 -9999 -9999 -9999 100 103 103 102 101 97 93 89 90 93 98 105 113 121 126 135 147 157 163 165 165 168 181 197 213 225 228 237 261 290 306 306 302 299 300 313 331 359 390 420 439 455 483 533 611 676 732 797 840 878
-9999 -9999 -9999 -9999 -9999 -9999 -9999 -9999 -9999 -9999 -9999 -9999 -9999 -9999 -9999 -9999 -9999 -9999 -9999 -9999 -9999 -9999 -9999 -9999 -9999 -9999 -9999 -9999 -9999 -9999 -9999 -9999 -9999 -9999 115 116 115 110 103 99 98 103 108 118 129 139 144 151 160 166 167 165 166 172 181 193 208 222 234 254 274 286 291 285 282 284 285 293 305 336 374 400 418 429 442 483 550 622 691 741 781 803
-9999 -9999 -9999 -9999 -9999 -9999 -9999 -9999 -9999 -9999 -9999 -9999 -9999 -9999 -9999 -9999 -9999 -9999 -9999 -9999 -9999 -9999 -9999 -9999 -9999 -9999 -9999 -9999 -9999 -9999 -9999 -9999 -9999 -9999 -9999 130 129 124 115 112 111 116 123 136 152 168 176 175 176 174 172 169 172 179 181 187 194 209 229 254 266 265 265 264 267 279 293 300 312 342 377 399 411 425 436 463 508 555 600 637 665 697
-9999 -9999 -9999 -9999 -9999 -9999 -9999 -9999 -9999 -9999 -9999 -9999 -9999 -9999 -9999 -9999 -9999 -9999 -9999 -9999 -9999 -9999 -9999 -9999 -9999 -9999 -9999 -9999 -9999 -9999 -9999 -9999 -9999 -9999 -9999 -9999 -9999 137 129 123 123 128 139 158 177 199 209 200 194 187 182 177 180 184 186 191 191 202 222 230 233 239 242 249 261 279 300 310 322 346 374 390 402 417 431 448 472 491 505 533 557 578
-9999 -9999 -9999 -9999 -9999 -9999 -9999 -9999 -9999 -9999 -9999 -9999 -9999 -9999 -9999 -9999 -9999 -9999 -9999 -9999 -9999 -9999 -9999 -9999 -9999 -9999 -9999 -9999 -9999 -9999 -9999 -9999 -9999 -9999 -9999 -9999 -9999 -9999 139 133 134 142 154 171 193 214 225 221 211 202 194 197 194 194 199 203 205 209 220 207 212 220 228 239 255 274 294 305 313 329 349 366 382 399 415 429 441 445 441 456 478 499
-9999 -9999 -9999 -9999 -9999 -9999 -9999 -9999 -9999 -9999 -9999 -9999 -9999 -9999 -9999 -9999 -9999 -9999 -9999 -9999 -9999 -9999 -9999 -9999 -9999 -9999 -9999 -9999 -9999 -9999 -9999 -9999 -9999 -9999 -9999 -9999 -9999 -9999 -9999 139 142 149 160 177 196 215 226 226 218 211 204 215 207 208 213 218 223 224 223 203 206 217 224 233 247 267 282 291 295 300 314 336 357 376 394 408 413 408 401 412 433 456
-9999 -9999 -9999 -9999 -9999 -9999 -9999 -9999 -9999 -9999 -9999 -9999 -9999 -9999 -9999 -9999 -9999 -9999 -9999 -9999 -9999 -9999 -9999 -9999 -9999 -9999 -9999 -9999 -9999 -9999 -9999 -9999 -9999 -9999 -9999 -9999 -9999 -9999 -9999 -9999 144 151 161 173 188 206 220 223 220 218 221 215 231 220 226 240 248 243 228 212 214 226 232 234 246 262 273 278 274 276 291 311 334 352 368 381 387 387 385 390 404 428
-9999 -9999 -9999 -9999 -9999 -9999 -9999 -9999 -9999 -9999 -9999 -9999 -9999 -9999 -9999 -9999 -9999 -9999 -9999 -9999 -9999 -9999 -9999 -9999 -9999 -9999 -9999 -9999 -9999 -9999 -9999 -9999 -9999 -9999 -9999 -9999 -9999 -9999 -9999 -9999 -9999 -9999 159 167 177 192 205 214 217 226 214 229 235 233 248 271 263 243 233 225 229 231 232 235 249 263 269 271 267 267 280 298 319 332 340 353 366 379 383 381 387 408
-9999 -9999 -9999 -9999 -9999 -9999 -9999 -9999 -9999 -9999 -9999 -9999 -9999 -9999 -9999 -9999 -9999 -9999 -9999 -9999 -9999 -9999 -9999 -9999 -9999 -9999 -9999 -9999 -9999 -9999 -9999 -9999 -9999 -9999 -9999 -9999 -9999 -9999 -9999 -9999 -9999 -9999 -9999 158 166 178 192 207 207 206 216 232 241 256 271 290 260 250 241 237 234 231 231 239 261 277 277 278 277 277 280 291 304 314 319 329 345 371 383 379 381 398
-9999 -9999 -9999 -9999 -9999 -9999 -9999 -9999 -9999 -9999 -9999 -9999 -9999 -9999 -9999 -9999 -9999 -9999 -9999 -9999 -9999 -9999 -9999 -9999 -9999 -9999 -9999 -9999 -9999 -9999 -9999 -9999 -9999 -9999 -9999 -9999 -9999 -9999 -9999 -9999 -9999 -9999 -9999 -9999 -9999 170 183 196 194 203 212 237 252 268 284 290 272 254 246 243 242 238 234 247 279 297 293 290 293 293 289 287 292 302 309 314 323 350 373 381 386 115
-9999 -9999 -9999 -9999 -9999 -9999 -9999 -9999 -9999 -9999 -9999 -9999 -9999 -9999 -9999 -9999 -9999 -9999 -9999 -9999 -9999 -9999 -9999 -9999 -9999 -9999 -9999 -9999 -9999 -9999 -9999 -9999 -9999 -9999 -9999 -9999 -9999 -9999 -9999 -9999 -9999 -9999 -9999 -9999 -9999 -9999 -9999 181 189 204 222 248 266 276 276 273 257 246 242 245 248 248 253 267 289 299 292 296 303 305 299 290 283 291 303 305 310 333 360 379 390 398
-9999 -9999 -9999 -9999 -9999 -9999 -9999 -9999 -9999 -9999 -9999 -9999 -9999 -9999 -9999 -9999 -9999 -9999 -9999 -9999 -9999 -9999 -9999 -9999 -9999 -9999 -9999 -9999 -9999 -9999 -9999 -9999 -9999 -9999 -9999 -9999 -9999 -9999 -9999 -9999 -9999 -9999 -9999 -9999 -9999 -9999 -9999 -9999 -9999 210 236 269 279 289 278 268 259 251 240 253 260 264 266 275 284 284 283 293 303 311 309 296 280 283 293 299 309 328 352 369 383 395
-9999 -9999 -9999 -9999 -9999 -9999 -9999 -9999 -9999 -9999 -9999 -9999 -9999 -9999 -9999 -9999 -9999 -9999 -9999 -9999 -9999 -9999 -9999 -9999 -9999 -9999 -9999 -9999 -9999 -9999 -9999 -9999 -9999 -9999 -9999 -9999 -9999 -9999 -9999 -9999 -9999 -9999 -9999 -9999 -9999 -9999 -9999 -9999 -9999 -9999 237 269 285 295 289 299 278 250 246 258 279 274 270 276 281 278 283 294 304 310 310 299 282 282 288 293 305 322 82 353 95 103
-9999 -9999 -9999 -9999 -9999 -9999 -9999 -9999 -9999 -9999 -9999 -9999 -9999 -9999 -9999 -9999 -9999 -9999 -9999 -9999 -9999 -9999 -9999 -9999 -9999 -9999 -9999 -9999 -9999 -9999 -9999 -9999 -9999 -9999 -9999 -9999 -9999 -9999 -9999 -9999 -9999 -9999 -9999 -9999 -9999 -9999 -9999 -9999 -9999 -9999 -9999 264 288 295 301 305 268 260 263 277 282 274 282 283 287 295 297 305 314 62 63 291 284 62 65 65 69 73 75 79 84 89
