02 cropping and modelling/wc2.1_10m_bio_14.asc
NCOLS 368 
NROWS 210 
XLLCORNER 67.1666666666667 
YLLCORNER 3.5 
CELLSIZE 0.166666666666667 
NODATA_value -9999 
[rows 0 to 38 of 210, columns 0 to 86 of 368]
-9999.000000000000000 -9999 -9999 -9999 -9999 -9999 -9999 -9999 -9999 -9999 -9999 -9999 -9999 -9999 -9999 -9999 -9999 -9999 -9999 -9999 -9999 -9999 -9999 -9999 -9999 -9999 -9999 -9999 -9999 -9999 -9999 16 12 11 11 10 15 16 13 12 6 2 2 2 2 3 2 1 3 2 1 0 0 0 0 0 -9999 -9999 -9999 -9999 -9999 -9999 -9999 -9999 -9999 -9999 -9999 -9999 -9999 -9999 -9999 -9999 -9999 -9999 -9999 -9999 -9999 -9999 -9999 -9999 -9999 -9999 -9999 -9999 -9999 -9999 -9999
-9999 -9999 -9999 -9999 -9999 -9999 -9999 -9999 -9999 -9999 -9999 -9999 -9999 -9999 -9999 -9999 -9999 -9999 -9999 -9999 -9999 -9999 8 13 8 5 7 14 16 14 8 9 10 12 10 11 11 9 10 9 5 2 2 3 3 2 1 6 4 3 1 0 0 0 0 0 0 0 0 0 0 0 0 0 0 0 0 -9999 -9999 -9999 -9999 -9999 -9999 -9999 -9999 -9999 -9999 -9999 -9999 -9999 -9999 -9999 -9999 -9999 -9999 -9999 -9999
-9999 -9999 -9999 -9999 -9999 -9999 -9999 -9999 -9999 -9999 -9999 -9999 -9999 -9999 -9999 -9999 -9999 4 4 4 6 11 11 13 6 8 11 11 7 7 10 14 14 14 12 14 13 11 8 5 2 2 1 1 1 2 2 1 2 2 1 0 0 0 0 0 0 0 0 0 0 0 0 0 0 0 0 0 0 0 0 0 0 0 0 0 -9999 -9999 -9999 -9999 -9999 -9999 -9999 -9999 -9999 -9999 -9999
-9999 -9999 -9999 -9999 -9999 -9999 -9999 -9999 -9999 -9999 -9999 -9999 -9999 -9999 -9999 1 2 3 3 5 5 7 10 7 4 5 5 7 8 13 15 16 13 11 9 12 11 10 8 7 5 3 2 2 1 1 3 1 0 1 1 0 0 0 0 0 0 0 0 0 0 0 0 0 0 0 0 0 0 0 0 0 0 0 0 0 0 0 0 0 0 -9999 -9999 -9999 -9999 -9999 -9999
-9999 -9999 -9999 -9999 -9999 -9999 -9999 -9999 -9999 -9999 -9999 -9999 -9999 1 1 1 2 3 2 3 5 7 6 4 8 10 5 11 9 9 8 8 8 9 6 6 5 7 7 5 5 4 3 2 2 1 3 2 0 0 0 0 0 0 0 0 0 0 0 0 0 0 0 0 0 0 0 0 0 0 0 0 0 0 0 0 0 0 0 0 0 0 0 0 0 -9999 -9999
-9999 -9999 -9999 -9999 -9999 -9999 -9999 -9999 -9999 -9999 -9999 1 1 1 1 1 1 2 2 2 3 5 4 5 8 7 6 5 9 12 13 10 8 11 7 7 9 11 10 8 7 4 3 2 2 2 2 2 1 0 0 1 1 0 0 0 0 0 0 0 0 0 0 0 0 0 0 0 0 0 0 0 0 0 0 0 0 0 0 0 0 0 0 0 0 0 0
-9999 -9999 -9999 -9999 -9999 -9999 -9999 -9999 -9999 0 0 1 1 1 1 1 1 2 2 3 3 3 3 5 6 4 3 6 10 9 6 5 8 10 10 8 6 7 7 6 5 5 5 3 2 1 2 3 2 0 1 1 0 0 0 0 0 0 0 0 0 0 0 0 0 0 0 0 0 0 0 0 0 0 0 0 0 0 0 0 0 0 0 0 0 0 0
-9999 -9999 -9999 -9999 -9999 -9999 -9999 -9999 0 0 0 0 1 1 1 1 1 1 1 1 1 2 3 4 7 5 5 6 6 4 5 8 11 9 7 8 11 14 12 10 9 6 4 5 5 4 3 3 2 0 1 1 0 0 0 0 0 0 0 0 0 0 0 0 0 0 0 0 0 0 0 0 0 0 0 0 0 0 0 0 0 0 0 0 0 0 0
-9999 -9999 -9999 -9999 -9999 -9999 -9999 0 0 0 0 0 0 1 1 1 1 1 1 1 1 1 2 4 4 4 7 11 8 12 13 12 10 7 11 14 16 12 8 7 5 5 7 7 5 4 2 3 2 1 1 1 0 0 0 0 0 0 0 0 0 0 0 0 0 0 0 0 0 0 0 0 0 0 0 0 0 0 0 0 0 0 0 0 0 0 0
-9999 -9999 -9999 -9999 -9999 -9999 0 0 0 0 0 0 0 1 1 1 1 1 1 1 3 2 2 3 7 7 6 14 13 8 5 9 12 12 11 11 13 5 8 8 7 8 7 6 5 4 4 3 3 3 2 2 0 0 1 0 0 0 0 0 0 0 0 0 0 0 0 0 0 0 0 0 0 0 0 0 0 0 0 0 0 0 0 0 0 0 0
-9999 -9999 -9999 -9999 -9999 0 0 0 0 0 0 0 1 1 1 1 1 1 1 2 5 5 2 3 9 8 4 10 6 10 17 19 13 13 12 14 13 10 10 10 9 7 6 5 4 2 2 3 3 3 3 2 2 0 1 1 0 1 0 0 0 0 0 0 0 0 0 0 0 0 0 0 0 0 0 0 0 0 0 0 0 0 0 0 0 0 0
-9999 -9999 -9999 -9999 0 0 0 0 0 0 0 0 1 1 1 1 1 3 1 4 7 4 3 6 7 5 10 10 17 24 18 10 11 14 12 14 10 7 9 5 6 5 8 9 5 3 2 3 3 3 3 3 1 0 0 0 1 1 0 0 1 1 1 1 0 0 0 0 0 0 0 0 0 0 0 0 0 0 0 0 0 0 0 0 0 0 0
-9999 -9999 -9999 -9999 0 0 0 0 0 0 0 1 1 1 1 3 2 5 6 8 11 4 8 11 9 10 14 20 24 16 12 8 10 13 17 12 7 5 8 6 4 8 4 6 6 5 3 4 3 2 2 3 2 1 1 1 0 0 0 0 0 0 0 0 0 0 0 0 0 0 0 0 0 0 0 0 0 0 0 0 0 0 0 0 0 0 0
-9999 -9999 -9999 0 0 0 0 0 0 0 0 0 1 2 1 6 2 4 8 14 10 8 15 13 13 15 12 16 20 11 9 12 13 14 13 12 8 6 5 3 6 7 4 4 3 3 4 6 6 4 3 3 3 3 1 2 1 1 0 1 0 0 0 0 0 0 0 0 0 0 0 0 0 0 0 0 0 0 0 0 0 0 0 0 0 0 0
-9999 -9999 -9999 0 0 0 0 0 0 0 0 1 1 1 1 3 6 7 7 12 11 8 11 14 14 13 12 11 12 11 19 16 16 14 13 11 11 10 10 7 4 4 3 6 6 7 6 5 4 4 4 4 3 3 2 1 1 1 1 1 1 0 0 0 0 0 0 0 0 0 0 0 0 0 0 0 0 0 0 0 0 0 0 0 0 0 0
-9999 -9999 0 1 0 0 0 0 0 0 1 1 1 2 2 5 8 9 12 10 9 13 12 19 14 14 14 12 13 17 22 21 21 18 17 15 12 10 9 9 8 7 5 4 6 5 7 5 4 4 4 4 3 3 3 3 2 1 1 1 1 0 0 0 0 0 0 0 0 0 0 0 0 0 0 0 0 0 0 0 0 0 0 0 0 0 0
-9999 -9999 0 0 0 0 1 0 0 0 1 1 1 2 5 8 9 9 11 14 15 14 18 17 16 16 19 14 18 19 23 20 17 16 14 13 11 9 9 9 8 9 8 7 6 7 7 6 5 5 4 3 3 3 2 2 2 2 1 1 1 1 1 0 0 0 0 0 0 0 0 0 0 0 0 0 0 0 0 0 0 0 0 0 0 0 0
-9999 1 0 0 0 1 1 0 0 0 1 1 1 2 5 7 6 9 12 12 15 17 18 19 17 19 20 17 18 20 18 16 15 15 13 13 11 9 8 7 7 8 9 9 8 8 7 7 6 5 5 4 3 3 3 2 2 2 2 2 1 1 1 1 1 1 0 0 0 0 0 0 0 0 0 0 0 0 0 0 0 0 0 0 0 0 0
-9999 1 1 0 0 0 0 0 0 2 2 2 5 6 6 6 9 10 11 13 16 16 17 20 20 19 19 20 20 18 16 17 15 18 13 12 12 12 11 10 9 8 9 10 10 10 9 7 6 7 6 6 3 3 2 2 2 2 2 2 2 1 1 1 1 0 0 0 0 0 0 0 0 0 0 0 0 0 0 0 0 0 0 0 0 0 0
-9999 1 0 0 0 0 0 2 3 5 4 3 2 3 5 7 11 10 10 13 16 17 18 21 24 20 21 21 21 20 19 18 17 18 16 15 14 14 14 14 13 13 13 12 11 12 11 8 7 6 7 5 5 3 3 2 2 2 2 2 1 2 1 1 1 1 1 0 0 0 0 0 0 0 0 0 0 0 0 0 0 0 0 0 0 0 0
-9999 1 0 0 0 1 2 3 3 1 1 2 2 4 6 8 10 12 12 12 16 17 18 24 21 19 23 23 23 22 20 21 19 18 19 17 17 17 16 15 15 14 14 13 12 13 11 10 7 7 5 5 5 4 3 2 2 2 2 2 1 2 1 1 1 1 1 1 0 0 0 0 0 0 0 0 0 0 0 0 0 0 0 0 0 0 0
-9999 1 0 1 1 0 1 0 0 1 2 2 3 4 4 7 10 10 13 8 19 19 18 17 16 21 19 20 23 23 23 23 22 22 21 19 19 18 18 18 17 16 17 17 14 13 13 10 9 8 6 5 4 4 4 2 2 2 2 2 2 1 1 1 1 1 1 1 1 0 0 0 0 0 0 0 0 0 0 0 0 0 0 0 0 0 0
-9999 1 1 1 0 1 2 1 1 2 4 2 3 5 4 6 11 6 5 13 20 23 16 12 17 13 15 18 23 23 23 24 23 24 24 22 21 21 20 19 20 21 22 22 21 20 16 14 11 9 7 7 5 5 4 3 2 2 2 2 2 1 1 2 1 1 1 1 1 0 0 0 0 0 0 0 0 0 0 0 0 0 0 0 0 0 0
-9999 1 2 2 3 2 1 2 3 3 3 2 3 5 6 5 5 2 2 7 8 12 11 16 10 11 15 17 18 19 23 23 24 24 25 25 24 23 22 22 22 24 24 25 23 21 21 18 13 9 8 7 7 6 4 4 3 2 2 2 2 2 2 1 2 1 1 1 1 1 0 0 0 0 0 0 0 0 0 0 0 0 0 0 0 0 0
-9999 0 0 0 0 1 1 1 1 1 2 3 4 6 9 13 14 10 7 6 5 6 7 8 9 11 14 16 15 16 19 21 22 23 25 27 29 27 24 22 24 24 25 27 27 27 19 16 14 10 10 9 7 6 5 4 3 3 2 2 2 2 2 2 1 2 1 1 1 1 0 0 0 0 0 0 0 0 0 0 0 0 0 0 0 0 0
0 0 1 1 0 0 0 1 1 1 1 3 4 5 8 14 16 13 12 9 8 6 6 7 9 11 14 15 15 14 14 15 18 21 22 26 26 25 23 23 25 26 26 26 27 29 31 23 19 14 10 7 8 5 4 4 3 3 3 3 3 2 2 2 2 1 1 1 1 1 0 0 0 0 1 0 0 0 0 0 0 0 0 0 0 0 0
0 0 0 1 0 0 1 1 1 1 1 3 3 6 8 11 16 23 20 17 15 14 16 14 12 13 14 14 13 13 12 12 13 16 17 23 24 24 20 20 24 24 27 29 28 29 32 27 22 16 13 8 8 6 5 4 3 3 3 3 3 3 3 2 2 2 1 1 1 1 1 1 0 0 0 0 0 0 0 0 0 0 0 0 0 0 0
0 0 1 1 1 1 1 1 1 1 1 2 3 6 10 15 18 17 22 25 23 20 17 15 14 13 13 13 13 12 10 10 11 13 15 21 22 21 20 18 22 24 29 26 32 32 32 35 33 18 17 11 8 7 5 5 4 4 4 4 4 3 2 3 2 2 1 1 1 1 1 1 0 0 0 0 0 0 0 0 0 0 0 0 0 0 0
1 0 1 1 1 1 0 0 0 1 1 1 3 5 9 16 16 14 13 15 18 17 17 15 14 13 12 13 11 9 9 8 9 10 14 17 18 19 18 18 18 20 24 28 28 34 35 36 36 26 20 16 12 8 6 6 5 5 5 3 4 3 3 3 3 2 2 1 1 1 1 1 1 0 0 0 0 0 0 0 0 0 0 0 0 0 0
0 1 2 1 1 1 0 0 0 0 1 1 2 5 9 15 12 12 10 12 14 13 12 11 10 10 10 10 8 8 8 8 8 9 11 13 14 16 17 18 19 20 23 29 26 29 34 36 37 28 20 22 16 10 8 7 6 6 6 4 4 4 3 3 2 3 2 2 1 2 1 1 1 1 1 1 0 0 0 0 0 0 0 0 0 0 0
0 0 1 1 2 1 0 0 0 0 1 1 3 6 12 12 10 9 10 8 8 8 9 8 8 8 8 7 7 6 7 7 7 8 9 10 12 13 14 16 18 19 21 25 30 30 30 30 33 25 28 26 21 14 12 10 7 6 6 4 5 4 4 3 3 3 3 2 2 1 1 1 1 1 1 1 0 0 0 0 0 0 0 0 0 0 0
-9999 0 0 0 0 0 0 0 0 1 1 2 4 7 11 10 10 10 8 7 6 7 6 6 6 7 6 6 6 6 6 6 6 7 8 9 10 11 12 14 17 18 18 19 24 26 30 30 30 30 26 25 20 17 15 10 8 7 6 6 5 5 4 4 3 3 2 3 3 2 2 1 1 1 1 1 0 0 0 0 0 0 0 0 0 0 0
-9999 -9999 0 0 0 0 0 0 0 1 1 2 4 7 12 12 10 9 7 5 5 5 4 5 6 7 6 5 5 5 5 5 6 6 7 8 9 10 10 11 13 15 15 15 16 16 22 27 29 27 26 25 24 17 15 15 10 8 7 6 6 5 5 4 4 3 3 2 3 3 2 2 2 1 1 1 1 0 0 0 0 0 0 0 0 0 0
-9999 -9999 -9999 0 0 0 0 0 0 1 1 2 4 8 8 8 9 7 6 4 4 4 4 5 4 4 4 4 4 5 5 5 6 6 7 7 8 8 9 10 10 11 12 12 12 12 14 16 22 27 24 23 22 21 19 16 12 9 8 7 6 6 6 5 4 4 4 3 3 3 3 2 3 2 1 1 1 1 1 0 0 0 0 0 0 1 1
-9999 -9999 -9999 0 0 0 0 0 1 1 2 3 5 7 11 13 10 8 6 4 3 3 3 3 3 3 3 4 4 5 5 6 7 7 7 8 7 7 8 8 9 9 9 9 9 9 11 12 16 22 24 23 23 22 21 16 14 12 9 9 8 7 6 6 5 5 4 4 4 3 4 3 2 2 1 1 1 1 1 1 1 1 1 1 1 1 1
-9999 -9999 -9999 -9999 0 0 0 0 1 1 2 3 5 7 11 11 9 8 7 4 3 3 3 3 3 3 3 3 5 6 6 5 5 5 5 5 6 6 7 7 7 8 8 8 8 8 9 10 11 13 16 18 19 21 21 17 14 13 13 12 10 8 7 6 6 5 5 4 5 3 3 2 2 1 2 1 1 1 1 0 1 1 1 1 1 1 1
-9999 -9999 -9999 -9999 -9999 0 0 1 1 1 3 4 5 8 8 8 6 5 4 3 3 3 3 3 3 2 3 3 3 5 4 4 4 4 5 5 5 6 6 6 6 7 7 7 7 7 8 8 9 10 13 15 17 20 20 21 19 15 14 14 13 9 9 8 9 6 5 5 6 5 3 3 3 2 1 3 2 1 1 1 1 1 1 1 1 1 1
-9999 -9999 -9999 -9999 -9999 -9999 0 1 1 2 3 4 5 5 5 5 5 4 3 3 3 3 3 3 2 2 3 3 3 4 4 4 4 4 4 5 5 5 5 5 6 6 6 6 7 7 7 7 8 9 11 13 15 17 19 19 19 18 15 15 17 12 10 8 9 10 8 6 7 8 5 5 6 4 3 2 3 2 1 1 1 1 1 1 1 1 1
-9999 -9999 -9999 -9999 -9999 -9999 -9999 1 1 2 3 4 4 4 4 4 4 3 3 2 2 2 2 2 2 3 3 3 3 3 4 4 4 4 4 4 4 4 5 5 5 5 6 6 6 6 6 7 7 8 9 11 13 15 17 19 21 20 19 21 20 16 12 9 10 12 12 11 13 8 4 7 7 6 5 3 2 3 1 1 1 1 1 1 1 1 1
