02 cropping and modelling/wc2.1_10m_bio_6.asc
NCOLS 368 
NROWS 210 
XLLCORNER 67.1666666666667 
YLLCORNER 3.5 
CELLSIZE 0.166666666666667 
NODATA_value -9999 
[rows 81 to 107 of 210, columns 60 to 119 of 368]
-9999 -9999 -9999 -9999 -9999 -9999 9.08425045013428 9.0912504196167 9.04699993133545 8.76125049591064 8.81849956512451 8.77000045776367 8.67049980163574 8.38000011444092 8.30150032043457 8.49549961090088 8.84949970245361 9.2207498550415 9.25800037384033 9.11674976348877 8.76850032806396 8.56124973297119 8.63675022125244 8.67774963378906 9.12374973297119 9.30200004577637 8.97949981689453 8.92350006103516 9.34224987030029 9.33675003051758 9.20874977111816 9.34774971008301 9.18225002288818 9.10299968719482 9.24575042724609 9.40524959564209 9.73525047302246 9.9379997253418 10.2629995346069 10.441499710083 10.5244998931885 10.7802495956421 10.6455001831055 10.3140001296997 9.98050022125244 9.68025016784668 9.48499965667725 9.49650001525879 9.82800006866455 9.89649963378906 9.92449951171875 10.0935001373291 10.2945003509521 10.3982496261597 10.4747495651245 10.4087495803833 10.3782501220703 10.3815002441406 10.1662502288818 9.91874980926514
-9999 -9999 -9999 -9999 -9999 -9999 -9999 -9999 8.94299983978271 8.88850021362305 8.95250034332275 8.89474964141846 8.78524971008301 8.57649993896484 8.38824939727783 8.73250007629395 9.06874942779541 9.0019998550415 8.64124965667725 8.61025047302246 8.59875011444092 8.58675003051758 8.52149963378906 8.65025043487549 8.70524978637695 8.53750038146973 8.33675003051758 8.34774971008301 8.59049987792969 8.64299964904785 9.31075000762939 9.37049961090088 9.19649982452393 8.83100032806396 8.67950057983398 8.87899971008301 9.09749984741211 9.23474979400635 9.16399955749512 9.66275024414062 9.95625019073486 10.8432502746582 10.4975004196167 10.2934999465942 10.1652498245239 9.85875034332275 9.67625045776367 9.78425025939941 9.85824966430664 9.91424942016602 10.1012496948242 10.1127500534058 10.1094999313354 10.2327499389648 10.5607500076294 10.4617500305176 10.2377500534058 10.2092504501343 10.2392501831055 10.1035003662109
-9999 -9999 -9999 -9999 -9999 -9999 -9999 -9999 -9999 8.90324974060059 8.99425029754639 9.04899978637695 8.92724990844727 8.81550025939941 8.74275016784668 9.14700031280518 8.96224975585938 8.72774982452393 8.70199966430664 8.44449996948242 8.43449974060059 8.61100006103516 8.91674995422363 8.75650024414062 8.72449970245361 8.58899974822998 8.52449989318848 8.62224960327148 8.94824981689453 9.1584997177124 9.41600036621094 9.39824962615967 9.47000026702881 9.47725009918213 9.72299957275391 9.5022497177124 9.4057502746582 9.43099975585938 9.42949962615967 9.6882495880127 10.5817499160767 10.5010004043579 10.3962497711182 10.232250213623 10.1637496948242 10.0587501525879 9.92574977874756 9.8120002746582 9.84899997711182 9.91674995422363 9.84799957275391 9.74149990081787 10.0290002822876 9.92000007629395 10.1832504272461 10.1310005187988 10.1172504425049 10.1549997329712 10.1837501525879 10.1704998016357
-9999 -9999 -9999 -9999 -9999 -9999 -9999 -9999 -9999 -9999 -9999 9.12374973297119 9.14150047302246 8.97725009918213 8.96749973297119 8.97574996948242 8.9692497253418 8.70524978637695 8.6252498626709 8.76399993896484 8.41975021362305 8.7792501449585 8.80124950408936 8.81599998474121 9.0317497253418 9.13825035095215 9.28950023651123 9.32775020599365 9.3462495803833 9.38274955749512 9.46774959564209 9.29749965667725 9.26949977874756 9.47500038146973 9.92875003814697 10.0317497253418 10.0297498703003 10.1132497787476 10.1407499313354 10.4265003204346 10.3642501831055 10.1350002288818 10.1809997558594 10.0460004806519 10.0307502746582 10.0749998092651 9.99250030517578 9.69999980926514 9.4064998626709 9.65250015258789 9.6877498626709 9.78450012207031 9.9367504119873 9.95575046539307 10.0347499847412 10.1724996566772 10.3637495040894 10.3699998855591 10.3932495117188 10.4709997177124
-9999 -9999 -9999 -9999 -9999 -9999 -9999 -9999 -9999 -9999 -9999 -9999 9.05500030517578 9.16475009918213 9.30525016784668 9.00650024414062 8.80500030517578 8.97175025939941 8.9712495803833 8.77974987030029 8.48274993896484 9.01525020599365 9.06824970245361 9.37625026702881 9.76650047302246 9.48349952697754 9.37674999237061 9.21125030517578 9.32425022125244 9.42675018310547 9.41149997711182 9.22924995422363 9.28674983978271 9.76550006866455 10.1545000076294 9.89725017547607 9.95499992370605 9.88224983215332 10.0240001678467 10.2752504348755 10.3424997329712 10.0340003967285 10.0170001983643 9.82950019836426 9.70499992370605 9.7787504196167 9.45300006866455 9.30900001525879 9.47525024414062 9.70524978637695 9.95800018310547 10.1545000076294 10.3599996566772 10.4392499923706 10.4002504348755 10.4300003051758 10.6260004043579 10.6660003662109 10.6789999008179 10.6765003204346
-9999 -9999 -9999 -9999 -9999 -9999 -9999 -9999 -9999 -9999 -9999 -9999 -9999 -9999 9.12024974822998 9.1227502822876 9.04675006866455 8.81550025939941 8.80649948120117 9.16775035858154 9.16224956512451 9.21374988555908 9.63525009155273 10.1455001831055 10.0349998474121 9.43875026702881 9.37849998474121 9.26924991607666 9.54475021362305 9.44750022888184 9.40999984741211 9.62600040435791 10.0967502593994 11.5500001907349 10.9987497329712 9.71100044250488 9.86400032043457 9.74174976348877 9.78750038146973 9.98999977111816 10.160249710083 10.1859998703003 10.0892505645752 9.91199970245361 9.75 9.39449977874756 9.1855001449585 9.27425003051758 9.18175029754639 9.26949977874756 9.55974960327148 10.1517496109009 10.5232496261597 10.5857496261597 10.7814998626709 10.9127502441406 10.9409999847412 11.0022497177124 10.9122495651245 10.9682502746582
-9999 -9999 -9999 -9999 -9999 -9999 -9999 -9999 -9999 -9999 -9999 -9999 -9999 -9999 -9999 9.64274978637695 9.01099967956543 8.86975002288818 8.95574951171875 9.10324954986572 9.10325050354004 9.20149993896484 9.30974960327148 9.39000034332275 9.47350025177002 9.51875019073486 9.66324996948242 9.5292501449585 9.54524993896484 9.32649993896484 9.5959997177124 9.64274978637695 10.0869998931885 10.0729999542236 9.58549976348877 9.56500053405762 9.64674949645996 9.60774993896484 9.60949993133545 9.57149982452393 9.68850040435791 10.0077505111694 10.0364999771118 9.83975028991699 9.61400032043457 9.38724994659424 9.44824981689453 9.78250026702881 9.67675018310547 9.79924964904785 9.91600036621094 10.5749998092651 10.7717504501343 10.9447498321533 11.0069999694824 11.3070001602173 11.3762502670288 11.6412496566772 11.3177499771118 11.2185001373291
-9999 -9999 -9999 -9999 -9999 -9999 -9999 -9999 -9999 -9999 -9999 -9999 -9999 -9999 -9999 -9999 8.97424983978271 9.04074954986572 9.01150035858154 8.91324996948242 8.85700035095215 8.94349956512451 9.09549999237061 9.25500011444092 9.36925029754639 9.50150012969971 9.58075046539307 9.62899971008301 9.53750038146973 9.47924995422363 9.48274993896484 9.35074996948242 9.66899967193604 10.1005001068115 9.89774990081787 9.73200035095215 9.5935001373291 9.6257495880127 9.67949962615967 9.59625053405762 9.91174983978271 10.035249710083 9.91300010681152 9.9352502822876 9.94575023651123 9.73925018310547 9.89824962615967 10.2810001373291 10.5117502212524 10.6707496643066 10.9537496566772 11.2857503890991 11.2477502822876 11.4397497177124 11.4619998931885 11.8432502746582 11.5857496261597 12.0042495727539 11.7197504043579 11.5314998626709
-9999 -9999 -9999 -9999 -9999 -9999 -9999 -9999 -9999 -9999 -9999 -9999 -9999 -9999 -9999 -9999 -9999 8.97649955749512 8.8432502746582 8.88875007629395 8.83475017547607 8.83924961090088 8.82524967193604 9.1252498626709 9.48725032806396 9.54749965667725 9.61474990844727 9.59274959564209 9.47424983978271 9.02799987792969 8.97375011444092 9.03824996948242 9.20775032043457 10.0085000991821 9.83650016784668 9.62775039672852 9.42199993133545 9.24625015258789 9.28649997711182 9.53400039672852 9.32149982452393 9.38599967956543 9.3457498550415 9.37325000762939 9.26249980926514 9.36975002288818 9.49574947357178 9.63300037384033 10.2159996032715 10.5205001831055 10.8867502212524 10.9812498092651 10.9302501678467 11.4055004119873 11.6335000991821 11.7959995269775 11.8594999313354 11.9604997634888 11.8435001373291 11.7472496032715
-9999 -9999 -9999 -9999 -9999 -9999 -9999 -9999 -9999 -9999 -9999 -9999 -9999 -9999 -9999 -9999 -9999 -9999 8.85925006866455 8.94274997711182 8.68074989318848 8.64200019836426 8.91250038146973 9.21125030517578 9.45024967193604 9.53125 9.63825035095215 9.68449974060059 9.57724952697754 9.61425018310547 9.43924999237061 9.17475032806396 9.32899951934814 9.88724994659424 9.81599998474121 9.57849979400635 9.36724948883057 9.38700008392334 8.8774995803833 8.81824970245361 7.73225021362305 8.75450038909912 8.70300006866455 9.05175018310547 9.09825038909912 9.2832498550415 9.3125 9.3100004196167 9.68575000762939 10.0384998321533 10.5550003051758 11.1727495193481 11.3990001678467 11.5229997634888 11.7287502288818 11.8592500686646 11.8599996566772 11.8465003967285 11.8442497253418 11.7837495803833
-9999 -9999 -9999 -9999 -9999 -9999 -9999 -9999 -9999 -9999 -9999 -9999 -9999 -9999 -9999 -9999 -9999 -9999 -9999 8.4372501373291 8.27075004577637 8.20674991607666 8.17650032043457 8.91650009155273 9.05599975585938 9.55150032043457 9.81725025177002 9.77974987030029 9.88475036621094 10.0387496948242 10.2180004119873 10.0252504348755 10.0100002288818 9.87399959564209 9.91800022125244 9.71724987030029 9.4399995803833 9.28400039672852 8.95275020599365 8.4370002746582 8.31124973297119 8.71125030517578 8.65999984741211 9.33100032806396 9.73200035095215 9.7194995880127 9.69499969482422 9.73725032806396 9.98099994659424 10.3182497024536 11.2180004119873 11.7037496566772 11.6737499237061 11.2407503128052 11.6852502822876 11.9192495346069 11.8792495727539 11.9060001373291 11.9685001373291 12.0242500305176
-9999 -9999 -9999 -9999 -9999 -9999 -9999 -9999 -9999 -9999 -9999 -9999 -9999 -9999 -9999 -9999 -9999 -9999 -9999 -9999 8.14824962615967 8.10074996948242 7.95574998855591 8.10000038146973 8.23324966430664 8.87150001525879 9.59724998474121 9.97799968719482 10.1497497558594 10.357250213623 10.6412496566772 10.6545000076294 10.5670003890991 10.3237504959106 10.1029996871948 9.87349987030029 9.51300048828125 9.17749977111816 8.38525009155273 8.34475040435791 8.6564998626709 8.87625026702881 9.32224941253662 9.38650035858154 9.97249984741211 10.1940002441406 10.2854995727539 10.2849998474121 10.299750328064 10.6829996109009 11.5077505111694 11.7402496337891 11.9184999465942 11.9692497253418 11.7357501983643 11.8484992980957 11.9547500610352 12.1517496109009 12.1582498550415 12.21399974823
-9999 -9999 -9999 -9999 -9999 -9999 -9999 -9999 -9999 -9999 -9999 -9999 -9999 -9999 -9999 -9999 -9999 -9999 -9999 -9999 -9999 8.4377498626709 8.24324989318848 8.20925045013428 8.23225021362305 8.2519998550415 8.20625019073486 9.56999969482422 10.2932500839233 10.4817495346069 10.8007497787476 11.0817499160767 11.4460000991821 10.7347497940063 10.3680000305176 9.92774963378906 9.4084997177124 9.48575019836426 9.80850028991699 10.1674995422363 10.0915002822876 9.30025005340576 9.5622501373291 10.1517496109009 10.4305000305176 10.4899997711182 10.65149974823 10.6892499923706 10.6177501678467 10.8332500457764 11.3205003738403 11.5037498474121 11.731499671936 12.0202503204346 11.6225004196167 11.6470003128052 11.9352502822876 12.3787498474121 12.3689994812012 12.3669996261597
-9999 -9999 -9999 -9999 -9999 -9999 -9999 -9999 -9999 -9999 -9999 -9999 -9999 -9999 -9999 -9999 -9999 -9999 -9999 -9999 -9999 -9999 8.65124988555908 8.37224960327148 8.35649967193604 8.47500038146973 8.77299976348877 9.14200019836426 10.3072500228882 10.4305000305176 11.0614995956421 11.5074996948242 12.0602502822876 11.4820003509521 11.013500213623 10.2454996109009 9.64949989318848 9.96150016784668 10.4667501449585 10.637749671936 11.1145000457764 10.6575002670288 10.919750213623 11.2115001678467 11.2102499008179 10.8542499542236 11.0112495422363 11.2972497940063 11.298999786377 11.1055002212524 11.8015003204346 11.9747495651245 12.0582504272461 12.1452503204346 12.1842498779297 12.07200050354 11.9857501983643 12.1572504043579 12.4742498397827 12.4860000610352
-9999 -9999 -9999 -9999 -9999 -9999 -9999 -9999 -9999 -9999 -9999 -9999 -9999 -9999 -9999 -9999 -9999 -9999 -9999 -9999 -9999 -9999 -9999 8.99450016021729 8.72249984741211 8.57324981689453 9.38024997711182 10.5202503204346 11.2194995880127 11.3192501068115 11.125 11.6972503662109 12.3760004043579 11.9434995651245 11.4457502365112 11.9805002212524 11.5764999389648 10.7767496109009 10.8312501907349 11.2352504730225 11.5242500305176 11.3369998931885 11.4965000152588 11.6437501907349 11.6362495422363 11.4984998703003 11.7347497940063 11.8780002593994 11.7629995346069 11.612250328064 11.7854995727539 11.8365001678467 11.9779996871948 12.0067501068115 12.1199998855591 12.33424949646 12.3859996795654 12.5452499389648 12.6975002288818 12.6599998474121
-9999 -9999 -9999 -9999 -9999 -9999 -9999 -9999 -9999 -9999 -9999 -9999 -9999 -9999 -9999 -9999 -9999 -9999 -9999 -9999 -9999 -9999 -9999 9.21249961853027 9.98474979400635 10.5042495727539 11.5485000610352 11.3450002670288 11.5702495574951 12.2277498245239 12.2167501449585 12.2810001373291 12.5670003890991 12.5520000457764 12.41100025177 12.4575004577637 12.2489995956421 11.7282495498657 11.2387495040894 11.691499710083 11.9250001907349 12 12.0687503814697 12.2934999465942 12.2594995498657 12.3372497558594 12.3727502822876 12.2849998474121 11.9937496185303 11.5807504653931 11.361499786377 11.7469997406006 11.9077501296997 11.9114999771118 11.8907499313354 12.321249961853 12.66100025177 12.7180004119873 12.8677501678467 12.9790000915527
-9999 -9999 -9999 -9999 -9999 -9999 -9999 -9999 -9999 -9999 -9999 -9999 -9999 -9999 -9999 -9999 -9999 -9999 -9999 -9999 -9999 -9999 -9999 -9999 11.0687503814697 11.4490003585815 11.799750328064 12.1557502746582 12.3074998855591 12.4114999771118 12.6927499771118 12.683500289917 12.8439998626709 12.7290000915527 12.7377500534058 12.7422504425049 12.4747495651245 12.3850002288818 11.9270000457764 11.892749786377 12.0982503890991 12.2862501144409 12.352499961853 12.3782501220703 12.7612495422363 12.6370000839233 12.6105003356934 12.2057504653931 11.628999710083 11.33899974823 11.1545000076294 11.2902498245239 11.6052503585815 11.9077501296997 11.9002494812012 12.0325002670288 12.7965002059937 12.9809999465942 13.0510005950928 13.2180004119873
-9999 -9999 -9999 -9999 -9999 -9999 -9999 -9999 -9999 -9999 -9999 -9999 -9999 -9999 -9999 -9999 -9999 -9999 -9999 -9999 -9999 -9999 -9999 -9999 11.3940000534058 11.6110000610352 11.8717498779297 12.1479997634888 12.3807497024536 12.6432504653931 12.7162504196167 12.9224996566772 13.0364999771118 13.1687498092651 13.1365003585815 13.1505002975464 12.9549999237061 12.7082500457764 12.5190000534058 12.5877504348755 12.5422506332397 12.5382499694824 12.37975025177 12.2942495346069 12.1847496032715 12.366250038147 12.6287498474121 11.9602499008179 11.0792503356934 11.1612501144409 11.3905000686646 11.3780002593994 11.4707498550415 11.7757501602173 11.7887496948242 12.3117504119873 12.9852504730225 13.0970001220703 13.1380004882812 13.2517499923706
-9999 -9999 -9999 -9999 -9999 -9999 -9999 -9999 -9999 -9999 -9999 -9999 -9999 -9999 -9999 -9999 -9999 -9999 -9999 -9999 -9999 -9999 -9999 -9999 11.5670003890991 11.8039999008179 12.0432500839233 12.2670001983643 12.5299997329712 12.7325000762939 12.7407503128052 12.8929996490479 13.0240001678467 13.1862497329712 13.0735006332397 13.066499710083 13.1217498779297 13.0494995117188 12.8352499008179 12.7215003967285 12.6572504043579 12.5780000686646 12.3984994888306 12.3299999237061 12.0200004577637 12.3894996643066 12.8175001144409 12.1674995422363 10.6494998931885 10.9642496109009 11.5520000457764 11.6517505645752 11.5875005722046 11.4400005340576 10.5152502059937 10.419750213623 12.5557498931885 13.2924995422363 13.3824996948242 13.5077505111694
-9999 -9999 -9999 -9999 -9999 -9999 -9999 -9999 -9999 -9999 -9999 -9999 -9999 -9999 -9999 -9999 -9999 -9999 -9999 -9999 -9999 -9999 -9999 -9999 11.7922496795654 11.9017496109009 12.1752500534058 12.4357500076294 12.6462497711182 12.7714996337891 12.9137496948242 12.9514999389648 13.0602502822876 13.1805000305176 13.143500328064 13.085000038147 13.0227499008179 13.1042499542236 13.7690000534058 13.4575004577637 13.1507501602173 12.5434999465942 12.3190002441406 12.2737503051758 12.2652502059937 12.33899974823 12.7760000228882 12.3262500762939 10.5992498397827 11.0220003128052 11.5767498016357 11.8420000076294 11.857250213623 11.6304998397827 9.94299983978271 10.4344997406006 13.1797494888306 13.5097503662109 13.6017503738403 13.8039999008179
-9999 -9999 -9999 -9999 -9999 -9999 -9999 -9999 -9999 -9999 -9999 -9999 -9999 -9999 -9999 -9999 -9999 -9999 -9999 -9999 -9999 -9999 -9999 -9999 -9999 12.128999710083 12.3114995956421 12.5097503662109 12.6362504959106 12.6269998550415 12.7279996871948 13.1417503356934 12.9954996109009 13.1225004196167 13.1557502746582 13.2410001754761 13.0027503967285 13.2077503204346 13.2025003433228 13.9670000076294 13.7639999389648 12.4757499694824 12.4314994812012 12.3575000762939 12.3365001678467 12.5450000762939 13.0927495956421 12.9770002365112 11.8922500610352 11.0174999237061 11.2615003585815 11.9770002365112 12.3272495269775 12.3430004119873 11.2487497329712 12.2135000228882 13.6502504348755 13.763500213623 13.8689994812012 14.1185865402222
-9999 -9999 -9999 -9999 -9999 -9999 -9999 -9999 -9999 -9999 -9999 -9999 -9999 -9999 -9999 -9999 -9999 -9999 -9999 -9999 -9999 -9999 -9999 -9999 -9999 12.3117504119873 12.3732500076294 12.47350025177 12.5714998245239 12.4554996490479 12.9002504348755 12.6832504272461 12.8377504348755 12.7522497177124 12.8337497711182 13.0089998245239 13.1110000610352 12.857250213623 12.7930002212524 12.7674999237061 12.8774995803833 12.5609998703003 12.5520000457764 12.2574996948242 12.6920003890991 12.9352502822876 14.1782503128052 13.8307495117188 13.1440000534058 12.7312498092651 11.6859998703003 12.1145000457764 12.7217502593994 13.0582504272461 13.1070003509521 13.3497495651245 13.4742498397827 13.8592500686646 14.1379823684692 14.3616666793823
-9999 -9999 -9999 -9999 -9999 -9999 -9999 -9999 -9999 -9999 -9999 -9999 -9999 -9999 -9999 -9999 -9999 -9999 -9999 -9999 -9999 -9999 -9999 -9999 -9999 12.5277500152588 12.6452503204346 12.5022497177124 12.3680000305176 12.5319995880127 12.8322496414185 12.5627498626709 12.7427501678467 12.7465000152588 12.7889995574951 12.8800001144409 12.9659996032715 12.893500328064 12.8649997711182 12.8134994506836 13.0252494812012 12.7467498779297 12.8254995346069 12.8067502975464 12.9235000610352 13.1105003356934 13.5305004119873 13.9762496948242 13.4817495346069 13.3535003662109 13.0279998779297 12.2842502593994 13.2362499237061 13.8304996490479 14.0194997787476 14.03125 14.1452503204346 14.2628784179688 14.3812503814697 -9999
-9999 -9999 -9999 -9999 -9999 -9999 -9999 -9999 -9999 -9999 -9999 -9999 -9999 -9999 -9999 -9999 -9999 -9999 -9999 -9999 -9999 -9999 -9999 -9999 -9999 12.3347501754761 12.2252502441406 12.4034996032715 12.397500038147 12.5772504806519 12.6009998321533 12.5209999084473 12.6677503585815 12.8902502059937 13.0935001373291 13.1862497329712 13.2077503204346 13.0607500076294 13.039999961853 13.0917501449585 13.1995000839233 13.0635004043579 13.071249961853 13.0480003356934 12.8850002288818 13.075249671936 13.3292503356934 13.7477502822876 13.7207498550415 13.6304998397827 13.9732503890991 13.4137496948242 13.7655000686646 14.0767498016357 14.152250289917 14.268500328064 14.4232501983643 14.5815191268921 15.0934782028198 -9999
-9999 -9999 -9999 -9999 -9999 -9999 -9999 -9999 -9999 -9999 -9999 -9999 -9999 -9999 -9999 -9999 -9999 -9999 -9999 -9999 -9999 -9999 -9999 -9999 -9999 12.0640001296997 12.1087503433228 12.1850004196167 12.1920003890991 12.4447498321533 12.4267501831055 12.4762496948242 12.5557498931885 12.8327503204346 12.9270000457764 13.2437496185303 13.3312501907349 13.2959995269775 13.3415002822876 13.3409996032715 13.5552501678467 13.5 13.6040000915527 13.4817495346069 13.1859998703003 12.90149974823 13.2907495498657 13.7209997177124 14.0027503967285 13.9317502975464 14.1015005111694 14.2482500076294 14.3584995269775 14.4172496795654 14.3949995040894 14.4652500152588 14.5642499923706 14.6807498931885 15.1472339630127 -9999
-9999 -9999 -9999 -9999 -9999 -9999 -9999 -9999 -9999 -9999 -9999 -9999 -9999 -9999 -9999 -9999 -9999 -9999 -9999 -9999 -9999 -9999 -9999 -9999 -9999 -9999 12.0012502670288 12.0917501449585 12.2954998016357 12.3559999465942 12.31725025177 12.5199995040894 12.6387500762939 12.8227500915527 12.7697496414185 12.9910001754761 13.1717500686646 13.3655004501343 13.5229997634888 13.5349998474121 13.6365003585815 13.6225004196167 13.5579996109009 13.9067497253418 13.5572500228882 13.0627498626709 13.1642503738403 13.678750038147 13.9302501678467 14.1222505569458 14.3442497253418 14.3024997711182 14.3625001907349 14.6934995651245 14.5282497406006 14.6617498397827 14.7829999923706 15.1291990280151 15.4627695083618 16.4600009918213
-9999 -9999 -9999 -9999 -9999 -9999 -9999 -9999 -9999 -9999 -9999 -9999 -9999 -9999 -9999 -9999 -9999 -9999 -9999 -9999 -9999 -9999 -9999 -9999 -9999 -9999 12.5872497558594 12.0994997024536 11.9467496871948 12.0629997253418 12.2915000915527 11.56725025177 12.6820001602173 12.772500038147 12.9122495651245 13.0179996490479 13.1975002288818 13.3937501907349 13.6357498168945 13.5544996261597 13.1455001831055 12.9090003967285 12.7142496109009 13.40149974823 13.7674999237061 13.8920001983643 13.7880001068115 13.4942502975464 13.7115001678467 14.07200050354 14.3932495117188 14.4142503738403 14.6867504119873 14.7834997177124 14.8094997406006 14.8117504119873 14.9280004501343 15.4428977966309 15.4683675765991 -9999
