02 cropping and modelling/wc2.1_10m_bio_1.asc
NCOLS 368 
NROWS 210 
XLLCORNER 67.1666666666667 
YLLCORNER 3.5 
CELLSIZE 0.166666666666667 
NODATA_value -9999 
[rows 81 to 107 of 210, columns 240 to 299 of 368]
18.5517501831055 17.7707405090332 17.2528533935547 17.408353805542 18.2883129119873 18.4817714691162 19.4665107727051 18.5535316467285 17.9800319671631 18.3685417175293 19.0792293548584 19.6819267272949 19.6344795227051 18.7247295379639 18.4844055175781 18.5861034393311 18.4628124237061 18.7188129425049 18.327844619751 19.0535202026367 18.3526668548584 18.808572769165 17.4585208892822 15.9358539581299 18.1481151580811 19.0277194976807 17.889009475708 17.562198638916 16.8572597503662 17.4351673126221 18.6347503662109 19.0133743286133 18.5884380340576 15.468729019165 15.2297191619873 16.3491764068604 16.7676982879639 19.4598541259766 20.039176940918 19.7526569366455 18.9301776885986 19.7354373931885 18.9136047363281 18.402458190918 18.3898544311523 19.1953964233398 18.9481868743896 18.5442295074463 19.2042388916016 18.5323753356934 18.8700733184814 18.9624576568604 18.7067089080811 19.5283546447754 18.875 19.4211978912354 19.7076663970947 18.1684055328369 19.1354999542236 17.5700931549072
18.7957706451416 18.2781448364258 18.2356033325195 18.6706657409668 19.1948127746582 19.4556350708008 19.320032119751 19.1789894104004 19.1567077636719 19.1486873626709 18.9398021697998 19.6854801177979 19.7420215606689 19.3924369812012 19.1992282867432 19.3524265289307 19.011302947998 17.9941463470459 17.7525100708008 19.4116764068604 19.7035102844238 19.7079162597656 18.6019802093506 16.6528434753418 18.37282371521 19.0259380340576 16.4142074584961 17.4733333587646 17.6701049804688 16.8623237609863 18.2777709960938 19.0841255187988 18.201114654541 17.7023220062256 16.0073757171631 17.3113746643066 18.9241466522217 19.9836673736572 20.6239166259766 19.861177444458 17.8819160461426 18.4991760253906 17.9162292480469 18.7573127746582 19.0544891357422 18.9443435668945 19.0462284088135 19.574312210083 19.1210632324219 18.4990100860596 19.7069683074951 19.169750213623 19.3819694519043 19.3835525512695 19.0904483795166 19.6906661987305 20.0118637084961 19.0746459960938 18.595853805542 18.0965728759766
18.5224685668945 19.1470203399658 17.9998645782471 19.1185836791992 19.1155204772949 19.6002922058105 19.8981971740723 20.0622291564941 19.6811771392822 19.7986354827881 19.8366565704346 19.9013233184814 20.0981254577637 19.9152183532715 19.970760345459 19.9766464233398 19.6449890136719 18.2960624694824 18.7997493743896 19.8303337097168 19.5845928192139 19.4767818450928 19.1351871490479 18.2420616149902 19.4983959197998 19.3543338775635 17.6735000610352 17.941478729248 18.7759265899658 17.9835834503174 17.8600616455078 19.5052394866943 18.8128433227539 18.7853336334229 17.976749420166 18.0447082519531 18.230281829834 19.1456871032715 20.3446044921875 18.6688861846924 18.5308227539062 19.0022506713867 18.7455520629883 18.2309265136719 18.4931259155273 18.607364654541 19.0051345825195 19.6401672363281 19.8253650665283 19.7997093200684 19.5282707214355 18.5946464538574 20.3023548126221 20.320011138916 19.7649383544922 20.3711242675781 20.0452823638916 19.7643013000488 18.228759765625 17.5321350097656
18.4855308532715 18.6574172973633 19.1709175109863 18.4462814331055 19.5462913513184 19.4705829620361 19.9344997406006 19.9474582672119 20.0926761627197 19.7474994659424 19.6541347503662 19.5602607727051 20.2866249084473 20.4718437194824 20.3762397766113 20.3257083892822 20.162446975708 18.8423328399658 19.0407600402832 19.4091663360596 18.0162391662598 18.8045425415039 18.7172183990479 19.671573638916 19.7250308990479 19.959114074707 20.1302604675293 19.2628860473633 18.157844543457 18.1062183380127 17.1616458892822 17.6339893341064 19.3423442840576 19.089958190918 19.8599376678467 19.3990097045898 18.8216762542725 19.704833984375 19.5455837249756 19.5644378662109 19.1333847045898 20.0520839691162 19.5304279327393 18.6574993133545 18.8005619049072 18.4921455383301 19.97434425354 20.3407802581787 20.4148960113525 20.2333335876465 20.0453128814697 19.9735527038574 20.3395309448242 20.4741554260254 20.7651882171631 19.9623966217041 20.3733749389648 19.9230632781982 18.4795513153076 17.951343536377
19.8936138153076 19.3876152038574 19.0891361236572 18.1177291870117 19.1341667175293 19.3558330535889 19.7124691009521 19.671989440918 19.7050628662109 19.3115825653076 19.2175006866455 19.2118968963623 20.3680210113525 20.750207901001 20.3840198516846 20.4031658172607 20.3816566467285 19.1444683074951 16.7697086334229 18.8916358947754 18.9492607116699 19.1636981964111 19.2340106964111 18.9658756256104 19.8068447113037 18.9021453857422 18.7880840301514 19.4754791259766 17.4182910919189 18.7088851928711 18.1770305633545 17.8513851165771 19.6906566619873 19.3009586334229 19.9250831604004 20.7894897460938 20.5078964233398 21.0125312805176 19.9680309295654 20.840145111084 20.5205726623535 19.9817390441895 18.9071674346924 19.8664894104004 19.0441246032715 20.3029174804688 20.7275104522705 20.6067390441895 20.4772300720215 20.6571979522705 20.7237300872803 20.7930107116699 20.2755928039551 20.9626350402832 19.6667804718018 19.5320320129395 20.3998641967773 19.9690628051758 19.5308132171631 18.4581985473633
20.5175113677979 20.6100215911865 19.9993228912354 18.4315738677979 19.5870418548584 20.1630420684814 19.1463966369629 20.0606460571289 19.7900199890137 19.6883964538574 19.6655216217041 19.7978115081787 20.3820419311523 20.5815315246582 20.5321140289307 20.7459373474121 20.6628742218018 18.3267402648926 17.1315307617188 18.9977493286133 19.718542098999 19.6180725097656 19.3456039428711 19.7645931243896 19.4802494049072 19.2204170227051 19.5480003356934 20.2559585571289 19.767541885376 20.5850944519043 19.9783115386963 19.3365001678467 18.525239944458 20.142728805542 20.5070209503174 20.3555946350098 20.4938125610352 20.3329486846924 20.1318550109863 20.7839889526367 19.8495616912842 18.5454368591309 19.6140842437744 19.9265937805176 19.6558742523193 20.9086360931396 20.6522922515869 19.9719276428223 20.7736663818359 20.3640003204346 20.8823642730713 21.1767177581787 20.9376354217529 20.1030731201172 19.6305522918701 20.0835208892822 19.6575412750244 19.5642604827881 19.7207698822021 19.3890933990479
20.8950729370117 20.8346977233887 20.3117294311523 19.8665943145752 20.2123851776123 20.9283638000488 19.6941356658936 19.8392715454102 20.3302917480469 20.1994895935059 20.1651668548584 20.2930202484131 20.7014274597168 21.0325832366943 20.9348011016846 20.5747699737549 19.6664066314697 17.4975414276123 19.2995834350586 20.1311359405518 20.2307910919189 19.9976348876953 20.3680305480957 20.2983016967773 18.8153343200684 20.2324275970459 20.726541519165 21.13503074646 20.4830112457275 21.2342700958252 21.0440311431885 20.0380210876465 18.9139995574951 19.4379272460938 20.7240104675293 19.9347705841064 20.7789897918701 20.2324695587158 20.3636360168457 19.8745422363281 19.5623760223389 19.4809474945068 19.601770401001 20.1155738830566 20.7886981964111 20.7913341522217 20.3001041412354 20.9760837554932 20.1870422363281 19.8036346435547 20.7137393951416 21.2647075653076 20.5909481048584 19.7252712249756 19.9789485931396 20.5434894561768 19.0056037902832 19.5103740692139 20.6833438873291 20.0223655700684
20.923677444458 20.4892711639404 20.8723220825195 20.5443649291992 20.993782043457 21.0951042175293 20.2760105133057 19.6974487304688 20.4487819671631 20.5368537902832 21.0412082672119 20.7960319519043 21.1073436737061 21.1786975860596 21.0879783630371 20.1848850250244 18.4946670532227 19.6585521697998 20.3176460266113 20.6040840148926 20.8876152038574 20.7089385986328 20.4297294616699 20.8514575958252 19.7939262390137 20.7380199432373 21.0199165344238 21.26731300354 20.9158229827881 20.6417083740234 20.9011344909668 20.756196975708 19.9473438262939 19.7554893493652 20.7783546447754 20.9087505340576 21.3595409393311 21.2455101013184 20.4894065856934 19.9980735778809 19.5340938568115 20.2017612457275 21.1003952026367 20.7319889068604 20.6526775360107 21.5629692077637 20.8387088775635 20.0226974487305 19.4972610473633 19.8312397003174 20.6550827026367 20.8799057006836 18.9455738067627 20.4811038970947 20.5171775817871 19.8386764526367 21.0561466217041 20.2702388763428 21.2070941925049 21.2062301635742
22.1061038970947 21.0303115844727 20.8332920074463 21.0049686431885 20.9623966217041 21.0944175720215 20.7379474639893 19.3427295684814 20.7459278106689 20.925853729248 21.2386035919189 20.8754787445068 21.1077404022217 21.0414905548096 21.2216873168945 21.1704483032227 19.8295097351074 21.1455421447754 21.6863441467285 21.6244277954102 21.3916454315186 21.3769588470459 20.7595825195312 21.1464176177979 21.4058227539062 21.1414470672607 21.1499481201172 21.3993968963623 20.0494480133057 20.7921257019043 20.4663028717041 21.0618438720703 20.4730205535889 21.1482925415039 21.6402492523193 21.5849056243896 20.8646659851074 21.1634902954102 21.4420204162598 20.2880935668945 20.2028846740723 20.8864784240723 21.1430625915527 21.0179901123047 21.2797908782959 21.4933223724365 20.4219799041748 20.7191467285156 20.2231254577637 20.6632499694824 20.6325416564941 19.8641033172607 18.8509159088135 21.0704689025879 21.8353748321533 21.6864471435547 21.7044372558594 21.5193862915039 21.4038486480713 21.0775299072266
21.6317386627197 21.8410930633545 21.5299892425537 21.4293441772461 21.159948348999 21.2573757171631 21.3298950195312 19.4514274597168 20.3197498321533 21.3111763000488 21.3073863983154 21.193000793457 21.0200939178467 20.9851970672607 21.0204372406006 20.9976139068604 20.5713119506836 21.4308757781982 21.6841564178467 21.8944892883301 21.7907180786133 21.6043739318848 21.6982803344727 21.7536354064941 21.9445304870605 21.5711250305176 21.5264682769775 20.6839790344238 20.0596466064453 20.9540824890137 20.3637504577637 21.0752811431885 21.4495525360107 21.6543025970459 21.7919902801514 21.7100620269775 21.9459171295166 21.644947052002 21.2387599945068 21.3327293395996 21.250394821167 21.050687789917 20.6368637084961 21.6469478607178 21.7918968200684 21.3296241760254 21.4520626068115 20.6962184906006 20.2350730895996 19.9761981964111 19.6660938262939 20.695219039917 21.2896137237549 21.8602390289307 21.5828227996826 21.5314788818359 21.4957809448242 21.8145942687988 20.986255645752 20.5733852386475
21.1188125610352 21.2679996490479 22.181812286377 21.6476249694824 21.3315200805664 21.872989654541 21.7360935211182 21.3648548126221 20.2265625 21.144458770752 21.4031143188477 21.3883953094482 21.2103862762451 20.9788017272949 20.7211570739746 21.4778442382812 21.8291244506836 21.8181457519531 21.4363746643066 21.4966144561768 21.505500793457 21.6806144714355 21.6831569671631 21.6614799499512 21.8571243286133 21.7918014526367 22.0264263153076 21.6801452636719 21.4486675262451 21.4659156799316 21.5450305938721 20.9659900665283 21.2366771697998 22.0547504425049 22.0638027191162 22.080436706543 22.1121768951416 21.445499420166 21.6459159851074 21.9187393188477 21.5863018035889 21.5071868896484 21.4641246795654 21.1470947265625 21.8730316162109 20.8157291412354 20.6976776123047 20.546968460083 20.8649063110352 19.7727298736572 21.0184993743896 20.2581558227539 20.9312496185303 20.9070835113525 21.4379997253418 21.8526554107666 21.5816707611084 21.4827117919922 -9999 -9999
21.177677154541 21.2763023376465 21.8815212249756 22.3594379425049 22.1743850708008 21.8333759307861 21.7481346130371 21.1109886169434 20.2407188415527 20.2923240661621 20.9533748626709 20.8976974487305 20.0820007324219 21.4715614318848 21.7866458892822 21.8121776580811 21.8602504730225 21.6260929107666 21.187572479248 21.4633235931396 21.6101360321045 21.6657600402832 21.7324066162109 21.2285842895508 21.3391761779785 21.423864364624 21.2058849334717 21.6293430328369 21.585657119751 21.8484802246094 21.5337810516357 21.8311042785645 21.6292400360107 21.89670753479 22.1943645477295 22.3697090148926 22.3496875762939 22.2275104522705 22.3086986541748 22.455207824707 22.5296669006348 22.3680210113525 22.0911254882812 22.2377395629883 22.1223545074463 21.5248126983643 21.3213863372803 20.8003749847412 20.6054172515869 21.9244785308838 21.8098545074463 20.9104785919189 21.5730724334717 21.714864730835 21.3069686889648 21.2528228759766 21.6525135040283 -9999 -9999 -9999
21.3988018035889 20.9767608642578 21.2933959960938 21.4367179870605 22.247989654541 21.9880313873291 21.5207195281982 21.4124069213867 21.2708950042725 20.9296989440918 21.1991882324219 21.3677291870117 21.1467609405518 21.5594577789307 21.5905323028564 21.7210521697998 21.5744895935059 21.089656829834 19.6986045837402 20.4221038818359 21.7939586639404 21.2920932769775 21.7731456756592 21.5954895019531 21.6260318756104 21.1486358642578 21.7151565551758 22.1996459960938 21.2628746032715 21.6965942382812 22.0519161224365 22.0695934295654 22.1119689941406 22.084321975708 22.1547183990479 22.38450050354 22.3460731506348 22.3864059448242 22.3032703399658 22.2402610778809 22.4447612762451 22.1560096740723 21.5197086334229 21.7864055633545 22.0090312957764 21.8095512390137 20.861478805542 21.0584163665771 22.0174694061279 22.2108955383301 22.2746315002441 22.1109771728516 22.1943016052246 22.1263065338135 22.102108001709 21.7956619262695 21.7784099578857 -9999 -9999 -9999
21.8342914581299 21.7229690551758 22.0121669769287 21.8626766204834 22.2706241607666 21.8131561279297 21.7546138763428 21.7110824584961 21.488260269165 21.3169994354248 21.3700313568115 21.3616352081299 21.4757709503174 21.5958023071289 21.2394065856934 21.105541229248 21.1965198516846 21.2928428649902 21.3467597961426 21.7353954315186 21.7251777648926 21.1413955688477 21.1276245117188 21.0062808990479 21.2667293548584 22.255708694458 22.6832180023193 22.2982082366943 21.4738960266113 21.4618759155273 22.2000217437744 21.8389587402344 21.9539890289307 21.4664993286133 22.0637187957764 22.2769470214844 22.5372180938721 22.4447498321533 22.4145412445068 22.6604747772217 22.3713645935059 22.5150108337402 22.3478221893311 22.1483020782471 21.7920532226562 21.7879486083984 21.9791412353516 21.9401416778564 22.0822925567627 22.1246585845947 22.1345863342285 22.2954540252686 22.3322639465332 22.1291675567627 -9999 -9999 -9999 -9999 -9999 -9999
22.318042755127 22.0347290039062 22.3936138153076 22.3047714233398 22.0830421447754 21.6493129730225 21.6400737762451 21.5226554870605 21.3815307617188 21.1876983642578 21.2676773071289 21.3500099182129 21.2063331604004 21.1429271697998 21.076114654541 20.9089698791504 20.9091968536377 21.9091358184814 21.7802600860596 21.5677299499512 20.5753746032715 21.5218639373779 21.1809482574463 21.0973129272461 20.0558853149414 21.9572505950928 22.2062911987305 21.6235828399658 22.1111354827881 21.5187282562256 21.3090515136719 22.2570838928223 22.210844039917 21.8540630340576 22.2008953094482 22.5024890899658 22.6232814788818 22.6080722808838 22.5341663360596 22.5957107543945 22.5576553344727 22.5962085723877 21.8082675933838 21.8337554931641 21.5766296386719 22.1668891906738 22.1983852386475 -9999 -9999 22.7291660308838 22.6708335876465 -9999 -9999 -9999 -9999 -9999 -9999 -9999 -9999 -9999
22.4316349029541 22.4941253662109 22.4013023376465 22.1455841064453 22.0151767730713 21.6890621185303 21.5657806396484 21.4022178649902 21.2588119506836 21.0421981811523 21.3196659088135 21.3308849334717 21.4898223876953 21.0349998474121 20.7079792022705 20.6396865844727 20.984281539917 21.7388954162598 21.58203125 21.3761768341064 21.3034687042236 21.3846244812012 21.8847179412842 21.2333221435547 19.7436351776123 20.8806762695312 20.5461559295654 21.5636253356934 22.5595207214355 21.1123237609863 21.1910839080811 22.3974170684814 22.5402717590332 22.566614151001 22.3378963470459 22.4589061737061 22.498010635376 22.113676071167 22.4423007965088 22.7005958557129 22.4790687561035 22.1179313659668 21.9487953186035 22.0638236999512 21.9287796020508 -9999 -9999 -9999 -9999 -9999 -9999 -9999 -9999 -9999 -9999 -9999 -9999 -9999 -9999 -9999
22.244104385376 21.9975204467773 22.0641975402832 21.5365314483643 21.2215518951416 21.2608642578125 21.3053855895996 21.3862495422363 21.4755935668945 21.2523746490479 21.5816249847412 21.5376453399658 21.4659690856934 21.3475723266602 21.4236450195312 21.0599269866943 21.9690723419189 21.5037612915039 21.7083015441895 21.6083221435547 21.9568328857422 22.3382911682129 22.4908027648926 21.1789379119873 19.0874786376953 20.1392707824707 21.1609477996826 22.3619270324707 21.9056243896484 21.2562808990479 22.2610416412354 22.67360496521 22.6218128204346 22.6206970214844 21.5504684448242 22.1898612976074 22.4578647613525 22.5254821777344 22.5597305297852 22.4430561065674 21.8425445556641 22.3235816955566 22.3729801177979 22.4854164123535 -9999 -9999 -9999 -9999 -9999 -9999 -9999 -9999 -9999 -9999 -9999 -9999 -9999 -9999 -9999 -9999
22.0592918395996 22.0813751220703 22.0292491912842 22.0063743591309 21.5399055480957 20.9927082061768 21.2839374542236 21.6237392425537 21.5169486999512 21.5669784545898 21.4576988220215 21.601842880249 21.7043132781982 21.7156047821045 21.9111137390137 21.9817180633545 21.9838638305664 21.8423328399658 22.1697807312012 22.2205219268799 22.4569683074951 22.6026153564453 22.7642707824707 22.1558856964111 21.4973545074463 22.3612194061279 22.6781883239746 22.6857395172119 22.4024906158447 21.9970626831055 22.5907611846924 22.4000110626221 22.4759368896484 22.683177947998 22.3416881561279 22.6054744720459 22.6252784729004 22.5406150817871 22.3650493621826 22.6875 22.7949066162109 22.9416675567627 22.1631946563721 -9999 -9999 -9999 -9999 -9999 -9999 -9999 -9999 -9999 -9999 -9999 -9999 -9999 -9999 -9999 -9999 -9999
20.9053020477295 20.8105945587158 21.3653335571289 21.2938537597656 20.5308532714844 20.5774784088135 21.5512599945068 21.7714309692383 21.7193279266357 21.6210422515869 21.7180728912354 21.8070106506348 21.8857192993164 22.1345100402832 22.1606559753418 21.8191051483154 21.9111137390137 22.2289485931396 22.484676361084 22.5066146850586 22.7082386016846 22.9200096130371 22.9052181243896 21.9149169921875 22.0442600250244 21.2392807006836 22.3980312347412 22.8776035308838 22.9762401580811 22.8171138763428 22.6895198822021 22.6463851928711 22.3777465820312 22.2885799407959 22.0523929595947 22.2491493225098 22.22389793396 22.5625 -9999 22.1641025543213 23.3708343505859 22.701488494873 22.2649993896484 -9999 -9999 -9999 -9999 -9999 -9999 -9999 -9999 -9999 -9999 -9999 -9999 -9999 -9999 -9999 -9999 -9999
20.5077705383301 20.552396774292 19.9934482574463 20.8236770629883 21.0882301330566 21.6426467895508 22.0260677337646 21.9873313903809 21.8615303039551 21.9165878295898 22.0588340759277 22.2238845825195 22.3854999542236 22.4012088775635 22.4701042175293 22.5025424957275 22.4583339691162 22.5389175415039 22.6171035766602 22.6814479827881 22.8987598419189 23.11549949646 23.1843223571777 22.8317604064941 22.806510925293 22.2070617675781 22.9759159088135 22.8619041442871 23.0262088775635 23.0257606506348 22.3907928466797 22.494966506958 22.7497043609619 22.4237670898438 22.013801574707 23.3624992370605 -9999 -9999 -9999 -9999 -9999 -9999 -9999 -9999 -9999 -9999 -9999 -9999 -9999 -9999 -9999 -9999 -9999 -9999 -9999 -9999 -9999 -9999 -9999 -9999
20.8211250305176 20.7726974487305 20.1323223114014 22.0168647766113 22.6136512756348 22.54909324646 22.2775268554688 22.2092914581299 22.1174240112305 22.1697177886963 22.3418617248535 22.5401592254639 22.6493015289307 22.7477073669434 22.7658100128174 22.760498046875 22.8119277954102 22.8905830383301 22.9265727996826 22.8755512237549 23.0862598419189 23.2299575805664 23.4040107727051 23.230541229248 22.9929847717285 23.1995315551758 22.8258991241455 22.7073421478271 22.8758888244629 23.1050930023193 23.3916664123535 22.3888893127441 22.5004634857178 22.3891658782959 22.7946434020996 -9999 -9999 -9999 -9999 -9999 -9999 -9999 -9999 -9999 -9999 -9999 -9999 -9999 -9999 -9999 -9999 -9999 -9999 -9999 -9999 -9999 -9999 -9999 -9999 -9999
22.0068950653076 21.9029273986816 22.1703624725342 22.8953628540039 22.852897644043 22.8652782440186 -9999 -9999 -9999 -9999 -9999 22.8885326385498 22.865062713623 22.8896484375 22.9427089691162 22.9938430786133 23.0257987976074 23.0526351928711 23.084342956543 23.1205406188965 23.2038650512695 23.336124420166 23.3250179290771 23.370080947876 23.2576923370361 23.2962112426758 -9999 -9999 -9999 -9999 -9999 -9999 -9999 -9999 -9999 -9999 -9999 -9999 -9999 -9999 -9999 -9999 -9999 -9999 -9999 -9999 -9999 -9999 -9999 -9999 -9999 -9999 -9999 -9999 -9999 -9999 -9999 -9999 -9999 -9999
22.3017196655273 22.8169708251953 22.7547760009766 22.703857421875 22.7733325958252 -9999 -9999 -9999 -9999 -9999 -9999 -9999 -9999 -9999 -9999 23.1244449615479 23.1829071044922 23.0924377441406 23.0792388916016 23.3173427581787 23.3208045959473 23.3137493133545 -9999 -9999 -9999 -9999 -9999 -9999 -9999 -9999 -9999 -9999 -9999 -9999 -9999 -9999 -9999 -9999 -9999 -9999 -9999 -9999 -9999 -9999 -9999 -9999 -9999 -9999 -9999 -9999 -9999 -9999 -9999 -9999 -9999 -9999 -9999 -9999 -9999 -9999
22.4058856964111 22.8911914825439 22.6215286254883 22.8286457061768 22.8594436645508 -9999 -9999 -9999 -9999 -9999 -9999 23.3322925567627 -9999 -9999 -9999 23.20924949646 23.2646255493164 23.3096446990967 23.292444229126 23.3587112426758 23.4532451629639 -9999 -9999 -9999 -9999 -9999 -9999 -9999 -9999 -9999 -9999 -9999 -9999 -9999 -9999 -9999 -9999 -9999 -9999 -9999 -9999 -9999 -9999 -9999 -9999 -9999 -9999 -9999 -9999 -9999 -9999 -9999 -9999 -9999 -9999 -9999 -9999 -9999 -9999 -9999
23.1233253479004 22.7840461730957 22.686559677124 22.928804397583 -9999 -9999 -9999 -9999 -9999 -9999 -9999 -9999 23.404167175293 -9999 -9999 23.3401870727539 23.3897075653076 23.4910621643066 23.4310531616211 23.5790004730225 23.4370002746582 -9999 -9999 -9999 -9999 -9999 -9999 -9999 -9999 -9999 -9999 -9999 -9999 -9999 -9999 -9999 -9999 -9999 -9999 -9999 -9999 -9999 -9999 -9999 -9999 -9999 -9999 -9999 -9999 -9999 -9999 -9999 -9999 -9999 -9999 -9999 -9999 -9999 -9999 -9999
23.3277778625488 23.1399574279785 -9999 -9999 -9999 -9999 -9999 -9999 -9999 -9999 -9999 -9999 -9999 -9999 -9999 23.4890651702881 23.4924793243408 23.5114059448242 23.5458450317383 23.6907577514648 -9999 -9999 -9999 -9999 -9999 -9999 -9999 -9999 -9999 -9999 -9999 -9999 -9999 -9999 -9999 -9999 -9999 -9999 -9999 -9999 -9999 -9999 -9999 -9999 -9999 -9999 -9999 -9999 -9999 -9999 -9999 -9999 -9999 -9999 -9999 -9999 -9999 25.2687511444092 -9999 -9999
-9999 -9999 -9999 -9999 -9999 -9999 -9999 -9999 -9999 -9999 -9999 -9999 -9999 -9999 -9999 23.7031955718994 23.7184467315674 23.5393543243408 23.4766139984131 23.8187999725342 23.9055557250977 -9999 -9999 -9999 -9999 -9999 -9999 -9999 -9999 -9999 -9999 -9999 -9999 -9999 -9999 -9999 -9999 -9999 -9999 -9999 -9999 -9999 -9999 -9999 -9999 -9999 -9999 -9999 -9999 -9999 -9999 -9999 -9999 -9999 -9999 -9999 -9999 -9999 -9999 -9999
