02 cropping and modelling/wc2.1_10m_bio_7.asc
NCOLS 368 
NROWS 210 
XLLCORNER 67.1666666666667 
YLLCORNER 3.5 
CELLSIZE 0.166666666666667 
NODATA_value -9999 
[rows 0 to 26 of 210, columns 61 to 121 of 368]
-9999 -9999 -9999 -9999 -9999 -9999 -9999 -9999 -9999 -9999 -9999 -9999 -9999 -9999 -9999 -9999 -9999 -9999 -9999 -9999 -9999 -9999 -9999 -9999 -9999 -9999 -9999 -9999 -9999 -9999 -9999 -9999 -9999 -9999 -9999 -9999 -9999 -9999 -9999 -9999 -9999 -9999 -9999 -9999 -9999 -9999 -9999 -9999 -9999 -9999 -9999 -9999 -9999 -9999 -9999 -9999 -9999 -9999 -9999 -9999 -9999
43.8767509460449 47.1647491455078 47.9885025024414 48.1192512512207 48.3439979553223 48.4199981689453 -9999 -9999 -9999 -9999 -9999 -9999 -9999 -9999 -9999 -9999 -9999 -9999 -9999 -9999 -9999 -9999 -9999 -9999 -9999 -9999 -9999 -9999 -9999 -9999 -9999 -9999 -9999 -9999 -9999 -9999 -9999 -9999 -9999 -9999 -9999 -9999 -9999 -9999 -9999 -9999 -9999 -9999 -9999 -9999 -9999 -9999 -9999 -9999 -9999 -9999 -9999 -9999 -9999 -9999 -9999
43.6472511291504 47.0974998474121 47.7485008239746 47.9487495422363 48.2237510681152 48.3062477111816 48.4212493896484 48.4542503356934 48.2905006408691 48.2810020446777 48.1617469787598 48.2309989929199 48.1397514343262 48.2827491760254 48.349250793457 -9999 -9999 -9999 -9999 -9999 -9999 -9999 -9999 -9999 -9999 -9999 -9999 -9999 -9999 -9999 -9999 -9999 -9999 -9999 -9999 -9999 -9999 -9999 -9999 -9999 -9999 -9999 -9999 -9999 -9999 -9999 -9999 -9999 -9999 -9999 -9999 -9999 -9999 -9999 -9999 -9999 -9999 -9999 -9999 -9999 -9999
43.0512504577637 45.4502487182617 47.3675003051758 47.5957489013672 47.8877487182617 48.0924987792969 48.2264976501465 48.2725028991699 48.1604995727539 48.1070022583008 47.9957504272461 48.0539970397949 47.9544982910156 48.0319976806641 48.0639991760254 48.1464996337891 48.1772499084473 48.0647506713867 47.4905014038086 48.3164978027344 -9999 -9999 -9999 -9999 -9999 -9999 -9999 -9999 -9999 -9999 -9999 -9999 -9999 -9999 -9999 -9999 -9999 -9999 -9999 -9999 -9999 -9999 -9999 -9999 -9999 -9999 -9999 -9999 -9999 -9999 -9999 -9999 -9999 -9999 -9999 -9999 -9999 -9999 -9999 -9999 -9999
44.5787506103516 45.6142501831055 46.694751739502 46.9272537231445 47.2529983520508 47.4347496032715 47.5769996643066 48.0032501220703 47.9645004272461 47.8629989624023 47.8029975891113 47.8307495117188 47.7457504272461 47.7357482910156 47.7352523803711 47.8022499084473 47.3440017700195 47.0602493286133 46.4342498779297 48.0820007324219 48.3605003356934 48.515998840332 48.6410026550293 48.7217483520508 -9999 -9999 -9999 -9999 -9999 -9999 -9999 -9999 -9999 -9999 -9999 -9999 -9999 -9999 -9999 -9999 -9999 -9999 -9999 -9999 -9999 -9999 -9999 -9999 -9999 -9999 -9999 -9999 -9999 -9999 -9999 -9999 -9999 -9999 -9999 -9999 -9999
45.09375 45.3172492980957 45.8219985961914 45.642749786377 45.9862480163574 45.3190002441406 46.6087532043457 47.3427505493164 47.726749420166 47.6957511901855 47.5242500305176 47.4505004882812 47.3897514343262 46.6972465515137 47.0629997253418 46.4332504272461 45.697998046875 45.5585021972656 47.3367500305176 47.7969970703125 47.9324989318848 48.0194969177246 48.1669998168945 48.2969970703125 48.1259994506836 48.0060005187988 48.138500213623 -9999 -9999 -9999 -9999 -9999 -9999 -9999 -9999 -9999 -9999 -9999 -9999 -9999 -9999 -9999 -9999 -9999 -9999 -9999 -9999 -9999 -9999 -9999 -9999 -9999 -9999 -9999 -9999 -9999 -9999 -9999 -9999 -9999 -9999
43.9889984130859 45.305248260498 45.6032485961914 44.9099998474121 45.1419982910156 45.5984992980957 46.0222511291504 45.3285026550293 46.226001739502 47.0605010986328 46.9997482299805 46.7357521057129 45.6725006103516 43.3499984741211 44.3812484741211 45.0540008544922 45.6417503356934 46.929500579834 47.2314987182617 47.4722518920898 47.5372467041016 47.6312484741211 47.6987495422363 47.8125 47.4834976196289 47.5407485961914 47.7467498779297 48.1210021972656 48.2950019836426 48.5160026550293 -9999 -9999 -9999 -9999 -9999 -9999 -9999 -9999 -9999 -9999 -9999 -9999 -9999 -9999 -9999 -9999 -9999 -9999 -9999 -9999 -9999 -9999 -9999 -9999 -9999 -9999 -9999 -9999 -9999 -9999 -9999
42.7457504272461 42.9182510375977 43.2547492980957 43.9550018310547 44.7017517089844 44.9097518920898 44.5017509460449 44.6167488098145 45.3057518005371 45.6110000610352 45.2429962158203 45.3190002441406 45.4592514038086 42.5327529907227 41.9717483520508 43.9582481384277 45.8205032348633 45.939998626709 46.5764999389648 46.9795036315918 47.0547523498535 47.1487503051758 47.2970008850098 47.3687515258789 47.2569961547852 46.9312515258789 47.270751953125 47.5585021972656 47.8445014953613 48.1197509765625 48.6167488098145 48.8767471313477 -9999 -9999 -9999 -9999 -9999 -9999 -9999 -9999 -9999 -9999 -9999 -9999 -9999 -9999 -9999 -9999 -9999 -9999 -9999 -9999 -9999 -9999 -9999 -9999 -9999 -9999 -9999 -9999 -9999
39.4420013427734 39.2697525024414 39.8107490539551 40.3257522583008 40.7019996643066 41.5320014953613 42.0369987487793 42.8132514953613 42.734001159668 43.4247512817383 43.8939971923828 43.8810005187988 43.9485015869141 43.9015007019043 42.0955009460449 41.8057518005371 42.1342468261719 43.0867500305176 45.1847496032715 46.083251953125 45.4580001831055 45.0607528686523 45.0747528076172 45.6847496032715 46.2870025634766 45.7644996643066 46.6080017089844 47.1042518615723 47.3057479858398 47.6100006103516 47.9617500305176 47.7024993896484 46.510498046875 47.661750793457 -9999 -9999 -9999 -9999 -9999 -9999 -9999 -9999 -9999 -9999 -9999 -9999 -9999 -9999 -9999 -9999 -9999 -9999 -9999 -9999 -9999 -9999 -9999 -9999 -9999 -9999 -9999
39.0530014038086 38.2620010375977 37.9922485351562 38.6524963378906 37.6532516479492 39.091251373291 39.3012504577637 39.7044982910156 40.1669998168945 40.7157516479492 41.8202514648438 42.254997253418 42.4997520446777 42.3720016479492 42.7985000610352 43.104248046875 43.5677490234375 43.6902503967285 44.4102478027344 44.663501739502 44.3519973754883 44.661750793457 44.7164993286133 44.6487503051758 43.6450004577637 42.8282508850098 45.4095001220703 46.125 46.572998046875 46.4152488708496 46.5517501831055 46.0214996337891 46.0202522277832 46.2849998474121 45.607250213623 46.2519989013672 -9999 -9999 -9999 -9999 -9999 -9999 -9999 -9999 -9999 -9999 -9999 -9999 -9999 -9999 -9999 -9999 -9999 -9999 -9999 -9999 -9999 -9999 -9999 -9999 -9999
37.390998840332 37.4490013122559 37.1062507629395 37.4077491760254 36.9290008544922 37.8594970703125 36.9875030517578 37.3040008544922 38.2080001831055 38.7872505187988 39.7065010070801 40.4432487487793 40.8887481689453 40.5955009460449 40.7222518920898 41.6877479553223 41.916748046875 41.8635025024414 43.229248046875 43.7019996643066 43.9312515258789 44.2662506103516 44.3852500915527 44.7299995422363 44.5657501220703 43.2872467041016 45.1022491455078 44.5394973754883 44.8470001220703 44.5957489013672 44.8450012207031 44.7192497253418 44.8655014038086 45.1595001220703 44.8672485351562 44.6127471923828 43.7285003662109 -9999 -9999 -9999 -9999 -9999 -9999 -9999 -9999 -9999 -9999 -9999 -9999 -9999 -9999 -9999 -9999 -9999 -9999 -9999 -9999 -9999 -9999 -9999 -9999
36.8824996948242 37.2672500610352 38.0482482910156 38.2504997253418 38.135498046875 38.3040008544922 37.8862495422363 38.1565017700195 38.2832489013672 38.4080009460449 39.6435012817383 39.1780014038086 39.3720016479492 39.4092483520508 39.9305000305176 40.6419982910156 38.8827514648438 38.2287521362305 38.8434982299805 41.494499206543 42.9357490539551 43.7169990539551 43.8032531738281 44.4427490234375 44.4235000610352 44.2454986572266 44.6567459106445 43.8687515258789 43.3532485961914 42.6202507019043 41.5037498474121 41.294750213623 41.5947494506836 41.4067497253418 40.8105010986328 40.2827491760254 39.4577484130859 39.8477478027344 39.6852493286133 -9999 -9999 -9999 -9999 -9999 -9999 -9999 -9999 -9999 -9999 -9999 -9999 -9999 -9999 -9999 -9999 -9999 -9999 -9999 -9999 -9999 -9999
39.4444999694824 39.1152496337891 39.4747505187988 39.4347496032715 38.8160018920898 37.2360000610352 37.5625 37.4710006713867 36.7462501525879 36.671501159668 37.677001953125 37.5427513122559 36.9177513122559 37.4574966430664 38.6867523193359 41.3667526245117 41.2630004882812 39.1977500915527 39.1367492675781 41.7457504272461 42.5595016479492 43.4147491455078 43.5219993591309 43.6399993896484 43.3607482910156 42.4210014343262 42.1655006408691 40.8704986572266 38.7997512817383 38.068000793457 38.388500213623 38.0617523193359 38.6575012207031 38.3567504882812 38.2690010070801 39.1012496948242 39.5847511291504 39.3512496948242 39.7410011291504 41.0224990844727 -9999 -9999 -9999 -9999 -9999 -9999 -9999 -9999 -9999 -9999 -9999 -9999 -9999 -9999 -9999 -9999 -9999 -9999 -9999 -9999 -9999
38.892749786377 40.0764999389648 39.8489990234375 39.2832489013672 38.8647499084473 39.6632499694824 39.4550018310547 39.4485015869141 38.7207489013672 38.0927505493164 36.5377502441406 36.2257499694824 36.5662498474121 37.1925010681152 38.5919990539551 40.0907516479492 39.6425018310547 39.1204986572266 39.9577484130859 40.3062515258789 41.0212516784668 41.4259986877441 41.1744995117188 40.7919998168945 40.564998626709 40.3050003051758 39.129753112793 37.8530006408691 37.6490020751953 38.2437515258789 38.5567512512207 38.767749786377 39.5859985351562 40.1232490539551 41.1720008850098 41.9820022583008 42.6762504577637 42.6772499084473 42.7265014648438 42.4114990234375 42.5014991760254 -9999 -9999 -9999 -9999 -9999 -9999 -9999 -9999 -9999 -9999 -9999 -9999 -9999 -9999 -9999 -9999 -9999 -9999 -9999 -9999
39.9809989929199 40.414249420166 40.6882476806641 41.1207504272461 40.9114990234375 39.4539985656738 39.8194999694824 39.9449996948242 39.2727508544922 39.1187515258789 40.3082504272461 38.2727508544922 37.0617485046387 36.2690010070801 36.4820022583008 37.055248260498 36.513500213623 36.6122512817383 37.6665000915527 38.0407485961914 38.4209976196289 39.0205001831055 38.6595001220703 38.3115005493164 37.7204971313477 37.2229995727539 37.4417495727539 39.057502746582 40.9700012207031 41.2724990844727 43.3062515258789 42.9654998779297 42.8707504272461 42.8650016784668 43.1389999389648 42.4744987487793 41.4290008544922 41.403751373291 41.9992485046387 41.9070014953613 41.9787521362305 42.333251953125 -9999 -9999 -9999 -9999 -9999 -9999 -9999 -9999 -9999 -9999 -9999 -9999 -9999 -9999 -9999 -9999 -9999 -9999 -9999
39.8472480773926 40.5562515258789 40.041748046875 40.0812492370605 42.5112495422363 42.5084991455078 41.1105003356934 41.8182525634766 40.9124984741211 39.7709999084473 39.6367492675781 40.5637512207031 39.4594993591309 38.0625 37.9739990234375 37.3712501525879 37.9720001220703 37.7630004882812 38.1404991149902 38.869499206543 38.4877510070801 38.297248840332 38.9202499389648 39.8417510986328 40.4482498168945 38.7470016479492 39.994499206543 40.119499206543 40.9207496643066 41.6567497253418 41.5212516784668 41.1430015563965 41.2109985351562 41.8470001220703 41.6044998168945 41.9329986572266 42.0632476806641 42.5562515258789 42.6737518310547 42.3680000305176 42.2152519226074 42.4440002441406 41.9537506103516 -9999 -9999 -9999 -9999 -9999 -9999 -9999 -9999 -9999 -9999 -9999 -9999 -9999 -9999 -9999 -9999 -9999 -9999
37.6230010986328 39.304500579834 40.0175018310547 39.7594985961914 40.3567504882812 40.1802520751953 40.3839988708496 39.4467468261719 38.658748626709 39.5974998474121 40.7104988098145 40.4522476196289 42.1375007629395 39.9612503051758 38.3727493286133 38.2657508850098 38.6035003662109 38.2262496948242 37.4659996032715 38.2754974365234 39.017749786377 39.413501739502 38.9459991455078 39.1202507019043 41.6744995117188 42.3057518005371 42.2672500610352 40.6730003356934 40.1499977111816 40.8727493286133 39.107250213623 40.338249206543 40.2362518310547 40.7722511291504 41.0724983215332 41.7372512817383 42.0137519836426 42.9744987487793 42.9797477722168 42.9365005493164 43.1855010986328 42.5979995727539 42.2654991149902 41.9780006408691 -9999 -9999 -9999 -9999 -9999 -9999 -9999 -9999 -9999 -9999 -9999 -9999 -9999 -9999 -9999 -9999 -9999
38.0325012207031 39.5162506103516 40.3182487487793 39.6662521362305 39.5730018615723 40.2752494812012 40.5035018920898 41.1310005187988 40.2962493896484 40.6997489929199 41.6132507324219 42.5747489929199 43.1652526855469 43.0410003662109 41.0897521972656 39.2689971923828 38.9195022583008 39.0045013427734 38.7299995422363 38.265251159668 38.4625015258789 38.466251373291 38.6742477416992 39.1602516174316 40.1870002746582 39.5887489318848 39.4657516479492 39.3907508850098 40.0037498474121 38.3570022583008 39.2537498474121 40.5587501525879 39.1592483520508 41.3217506408691 40.9927520751953 41.2102508544922 41.8365020751953 42.5402488708496 42.680248260498 42.6217498779297 42.2397499084473 42.0682525634766 42.5004997253418 42.486499786377 42.1222496032715 -9999 -9999 -9999 -9999 -9999 -9999 -9999 -9999 -9999 -9999 -9999 -9999 -9999 -9999 -9999 -9999
36.9617500305176 38.7689971923828 40.0820007324219 41.1614990234375 41.1817512512207 41.4124984741211 40.669750213623 40.3139991760254 41.1337509155273 41.2227478027344 41.8624992370605 42.0317497253418 42.9165000915527 43.4437484741211 43.0212478637695 42.3870010375977 41.4752502441406 41.0942497253418 38.8520011901855 37.4877510070801 37.3847503662109 37.4939994812012 37.5412521362305 37.4444999694824 37.9684982299805 38.0752487182617 39.3554992675781 39.5032501220703 38.8262481689453 39.6832504272461 40.6312484741211 41.1467514038086 41.7467498779297 41.6290016174316 41.0169982910156 41.713249206543 42.055248260498 42.1167488098145 41.8199996948242 41.9172515869141 41.8097496032715 41.7682495117188 41.9182510375977 41.2092514038086 41.5595016479492 41.599250793457 -9999 -9999 -9999 -9999 -9999 -9999 -9999 -9999 -9999 -9999 -9999 -9999 -9999 -9999 -9999
37.5130004882812 37.2087516784668 39.8577499389648 40.267749786377 40.6645011901855 40.0255012512207 40.2029991149902 40.1040000915527 39.8559989929199 40.0227508544922 40.1264991760254 40.5979995727539 41.5509986877441 43.0559997558594 41.2477493286133 40.9875030517578 42.5862503051758 41.9377479553223 41.5752487182617 40.1717529296875 38.4080009460449 38.3460006713867 38.3707504272461 39.6877517700195 39.5622520446777 39.5885009765625 39.5875015258789 38.8972511291504 40.0557518005371 40.0919990539551 38.9927520751953 40.1827507019043 41.2504997253418 41.2080001831055 40.3800010681152 41.5524978637695 41.8257522583008 41.5512504577637 41.826000213623 41.7239990234375 41.989501953125 41.9442481994629 41.783748626709 41.7234992980957 41.6922492980957 41.5670013427734 41.5757522583008 -9999 -9999 -9999 -9999 -9999 -9999 -9999 -9999 -9999 -9999 -9999 -9999 -9999 -9999
37.8549995422363 37.3047485351562 38.0237503051758 38.2577514648438 38.7309989929199 39.5745010375977 40.3945007324219 40.5022506713867 41.1119995117188 39.583251953125 40.3032493591309 41.0584983825684 40.6272506713867 41.6969985961914 41.2174987792969 41.1054992675781 41.7192497253418 41.4482498168945 42.0820007324219 42.0525016784668 41.6735000610352 39.8194999694824 39.2180023193359 40.7637481689453 40.7770004272461 41.1879997253418 41.2967529296875 41.3482513427734 40.9972496032715 40.7032508850098 39.96875 40.4997482299805 40.7605018615723 40.8482513427734 40.164249420166 40.8052520751953 41.2944984436035 40.9487495422363 40.5424995422363 40.3085021972656 40.7714996337891 41.2249984741211 41.054500579834 41.1685028076172 41.2910003662109 41.3409996032715 41.0272483825684 40.9420013427734 -9999 -9999 -9999 -9999 -9999 -9999 -9999 -9999 -9999 -9999 -9999 -9999 -9999
38.5637512207031 38.1389999389648 36.9317512512207 38.0682487487793 39.1532516479492 37.947998046875 37.8435020446777 40.0289993286133 40.6632499694824 40.4514999389648 41.2700004577637 41.8655014038086 41.4790000915527 41.1032485961914 41.3074989318848 41.0919990539551 40.6575012207031 40.6602478027344 40.4560012817383 40.9435005187988 41.2145004272461 39.6129989624023 39.101749420166 39.9902496337891 40.8117485046387 39.7742500305176 41.2040023803711 40.7337493896484 40.9727516174316 40.4602508544922 40.005500793457 39.9899978637695 40.1577491760254 40.8772506713867 40.3419990539551 40.5907516479492 40.7737503051758 41.2565002441406 41.3250007629395 41.096248626709 41.1717529296875 40.3537483215332 40.5470008850098 40.4272499084473 40.3112487792969 40.6287498474121 40.0062484741211 39.6110000610352 39.689998626709 -9999 -9999 -9999 -9999 -9999 -9999 -9999 -9999 -9999 -9999 -9999 -9999
37.9830017089844 38.2597503662109 37.3234977722168 37.2044982910156 38.0494995117188 38.8087501525879 38.6602516174316 39.4794998168945 40.8197479248047 40.7557525634766 40.5557479858398 41.3950004577637 42.1669998168945 41.9102478027344 40.6172485351562 40.2097511291504 39.9882507324219 39.4337501525879 39.4474983215332 39.8652496337891 40.0530014038086 39.7252502441406 39.794750213623 40.5527496337891 40.1565017700195 40.3067474365234 40.4357490539551 39.3507499694824 40.8945007324219 39.5457496643066 38.0455017089844 40.025749206543 40.1914978027344 40.3375015258789 40.3342514038086 40.9140014648438 41.2737503051758 41.4119987487793 41.330249786377 40.84375 40.4407501220703 40.1884994506836 39.944751739502 39.9855003356934 40.3742523193359 40.3412475585938 40.017749786377 40.2987518310547 39.7799987792969 39.4814987182617 -9999 -9999 -9999 -9999 -9999 -9999 -9999 -9999 -9999 -9999 -9999
38.4065017700195 38.4359970092773 37.513500213623 36.9482498168945 37.2215003967285 37.8997497558594 37.8942489624023 39.7552490234375 40.445499420166 40.2120018005371 39.9557495117188 40.2945022583008 40.3987503051758 39.965747833252 39.6777496337891 40.3707504272461 40.6352500915527 40.0432510375977 38.7649993896484 40.0557479858398 39.9242515563965 39.7682495117188 39.6725006103516 40.2512512207031 38.9547500610352 39.5122489929199 40.201000213623 40.6604995727539 40.7797508239746 40.6597518920898 40.4995002746582 40.747501373291 40.1432495117188 40.3922500610352 40.0565032958984 40.5602493286133 41.1660003662109 41.0097503662109 40.6829986572266 41.1334991455078 40.0205001831055 41.2840003967285 40.9692497253418 40.7122497558594 40.7314987182617 40.9075012207031 39.7447509765625 39.6322479248047 39.1272506713867 38.9700012207031 38.9860000610352 -9999 -9999 -9999 -9999 -9999 -9999 -9999 -9999 -9999 -9999
37.576000213623 37.640251159668 37.8272476196289 37.2012481689453 37.1245002746582 37.6884994506836 37.4420013427734 38.6062469482422 39.8822479248047 40.5547485351562 40.0107498168945 40.3560028076172 40.5315017700195 39.7194976806641 39.8272514343262 39.3860015869141 39.5657501220703 39.3827514648438 40.4297485351562 40.2320022583008 39.5605010986328 38.4302520751953 39.0292510986328 39.7987480163574 39.556999206543 38.7412490844727 38.8090019226074 39.0019989013672 40.7902526855469 40.429500579834 40.8892517089844 40.8872489929199 40.5837478637695 40.9155006408691 40.2614974975586 40.1367492675781 40.4324989318848 41.1974983215332 41.6972503662109 41.4169998168945 41.1527481079102 40.6839981079102 40.3014984130859 39.8689994812012 40.0820007324219 40.398250579834 40.3527488708496 40.1650009155273 40.0110015869141 38.0340003967285 37.6087493896484 37.0192489624023 -9999 -9999 -9999 -9999 -9999 -9999 -9999 -9999 -9999
38.0250015258789 37.8624992370605 37.8635025024414 38.1419982910156 37.3369979858398 36.7897491455078 38.0039978027344 37.8452491760254 39.2215003967285 39.1717491149902 40.2162475585938 40.8844985961914 40.6692504882812 37.9615020751953 39.3269996643066 38.5782470703125 38.4274978637695 39.6915016174316 40.8479995727539 40.9130020141602 40.5342483520508 38.4570007324219 38.7262496948242 40.1415023803711 40.2177505493164 40.5412521362305 39.388500213623 39.6119995117188 39.0412521362305 39.319751739502 40.4147491455078 41.2900009155273 41.033748626709 41.2577514648438 40.8455009460449 40.9737510681152 40.6310005187988 40.0692520141602 40.4667510986328 41.2167510986328 40.7949981689453 40.0762481689453 39.8637504577637 40.1980018615723 40.6665000915527 41.2182502746582 41.0222473144531 40.3852500915527 41.109001159668 39.931999206543 38.882251739502 38.3887481689453 -9999 -9999 -9999 -9999 -9999 -9999 -9999 -9999 -9999
37.9540023803711 38.0262489318848 37.6555023193359 37.5817489624023 37.7582511901855 37.4365005493164 38.8014984130859 38.8860015869141 38.0192489624023 38.2269973754883 39.1542510986328 40.0042495727539 39.3447494506836 40.607250213623 40.0997505187988 38.770751953125 39.6705017089844 40.0717506408691 40.9389991760254 40.9459991455078 41.1687507629395 39.8214988708496 40.0132484436035 40.6517486572266 40.1717491149902 38.4147491455078 39.6669998168945 40.8047485351562 39.5357513427734 38.4587478637695 39.7202491760254 40.556999206543 41.0502510070801 41.3990020751953 41.0955009460449 40.8665008544922 40.8289985656738 40.7092514038086 40.2849998474121 40.0335006713867 39.7700004577637 39.7145004272461 39.9209976196289 41.1199989318848 41.5364990234375 41.1092491149902 41.0112533569336 40.4075012207031 40.4119987487793 39.7719993591309 39.9669990539551 40.1922492980957 40.2897491455078 -9999 -9999 -9999 -9999 -9999 -9999 -9999 -9999
