02 cropping and modelling/wc2.1_10m_bio_18.asc
NCOLS 368 
NROWS 210 
XLLCORNER 67.1666666666667 
YLLCORNER 3.5 
CELLSIZE 0.166666666666667 
NODATA_value -9999 
[rows 144 to 179 of 210, columns 164 to 245 of 368]
-9999 -9999 -9999 -9999 -9999 -9999 -9999 -9999 -9999 -9999 -9999 -9999 -9999 -9999 -9999 -9999 -9999 -9999 -9999 649 613 589 533 485 437 390 355 325 298 269 247 226 209 202 201 207 218 340 375 383 357 354 360 370 358 279 271 266 259 253 254 255 260 266 271 275 281 283 290 293 290 284 292 310 318 318 314 322 341 689 673 671 734 782 798 806 753 736 611 656 565 525
-9999 -9999 -9999 -9999 -9999 -9999 -9999 -9999 -9999 -9999 -9999 -9999 -9999 -9999 -9999 -9999 -9999 -9999 -9999 680 629 619 574 514 453 404 354 322 288 262 238 216 202 196 200 206 220 338 370 280 297 394 385 380 294 364 355 276 259 251 248 247 251 264 271 266 265 264 263 264 264 263 268 310 288 296 302 310 315 318 632 643 705 748 754 729 696 662 697 640 604 548
-9999 -9999 -9999 -9999 -9999 -9999 -9999 -9999 -9999 -9999 -9999 -9999 -9999 -9999 -9999 -9999 -9999 -9999 -9999 692 -9999 657 617 537 469 407 354 309 277 249 228 207 200 196 203 213 327 345 368 279 302 315 310 303 297 292 296 282 260 237 228 235 245 255 262 257 255 254 256 256 255 257 261 269 284 292 300 303 307 307 605 616 638 671 1212 1169 1132 1148 645 709 665 608
-9999 -9999 -9999 -9999 -9999 -9999 -9999 -9999 -9999 -9999 -9999 -9999 -9999 -9999 -9999 -9999 -9999 -9999 -9999 -9999 720 693 666 557 474 410 348 299 259 234 216 201 196 197 209 226 335 350 360 276 296 312 315 312 307 301 293 281 264 240 229 232 237 243 248 246 247 248 249 249 251 254 259 268 281 290 295 298 299 300 579 605 630 1150 1182 1200 1138 1129 646 675 709 636
-9999 -9999 -9999 -9999 -9999 -9999 -9999 -9999 -9999 -9999 -9999 -9999 -9999 -9999 -9999 -9999 -9999 -9999 -9999 -9999 723 703 666 582 477 400 348 282 251 219 206 194 194 202 220 334 380 370 358 271 290 308 319 323 322 319 313 301 286 262 246 240 234 234 237 239 243 241 241 244 250 258 276 269 278 290 297 301 299 298 296 590 608 1092 1158 689 662 617 629 636 664 590
-9999 -9999 -9999 -9999 -9999 -9999 -9999 -9999 -9999 -9999 -9999 -9999 -9999 -9999 -9999 -9999 -9999 -9999 -9999 -9999 -9999 686 658 555 467 400 335 270 239 200 193 190 193 270 298 331 377 385 370 363 294 313 326 334 340 338 335 325 307 287 267 250 237 228 229 231 233 243 240 239 250 256 273 272 281 294 300 301 303 303 302 586 602 618 1081 1112 630 606 590 566 552 512
-9999 -9999 -9999 -9999 -9999 -9999 -9999 -9999 -9999 -9999 -9999 -9999 -9999 -9999 -9999 -9999 -9999 -9999 -9999 -9999 -9999 -9999 -9999 521 452 385 308 243 229 193 183 181 185 255 269 300 -9999 370 363 379 396 324 337 348 355 362 361 351 330 310 289 266 244 230 225 226 226 229 233 236 246 254 266 278 285 296 304 307 308 318 576 586 598 605 608 607 598 579 565 534 499 468
-9999 -9999 -9999 -9999 -9999 -9999 -9999 -9999 -9999 -9999 -9999 -9999 -9999 -9999 -9999 -9999 -9999 -9999 -9999 -9999 -9999 -9999 622 505 448 350 262 242 245 210 182 169 169 220 -9999 -9999 -9999 334 367 374 395 425 352 506 376 389 388 378 359 335 311 283 257 340 340 342 351 225 230 236 242 254 270 283 292 301 311 317 316 321 324 587 600 608 606 599 585 567 548 518 480 493
-9999 -9999 -9999 -9999 -9999 -9999 -9999 -9999 -9999 -9999 -9999 -9999 -9999 -9999 -9999 -9999 -9999 -9999 -9999 -9999 -9999 -9999 615 -9999 442 349 266 277 244 198 180 159 159 210 -9999 -9999 -9999 336 369 379 392 430 489 547 400 415 420 409 387 360 331 300 271 243 330 330 334 335 230 236 246 261 276 290 302 314 319 328 325 327 333 338 598 607 604 596 580 561 540 509 472 476
-9999 -9999 -9999 -9999 -9999 -9999 -9999 -9999 -9999 -9999 -9999 -9999 -9999 -9999 -9999 -9999 -9999 -9999 -9999 -9999 -9999 -9999 627 -9999 467 378 277 254 242 199 161 157 160 197 -9999 -9999 -9999 316 371 388 406 454 524 601 426 442 452 445 423 391 354 315 276 245 330 328 330 331 336 355 251 270 288 304 314 326 332 336 335 339 343 346 594 599 603 598 585 565 529 496 477 485
-9999 -9999 -9999 -9999 -9999 -9999 -9999 -9999 -9999 -9999 -9999 -9999 -9999 -9999 -9999 -9999 -9999 -9999 -9999 -9999 749 -9999 641 619 474 411 311 249 272 230 180 166 173 -9999 -9999 -9999 -9999 320 363 398 439 493 570 420 451 476 488 479 453 423 381 335 289 253 250 253 252 346 344 358 396 284 304 320 330 335 340 345 347 351 351 356 361 605 613 612 605 578 541 509 489 486
-9999 -9999 -9999 -9999 -9999 -9999 -9999 -9999 -9999 -9999 -9999 -9999 -9999 -9999 -9999 -9999 -9999 -9999 -9999 762 759 -9999 653 621 512 445 353 283 257 261 193 182 182 -9999 -9999 -9999 -9999 -9999 360 387 470 514 581 671 473 509 526 520 489 455 416 374 328 291 282 281 276 270 374 380 418 295 320 338 342 344 349 356 358 359 363 366 369 610 618 631 626 607 570 550 502 481
-9999 -9999 -9999 -9999 -9999 -9999 -9999 -9999 -9999 -9999 -9999 -9999 -9999 -9999 -9999 -9999 -9999 -9999 -9999 762 747 720 666 629 563 480 391 315 281 268 211 194 191 -9999 -9999 -9999 -9999 -9999 -9999 -9999 -9999 -9999 -9999 -9999 -9999 539 559 551 520 483 455 423 371 343 318 306 296 288 286 285 286 305 328 355 361 354 360 370 375 375 376 376 380 622 634 664 673 641 621 577 512 468
-9999 -9999 -9999 -9999 -9999 -9999 -9999 -9999 -9999 -9999 -9999 -9999 -9999 -9999 -9999 -9999 -9999 -9999 -9999 784 751 727 682 638 568 499 421 345 298 266 246 234 222 222 -9999 -9999 -9999 -9999 -9999 -9999 -9999 -9999 -9999 -9999 -9999 -9999 555 557 537 506 476 447 418 384 350 330 317 304 298 297 299 301 321 347 358 346 355 386 396 397 392 387 389 639 642 657 665 667 642 614 538 488
-9999 -9999 -9999 -9999 -9999 -9999 -9999 -9999 -9999 -9999 -9999 -9999 -9999 -9999 -9999 -9999 -9999 -9999 811 801 751 724 693 632 560 512 445 374 322 288 266 261 241 -9999 -9999 -9999 -9999 -9999 -9999 -9999 -9999 -9999 -9999 -9999 -9999 -9999 539 541 544 526 494 474 451 440 413 364 340 348 354 304 299 290 301 319 331 341 371 407 423 420 407 400 655 671 668 672 660 651 635 602 546 502
-9999 -9999 -9999 -9999 -9999 -9999 -9999 -9999 -9999 -9999 -9999 -9999 -9999 -9999 -9999 -9999 -9999 -9999 825 817 760 756 697 630 588 525 465 391 330 294 342 279 258 -9999 -9999 -9999 -9999 -9999 -9999 -9999 -9999 -9999 -9999 -9999 -9999 -9999 532 535 1124 550 521 501 472 458 451 430 378 341 333 303 284 270 274 287 309 336 384 417 444 439 433 415 417 706 701 692 672 656 630 589 552 560
-9999 -9999 -9999 -9999 -9999 -9999 -9999 -9999 -9999 -9999 -9999 -9999 -9999 -9999 -9999 -9999 -9999 842 834 813 762 757 701 654 602 542 477 406 338 428 339 286 -9999 -9999 -9999 -9999 -9999 -9999 -9999 -9999 -9999 -9999 -9999 -9999 -9999 -9999 -9999 525 520 -9999 555 523 492 467 439 430 377 343 322 297 273 254 246 269 295 325 359 403 451 430 423 416 418 720 723 704 675 641 625 631 569 531
-9999 -9999 -9999 -9999 -9999 -9999 -9999 -9999 -9999 -9999 -9999 -9999 -9999 -9999 -9999 -9999 -9999 -9999 839 -9999 -9999 755 723 660 641 547 489 418 350 439 341 281 -9999 -9999 -9999 -9999 -9999 -9999 -9999 -9999 -9999 -9999 -9999 -9999 -9999 -9999 -9999 -9999 508 -9999 557 536 508 481 455 428 393 363 325 295 270 251 241 252 278 299 322 348 389 406 406 664 670 712 728 706 669 621 603 640 578 535
-9999 -9999 -9999 -9999 -9999 -9999 -9999 -9999 -9999 -9999 -9999 -9999 -9999 -9999 -9999 -9999 -9999 -9999 -9999 -9999 775 756 729 669 658 573 505 427 366 321 325 -9999 -9999 -9999 -9999 -9999 -9999 -9999 -9999 -9999 -9999 -9999 -9999 -9999 -9999 -9999 -9999 -9999 -9999 -9999 534 532 515 492 468 437 421 390 335 301 273 257 252 255 266 281 293 304 342 373 390 641 655 682 702 676 652 616 596 623 564 516
-9999 -9999 -9999 -9999 -9999 -9999 -9999 -9999 -9999 -9999 -9999 -9999 -9999 -9999 -9999 -9999 -9999 -9999 -9999 -9999 788 770 728 -9999 659 583 510 430 379 421 342 -9999 -9999 -9999 -9999 -9999 -9999 -9999 -9999 -9999 -9999 -9999 -9999 -9999 -9999 -9999 -9999 -9999 -9999 -9999 527 525 519 503 483 461 447 409 354 312 283 266 261 258 262 276 287 302 321 343 608 625 624 642 653 645 635 621 577 559 496 425
-9999 -9999 -9999 -9999 -9999 -9999 -9999 -9999 -9999 -9999 -9999 -9999 -9999 -9999 -9999 -9999 -9999 -9999 -9999 -9999 -9999 -9999 708 660 633 574 501 431 377 421 331 -9999 -9999 -9999 -9999 -9999 -9999 -9999 -9999 -9999 -9999 -9999 -9999 -9999 -9999 -9999 -9999 -9999 -9999 -9999 -9999 521 521 513 489 483 464 433 383 331 287 280 275 265 266 273 284 299 299 311 559 590 596 611 627 383 389 369 580 527 466 402
-9999 -9999 -9999 -9999 -9999 -9999 -9999 -9999 -9999 -9999 -9999 -9999 -9999 -9999 -9999 -9999 -9999 -9999 -9999 -9999 794 751 728 656 611 551 488 423 360 413 361 -9999 -9999 -9999 -9999 -9999 -9999 -9999 -9999 -9999 -9999 -9999 -9999 -9999 -9999 -9999 -9999 -9999 -9999 -9999 -9999 522 524 524 500 513 500 467 414 361 318 299 373 360 264 262 265 270 272 284 532 563 571 590 329 350 356 351 324 509 450 397
-9999 -9999 -9999 -9999 -9999 -9999 -9999 -9999 -9999 -9999 -9999 -9999 -9999 -9999 -9999 -9999 -9999 -9999 -9999 -9999 -9999 -9999 706 632 595 534 469 397 346 415 -9999 -9999 -9999 -9999 -9999 -9999 -9999 -9999 -9999 -9999 -9999 -9999 -9999 -9999 -9999 -9999 -9999 -9999 -9999 -9999 -9999 -9999 528 -9999 545 548 535 502 457 387 341 309 289 367 260 254 253 398 409 435 478 513 266 543 569 317 326 329 566 516 451 426
-9999 -9999 -9999 -9999 -9999 -9999 -9999 -9999 -9999 -9999 -9999 -9999 -9999 -9999 -9999 -9999 -9999 -9999 -9999 -9999 771 758 711 626 593 517 448 378 334 -9999 -9999 -9999 -9999 -9999 -9999 -9999 -9999 -9999 -9999 -9999 -9999 -9999 -9999 -9999 -9999 -9999 -9999 -9999 -9999 -9999 -9999 -9999 531 538 556 576 587 549 479 403 355 324 300 380 371 251 371 381 384 395 424 462 242 478 504 574 613 594 560 519 -9999 -9999
-9999 -9999 -9999 -9999 -9999 -9999 -9999 -9999 -9999 -9999 -9999 -9999 -9999 -9999 -9999 -9999 -9999 -9999 -9999 813 781 723 706 619 582 511 446 367 322 365 -9999 -9999 -9999 -9999 -9999 -9999 -9999 -9999 -9999 -9999 -9999 -9999 -9999 -9999 -9999 -9999 -9999 -9999 -9999 -9999 497 -9999 -9999 -9999 557 586 595 577 450 403 519 476 318 414 391 251 383 383 375 364 362 405 413 423 445 496 543 557 -9999 -9999 -9999 -9999
-9999 -9999 -9999 -9999 -9999 -9999 -9999 -9999 -9999 -9999 -9999 -9999 -9999 -9999 -9999 -9999 -9999 -9999 -9999 -9999 769 748 713 630 590 506 431 357 324 -9999 -9999 -9999 -9999 -9999 -9999 -9999 -9999 -9999 -9999 -9999 -9999 -9999 -9999 -9999 -9999 -9999 -9999 -9999 -9999 -9999 -9999 510 512 -9999 -9999 -9999 574 558 655 641 562 527 501 463 429 406 400 388 373 360 365 393 392 398 -9999 450 -9999 -9999 -9999 -9999 -9999 -9999
-9999 -9999 -9999 -9999 -9999 -9999 -9999 -9999 -9999 -9999 -9999 -9999 -9999 -9999 -9999 -9999 -9999 -9999 -9999 -9999 766 733 710 647 604 512 434 345 309 -9999 -9999 272 274 -9999 -9999 -9999 -9999 -9999 -9999 -9999 -9999 -9999 -9999 -9999 -9999 -9999 -9999 -9999 -9999 -9999 -9999 -9999 -9999 -9999 -9999 -9999 541 533 -9999 628 595 -9999 535 520 299 270 418 397 375 371 386 399 403 393 -9999 -9999 -9999 -9999 -9999 -9999 -9999 -9999
-9999 -9999 -9999 -9999 -9999 -9999 -9999 -9999 -9999 -9999 -9999 -9999 -9999 -9999 -9999 -9999 -9999 -9999 -9999 -9999 -9999 729 719 635 586 510 411 326 -9999 -9999 -9999 -9999 -9999 -9999 -9999 -9999 -9999 -9999 -9999 -9999 -9999 -9999 -9999 -9999 -9999 -9999 -9999 -9999 -9999 -9999 466 -9999 -9999 -9999 -9999 -9999 814 806 -9999 -9999 -9999 585 595 351 526 482 449 418 395 386 403 418 412 407 -9999 -9999 -9999 -9999 -9999 -9999 -9999 -9999
-9999 -9999 -9999 -9999 -9999 -9999 -9999 -9999 -9999 -9999 -9999 -9999 -9999 -9999 -9999 -9999 -9999 -9999 -9999 -9999 743 741 708 630 562 483 406 325 -9999 -9999 -9999 -9999 274 285 -9999 -9999 -9999 -9999 -9999 -9999 -9999 -9999 -9999 -9999 -9999 -9999 -9999 -9999 -9999 -9999 -9999 -9999 -9999 -9999 -9999 -9999 -9999 803 -9999 706 649 -9999 617 363 338 527 491 461 431 397 415 433 431 -9999 -9999 -9999 -9999 -9999 -9999 -9999 -9999 -9999
-9999 -9999 -9999 -9999 -9999 -9999 -9999 -9999 -9999 -9999 -9999 -9999 -9999 -9999 -9999 -9999 -9999 -9999 -9999 -9999 748 719 -9999 584 539 475 391 315 285 -9999 -9999 -9999 291 294 -9999 -9999 -9999 -9999 -9999 -9999 -9999 -9999 -9999 -9999 -9999 -9999 -9999 -9999 -9999 -9999 -9999 -9999 -9999 -9999 -9999 -9999 -9999 -9999 -9999 699 -9999 -9999 638 622 353 565 532 513 502 463 449 444 449 -9999 -9999 -9999 -9999 -9999 -9999 -9999 -9999 -9999
-9999 -9999 -9999 -9999 -9999 -9999 -9999 -9999 -9999 -9999 -9999 -9999 -9999 -9999 -9999 -9999 -9999 -9999 -9999 -9999 754 -9999 -9999 587 554 474 376 304 271 -9999 -9999 -9999 291 296 -9999 -9999 -9999 -9999 -9999 -9999 -9999 -9999 -9999 -9999 -9999 -9999 -9999 -9999 -9999 -9999 -9999 -9999 -9999 -9999 -9999 -9999 -9999 -9999 -9999 -9999 -9999 660 655 641 621 599 579 559 535 515 486 -9999 -9999 -9999 -9999 -9999 -9999 -9999 -9999 -9999 -9999 -9999
-9999 -9999 -9999 -9999 -9999 -9999 -9999 -9999 -9999 -9999 -9999 -9999 -9999 -9999 -9999 -9999 -9999 -9999 -9999 -9999 -9999 -9999 650 605 538 469 368 298 271 334 317 311 312 -9999 -9999 -9999 -9999 -9999 -9999 -9999 -9999 -9999 -9999 -9999 -9999 -9999 -9999 -9999 -9999 -9999 -9999 -9999 -9999 448 451 -9999 -9999 -9999 -9999 -9999 -9999 670 671 665 647 630 612 584 555 539 -9999 -9999 -9999 -9999 -9999 -9999 -9999 -9999 -9999 -9999 -9999 -9999
-9999 -9999 -9999 -9999 -9999 -9999 -9999 -9999 -9999 -9999 -9999 -9999 -9999 -9999 -9999 -9999 -9999 -9999 -9999 741 -9999 -9999 672 618 530 457 362 304 287 362 346 338 333 -9999 -9999 -9999 -9999 -9999 -9999 -9999 -9999 -9999 -9999 -9999 -9999 -9999 -9999 -9999 -9999 -9999 -9999 -9999 -9999 -9999 -9999 -9999 -9999 -9999 -9999 -9999 -9999 667 675 673 661 638 622 -9999 -9999 -9999 -9999 -9999 -9999 -9999 -9999 -9999 -9999 -9999 -9999 -9999 -9999 -9999
-9999 -9999 -9999 -9999 -9999 -9999 -9999 -9999 -9999 -9999 -9999 -9999 -9999 -9999 -9999 -9999 -9999 -9999 -9999 -9999 -9999 -9999 697 640 545 441 366 332 321 410 399 380 350 -9999 -9999 -9999 -9999 -9999 -9999 -9999 -9999 -9999 -9999 -9999 -9999 -9999 -9999 -9999 -9999 -9999 -9999 -9999 -9999 -9999 -9999 -9999 -9999 -9999 -9999 -9999 -9999 659 669 669 659 632 -9999 -9999 -9999 -9999 -9999 -9999 -9999 -9999 -9999 -9999 -9999 -9999 -9999 -9999 -9999 -9999
-9999 -9999 -9999 -9999 -9999 -9999 -9999 -9999 -9999 -9999 -9999 -9999 -9999 -9999 -9999 -9999 -9999 -9999 685 -9999 -9999 -9999 681 638 551 458 395 360 352 454 437 392 365 -9999 -9999 -9999 -9999 -9999 -9999 -9999 -9999 -9999 -9999 -9999 -9999 -9999 -9999 -9999 -9999 -9999 -9999 -9999 -9999 -9999 -9999 -9999 -9999 -9999 -9999 -9999 -9999 642 647 646 652 -9999 -9999 -9999 -9999 -9999 -9999 -9999 564 552 -9999 -9999 -9999 -9999 -9999 -9999 -9999 -9999
-9999 -9999 -9999 -9999 -9999 -9999 -9999 -9999 -9999 -9999 -9999 -9999 -9999 -9999 -9999 -9999 -9999 -9999 675 -9999 -9999 -9999 648 617 555 479 419 382 367 366 438 417 378 347 -9999 -9999 -9999 -9999 -9999 -9999 -9999 -9999 -9999 -9999 -9999 -9999 -9999 -9999 -9999 -9999 -9999 -9999 -9999 -9999 -9999 -9999 -9999 -9999 -9999 -9999 -9999 637 645 644 -9999 -9999 -9999 -9999 -9999 -9999 -9999 -9999 575 555 -9999 -9999 -9999 -9999 -9999 -9999 -9999 -9999
