02 cropping and modelling/wc2.1_10m_bio_6.asc
NCOLS 368 
NROWS 210 
XLLCORNER 67.1666666666667 
YLLCORNER 3.5 
CELLSIZE 0.166666666666667 
NODATA_value -9999 
[rows 0 to 26 of 210, columns 60 to 119 of 368]
-9999 -9999 -9999 -9999 -9999 -9999 -9999 -9999 -9999 -9999 -9999 -9999 -9999 -9999 -9999 -9999 -9999 -9999 -9999 -9999 -9999 -9999 -9999 -9999 -9999 -9999 -9999 -9999 -9999 -9999 -9999 -9999 -9999 -9999 -9999 -9999 -9999 -9999 -9999 -9999 -9999 -9999 -9999 -9999 -9999 -9999 -9999 -9999 -9999 -9999 -9999 -9999 -9999 -9999 -9999 -9999 -9999 -9999 -9999 -9999
-10.4002494812012 -10.6035003662109 -11.8727502822876 -12.1485004425049 -12.2080001831055 -12.5317497253418 -12.793999671936 -9999 -9999 -9999 -9999 -9999 -9999 -9999 -9999 -9999 -9999 -9999 -9999 -9999 -9999 -9999 -9999 -9999 -9999 -9999 -9999 -9999 -9999 -9999 -9999 -9999 -9999 -9999 -9999 -9999 -9999 -9999 -9999 -9999 -9999 -9999 -9999 -9999 -9999 -9999 -9999 -9999 -9999 -9999 -9999 -9999 -9999 -9999 -9999 -9999 -9999 -9999 -9999 -9999
-10.4342498779297 -10.5307502746582 -11.9145002365112 -11.8879995346069 -12.085000038147 -12.4842500686646 -12.7934999465942 -13.0650005340576 -13.1640005111694 -12.9024991989136 -12.9202499389648 -12.8462495803833 -12.9972496032715 -13.008749961853 -13.1977500915527 -13.3459997177124 -9999 -9999 -9999 -9999 -9999 -9999 -9999 -9999 -9999 -9999 -9999 -9999 -9999 -9999 -9999 -9999 -9999 -9999 -9999 -9999 -9999 -9999 -9999 -9999 -9999 -9999 -9999 -9999 -9999 -9999 -9999 -9999 -9999 -9999 -9999 -9999 -9999 -9999 -9999 -9999 -9999 -9999 -9999 -9999
-10.5500001907349 -10.4860000610352 -11.5384998321533 -11.8254995346069 -11.9567499160767 -12.3149995803833 -12.7217502593994 -12.9707498550415 -13.0460004806519 -12.8607501983643 -12.8067502975464 -12.6937503814697 -12.7524995803833 -12.808500289917 -12.9785003662109 -13.0480003356934 -13.1467504501343 -13.1405000686646 -13.0460004806519 -12.8660001754761 -13.1840000152588 -9999 -9999 -9999 -9999 -9999 -9999 -9999 -9999 -9999 -9999 -9999 -9999 -9999 -9999 -9999 -9999 -9999 -9999 -9999 -9999 -9999 -9999 -9999 -9999 -9999 -9999 -9999 -9999 -9999 -9999 -9999 -9999 -9999 -9999 -9999 -9999 -9999 -9999 -9999
-11.5714998245239 -11.2162504196167 -11.4840002059937 -11.8692502975464 -11.847749710083 -12.0967502593994 -12.5252504348755 -12.6897497177124 -12.8420000076294 -12.7682495117188 -12.6700000762939 -12.5220003128052 -12.4562501907349 -12.5644998550415 -12.7170000076294 -12.74524974823 -12.7910003662109 -12.5862503051758 -12.4887495040894 -12.2665004730225 -12.9137496948242 -13.1134996414185 -13.1870002746582 -13.30774974823 -13.3332500457764 -9999 -9999 -9999 -9999 -9999 -9999 -9999 -9999 -9999 -9999 -9999 -9999 -9999 -9999 -9999 -9999 -9999 -9999 -9999 -9999 -9999 -9999 -9999 -9999 -9999 -9999 -9999 -9999 -9999 -9999 -9999 -9999 -9999 -9999 -9999
-12.4352502822876 -12.2449998855591 -12.4840002059937 -12.7742500305176 -12.4597501754761 -12.1189994812012 -11.4947500228882 -12.2130002975464 -12.4962501525879 -12.5517501831055 -12.5107498168945 -12.196249961853 -11.9825000762939 -12.1595001220703 -12.0682497024536 -12.1859998703003 -11.8795003890991 -11.6400003433228 -11.6499996185303 -12.4592504501343 -12.6675004959106 -12.7934999465942 -12.8704996109009 -13.0042495727539 -13.0795001983643 -12.9195003509521 -12.7522497177124 -12.9280004501343 -9999 -9999 -9999 -9999 -9999 -9999 -9999 -9999 -9999 -9999 -9999 -9999 -9999 -9999 -9999 -9999 -9999 -9999 -9999 -9999 -9999 -9999 -9999 -9999 -9999 -9999 -9999 -9999 -9999 -9999 -9999 -9999
-13.2777500152588 -12.9139995574951 -13.1459999084473 -13.460000038147 -13.1050004959106 -12.7655000686646 -12.3667497634888 -11.9235000610352 -11.6062498092651 -11.8832502365112 -12.1052503585815 -11.89674949646 -11.6035003662109 -11.1995000839233 -10.4712495803833 -11.0337495803833 -11.0885000228882 -11.3227500915527 -11.9252500534058 -12.1899995803833 -12.3402500152588 -12.4642496109009 -12.6350002288818 -12.6824998855591 -12.7497501373291 -12.4852495193481 -12.4809999465942 -12.8247499465942 -13.2727499008179 -13.4347496032715 -13.674750328064 -9999 -9999 -9999 -9999 -9999 -9999 -9999 -9999 -9999 -9999 -9999 -9999 -9999 -9999 -9999 -9999 -9999 -9999 -9999 -9999 -9999 -9999 -9999 -9999 -9999 -9999 -9999 -9999 -9999
-14.678750038147 -14.7342500686646 -14.3940000534058 -14.8692502975464 -14.2042503356934 -13.6284999847412 -13.9169998168945 -12.9125003814697 -11.9817504882812 -11.5647497177124 -11.5830001831055 -11.2502498626709 -11.2707500457764 -11.0935001373291 -10.0832500457764 -9.95524978637695 -10.5107498168945 -11.2432498931885 -11.4949998855591 -11.8175001144409 -12.0460004806519 -12.081000328064 -12.2592496871948 -12.3214998245239 -12.3752498626709 -12.2782497406006 -12.0382499694824 -12.4364995956421 -12.7954998016357 -13.0620002746582 -13.3465003967285 -13.8032503128052 -13.8715000152588 -9999 -9999 -9999 -9999 -9999 -9999 -9999 -9999 -9999 -9999 -9999 -9999 -9999 -9999 -9999 -9999 -9999 -9999 -9999 -9999 -9999 -9999 -9999 -9999 -9999 -9999 -9999
-16.9587497711182 -15.3067502975464 -17.0437507629395 -16.5174999237061 -16.0182495117188 -15.2762498855591 -14.9525003433228 -14.2475004196167 -13.3839998245239 -13.0909996032715 -12.451000213623 -12.9764995574951 -12.8129997253418 -11.4580001831055 -10.789999961853 -9.97675037384033 -9.77225017547607 -9.98849964141846 -10.1190004348755 -11.0397500991821 -11.441499710083 -11.3395004272461 -11.2982501983643 -11.39674949646 -11.696249961853 -11.8132495880127 -11.5097503662109 -11.933500289917 -12.3470001220703 -12.6312503814697 -12.9207496643066 -13.1782503128052 -13.1660003662109 -12.8937501907349 -13.3822498321533 -9999 -9999 -9999 -9999 -9999 -9999 -9999 -9999 -9999 -9999 -9999 -9999 -9999 -9999 -9999 -9999 -9999 -9999 -9999 -9999 -9999 -9999 -9999 -9999 -9999
-20.4435005187988 -18.0454998016357 -18.863000869751 -19.6984996795654 -19.2724990844727 -21.1277503967285 -17.0160007476807 -16.7325000762939 -16.1837501525879 -15.2985000610352 -14.7542495727539 -13.9834995269775 -13.5902500152588 -12.0357503890991 -11.1737499237061 -11.3094997406006 -10.9722499847412 -11.4945001602173 -10.9154996871948 -10.8097505569458 -10.8482503890991 -10.8957500457764 -11.0605001449585 -11.1867504119873 -11.1682500839233 -10.6637496948242 -10.3190002441406 -11.3852500915527 -11.9112501144409 -12.2487497329712 -12.5042495727539 -12.862250328064 -13.0625 -13.2895002365112 -13.549750328064 -13.6332502365112 -14.7690000534058 -9999 -9999 -9999 -9999 -9999 -9999 -9999 -9999 -9999 -9999 -9999 -9999 -9999 -9999 -9999 -9999 -9999 -9999 -9999 -9999 -9999 -9999 -9999
-21.4484996795654 -21.2049999237061 -21.8715000152588 -25.9602508544922 -24.2127494812012 -23.3314990997314 -20.9802494049072 -24.8597507476807 -20.7950000762939 -18.7272491455078 -17.2332496643066 -15.8152503967285 -14.5614995956421 -13.3872499465942 -13.6575002670288 -13.3157501220703 -12.18274974823 -13.5825004577637 -12.892749786377 -12.3862495422363 -12.1324996948242 -11.8742504119873 -11.2877502441406 -11.0372495651245 -11.0900001525879 -11.0072498321533 -10.6009998321533 -11.3155002593994 -11.4857501983643 -12.2657499313354 -12.9932498931885 -13.793999671936 -14.2537498474121 -14.6402502059937 -15.2577495574951 -15.6362495422363 -16.2430000305176 -17.1647491455078 -9999 -9999 -9999 -9999 -9999 -9999 -9999 -9999 -9999 -9999 -9999 -9999 -9999 -9999 -9999 -9999 -9999 -9999 -9999 -9999 -9999 -9999
-26.4967498779297 -28.1497497558594 -28.6615009307861 -27.7792491912842 -25.1459999084473 -22.9340000152588 -21.8064994812012 -21.898250579834 -18.4890003204346 -17.1552505493164 -15.2395000457764 -13.3559999465942 -13.8067502975464 -13.7092504501343 -14.1844997406006 -13.5699996948242 -13.0424995422363 -17.5330009460449 -20.1462497711182 -17.5659999847412 -13.6704998016357 -12.1794996261597 -11.5415000915527 -11.2422504425049 -11.6287498474121 -11.914999961853 -11.8537502288818 -12.3929996490479 -13.1402502059937 -14.1269998550415 -15.7282495498657 -17.8957500457764 -18.5057506561279 -17.3692493438721 -18.4440002441406 -19.1632499694824 -20.0742492675781 -21.7652492523193 -21.6315002441406 -22.5109996795654 -9999 -9999 -9999 -9999 -9999 -9999 -9999 -9999 -9999 -9999 -9999 -9999 -9999 -9999 -9999 -9999 -9999 -9999 -9999 -9999
-25.3092498779297 -25.3980007171631 -27.9947490692139 -26.1215000152588 -23.2537498474121 -24.22825050354 -26.2150001525879 -22.4715003967285 -22.2770004272461 -25.5 -19.8697509765625 -16.4349994659424 -17.318000793457 -20.2245006561279 -17.289249420166 -14.8547496795654 -15.6350002288818 -16.1044998168945 -18.9120006561279 -17.1437492370605 -13.9192495346069 -13.5402498245239 -12.6272497177124 -12.2647495269775 -12.49524974823 -12.8950004577637 -13.8732500076294 -13.7942504882812 -15.1897497177124 -18.535249710083 -22.580249786377 -23.3542499542236 -25.513500213623 -22.2502498626709 -23.79075050354 -26.1352500915527 -26.3535003662109 -26.161750793457 -27.3190002441406 -27.003999710083 -28.38450050354 -9999 -9999 -9999 -9999 -9999 -9999 -9999 -9999 -9999 -9999 -9999 -9999 -9999 -9999 -9999 -9999 -9999 -9999 -9999
-28.169750213623 -27.7087497711182 -25.7157497406006 -27.411750793457 -27.3980007171631 -26.3745002746582 -24.0550003051758 -24.3212509155273 -24.5997505187988 -25.2302494049072 -24.4942493438721 -25.3505001068115 -24.5620002746582 -23.5512504577637 -19.1375007629395 -16.1054992675781 -17.0537490844727 -18.6229991912842 -18.5090007781982 -16.4624996185303 -16.1060009002686 -14.8032503128052 -14.7714996337891 -14.0832500457764 -14.8555002212524 -15.3970003128052 -15.9602499008179 -17.3007507324219 -21.3402500152588 -27.3017501831055 -25.8505001068115 -27.8772506713867 -27.7452507019043 -26.4377498626709 -28.3134994506836 -28.5074996948242 -28.9132499694824 -29.5020008087158 -29.4785003662109 -29.5424995422363 -29.2197494506836 -29.0279998779297 -9999 -9999 -9999 -9999 -9999 -9999 -9999 -9999 -9999 -9999 -9999 -9999 -9999 -9999 -9999 -9999 -9999 -9999
-28.7115001678467 -28.2679996490479 -26.3635005950928 -26.2584991455078 -26.5795001983643 -28.5077495574951 -29.4354991912842 -28.4079990386963 -27.5457496643066 -27.119499206543 -26.6377506256104 -25.3314990997314 -29.4524993896484 -30.9825000762939 -27.9122505187988 -22.460750579834 -19.650749206543 -24.730749130249 -24.226749420166 -19.9867496490479 -20.4272499084473 -18.4629993438721 -17.4477500915527 -19.1790008544922 -19.4487495422363 -20.0154991149902 -23.1212501525879 -22.7110004425049 -23.6550006866455 -25.7775001525879 -28.1315002441406 -27.1075000762939 -26.9332504272461 -27.32200050354 -28.5712509155273 -29.013500213623 -29.4584999084473 -30.0182495117188 -29.7970008850098 -29.8267498016357 -29.8430004119873 -29.3225002288818 -29.2727508544922 -9999 -9999 -9999 -9999 -9999 -9999 -9999 -9999 -9999 -9999 -9999 -9999 -9999 -9999 -9999 -9999 -9999
-30.3082504272461 -27.8587493896484 -26.3732509613037 -28.1382503509521 -27.8467502593994 -26.400749206543 -27.4067497253418 -27.7727508544922 -26.8050003051758 -28.0402507781982 -28.1157493591309 -26.7122497558594 -26.1445007324219 -29.7087497711182 -29.7727508544922 -27.6722507476807 -26.9987506866455 -22.0762500762939 -23.8174991607666 -26.226749420166 -24.8959999084473 -26.2672500610352 -26.6310005187988 -28.3227500915527 -28.7352504730225 -27.4127502441406 -28.2887496948242 -26.9542503356934 -27.3167495727539 -25.4179992675781 -25.5237503051758 -26.8882503509521 -28.6315002441406 -29.2115001678467 -28.9845008850098 -29.4425010681152 -29.568000793457 -29.535249710083 -29.2360000610352 -29.6464996337891 -29.5750007629395 -29.1792507171631 -29.044750213623 -29.0179996490479 -9999 -9999 -9999 -9999 -9999 -9999 -9999 -9999 -9999 -9999 -9999 -9999 -9999 -9999 -9999 -9999
-30.7662506103516 -31.9872493743896 -29.2679996490479 -27.8077507019043 -27.5397491455078 -27.6377506256104 -28.451000213623 -28.548999786377 -28.6264991760254 -29.5972499847412 -28.1012496948242 -28.2582492828369 -28.9487495422363 -27.8530006408691 -30.9044990539551 -30.5790004730225 -28.88450050354 -27.5737495422363 -28.8034992218018 -31.9634990692139 -27.7029991149902 -25.9577503204346 -25.5747509002686 -28.5100002288818 -28.9619998931885 -27.1102504730225 -26.898250579834 -27.3705005645752 -27.7022495269775 -27.1127490997314 -27.869499206543 -30.3507499694824 -29.2070007324219 -29.3264999389648 -29.2467498779297 -29.0422496795654 -28.2614994049072 -27.7905006408691 -28.4137496948242 -28.9112491607666 -28.3542499542236 -28.1480007171631 -28.2722492218018 -28.3584995269775 -28.5492496490479 -9999 -9999 -9999 -9999 -9999 -9999 -9999 -9999 -9999 -9999 -9999 -9999 -9999 -9999 -9999
-30.8980007171631 -31.5302505493164 -29.2782497406006 -28.9927501678467 -29.7530002593994 -30.3740005493164 -29.8472499847412 -28.4174995422363 -27.7177505493164 -29.638500213623 -28.6387500762939 -27.8807506561279 -27.0592498779297 -27.1009998321533 -27.8202495574951 -29.7119998931885 -31.5534992218018 -30.7427501678467 -30.722749710083 -30.3719997406006 -30.9512500762939 -29.2622509002686 -28.161750793457 -28.1282501220703 -27.9497509002686 -28.1599998474121 -28.785249710083 -29.2900009155273 -29.0932502746582 -27.6474990844727 -32.046501159668 -30.4222507476807 -29.1124992370605 -27.9732494354248 -28.9950008392334 -28.0472507476807 -28.2827491760254 -27.6832504272461 -27.8404998779297 -27.8037490844727 -27.7140007019043 -27.6404991149902 -27.7527503967285 -27.5650005340576 -27.9057502746582 -28.1332492828369 -9999 -9999 -9999 -9999 -9999 -9999 -9999 -9999 -9999 -9999 -9999 -9999 -9999 -9999
-32.252498626709 -32.2820014953613 -29.7369995117188 -29.3290004730225 -29.3837509155273 -29.3747501373291 -29.1952495574951 -29.3522491455078 -29.22825050354 -27.3857498168945 -26.8712501525879 -27.3344993591309 -27.3099994659424 -27.3104991912842 -27.0270004272461 -27.8055000305176 -28.3190002441406 -29.2754993438721 -29.0267505645752 -32.1757507324219 -34.1532516479492 -33.7432518005371 -34.3564987182617 -35.1687507629395 -33.8482513427734 -32.0037498474121 -31.8812503814697 -29.6480007171631 -29.7707500457764 -30.8299999237061 -29.5097503662109 -28.2887496948242 -27.919750213623 -27.9025001525879 -28.6062507629395 -27.7735004425049 -27.7157497406006 -27.5012493133545 -27.3225002288818 -27.1362495422363 -27.5587501525879 -27.3544998168945 -27.1714992523193 -26.9564990997314 -26.5300006866455 -27.0939998626709 -27.1192493438721 -9999 -9999 -9999 -9999 -9999 -9999 -9999 -9999 -9999 -9999 -9999 -9999 -9999
-25.7430000305176 -31.0195007324219 -31.1312503814697 -28.4467506408691 -29.7509994506836 -28.9892501831055 -29.7040004730225 -30.2217502593994 -30.4377498626709 -28.9300003051758 -28.8120002746582 -28.7192497253418 -27.7652492523193 -26.9734992980957 -26.8134994506836 -25.7432498931885 -25.894250869751 -27.3915004730225 -27.7372493743896 -28.5327491760254 -30.1792507171631 -32.8222503662109 -32.5662498474121 -32.1155014038086 -30.3544998168945 -32.1445007324219 -30.3072490692139 -31.1054992675781 -31.2917499542236 -29.4642505645752 -29.5327491760254 -29.019250869751 -27.2360000610352 -27.0590000152588 -26.8120002746582 -26.4582500457764 -27.1119995117188 -27.5207500457764 -27.4755001068115 -27.2617492675781 -27.0647506713867 -27.1272506713867 -27.0362491607666 -26.9307498931885 -27.0335006713867 -27.2239990234375 -27.2357501983643 -27.6302509307861 -9999 -9999 -9999 -9999 -9999 -9999 -9999 -9999 -9999 -9999 -9999 -9999
-25.0002498626709 -27.9995002746582 -30.6767501831055 -28.4724998474121 -28.1860008239746 -28.3867492675781 -29.3272495269775 -29.9162502288818 -30.1667499542236 -28.882999420166 -30.2294998168945 -28.9384994506836 -27.9599990844727 -27.1677494049072 -26.6122493743896 -26.6735000610352 -25.8490009307861 -25.8497505187988 -25.8595008850098 -26.7552509307861 -27.581750869751 -28.4955005645752 -28.9419994354248 -27.0017509460449 -28.0427494049072 -29.0715007781982 -28.2045001983643 -28.0892505645752 -27.9284992218018 -29.0032501220703 -28.9675006866455 -28.5642509460449 -27.2285003662109 -27.0370006561279 -27.0682506561279 -26.6324996948242 -26.8912506103516 -27.6644992828369 -27.5714988708496 -27.4950008392334 -27.4437503814697 -27.1272506713867 -26.9155006408691 -26.7770004272461 -26.9985008239746 -27.2152500152588 -27.3947505950928 -27.0734996795654 -27.0669994354248 -9999 -9999 -9999 -9999 -9999 -9999 -9999 -9999 -9999 -9999 -9999
-27.6227493286133 -22.9685001373291 -27.7077503204346 -30.7557506561279 -29.0809993743896 -26.1790008544922 -30.1292495727539 -30.5400009155273 -29.8577499389648 -29.5709991455078 -29.4419994354248 -28.730749130249 -28.5925006866455 -28.1310005187988 -27.4435005187988 -26.6189994812012 -26.7977504730225 -26.7697505950928 -26.5354995727539 -26.8015003204346 -26.7395000457764 -27.4027500152588 -28.3055000305176 -27.7049999237061 -27.519250869751 -26.5629997253418 -25.9177494049072 -27.4947509765625 -27.1469993591309 -27.9362506866455 -27.7507495880127 -28.1350002288818 -27.4232501983643 -27.0515003204346 -26.851749420166 -26.8762493133545 -27.7287502288818 -28.0282497406006 -28.1264991760254 -28.0422496795654 -27.5954990386963 -27.6065006256104 -27.5884990692139 -27.1315002441406 -27.4839992523193 -27.1275005340576 -27.2592506408691 -27.3442497253418 -27.4242496490479 -27.2017498016357 -9999 -9999 -9999 -9999 -9999 -9999 -9999 -9999 -9999 -9999
-20.6772499084473 -23.1817493438721 -20.7882499694824 -30.7479991912842 -30.0917491912842 -26.2637500762939 -26.1019992828369 -27.474250793457 -28.2722492218018 -29.2437496185303 -28.7702503204346 -28.0380001068115 -28.1052494049072 -28.2749996185303 -28.2587490081787 -28.0599994659424 -28.4750003814697 -27.6399993896484 -28.0230007171631 -28.0599994659424 -27.9594993591309 -27.1959991455078 -27.7789993286133 -26.956750869751 -26.7490005493164 -26.8987503051758 -27.1882495880127 -27.1560001373291 -26.5222492218018 -27.6727504730225 -29.6222496032715 -29.7670001983643 -27.3579998016357 -26.9559993743896 -27.0214996337891 -27.5440006256104 -27.7005004882812 -27.1202507019043 -27.0102500915527 -26.830249786377 -26.4220008850098 -27.9287490844727 -28.136999130249 -27.9357509613037 -28.1235008239746 -27.2552509307861 -27.8587493896484 -27.5492496490479 -27.7822494506836 -27.8222503662109 -27.5547504425049 -9999 -9999 -9999 -9999 -9999 -9999 -9999 -9999 -9999
-25.0477504730225 -20.0160007476807 -16.3417491912842 -25.1119995117188 -30.7917499542236 -29.3567504882812 -26.2329998016357 -30.1832504272461 -28.8729991912842 -29.2662506103516 -29.6445007324219 -29.5764999389648 -28.4645004272461 -28.2534999847412 -28.088249206543 -27.7660007476807 -27.6287498474121 -26.988000869751 -26.6509990692139 -25.5954990386963 -27.0319995880127 -28.0240001678467 -27.548999786377 -27.2447490692139 -27.8527507781982 -29.1037502288818 -27.2829990386963 -26.7477493286133 -27.7730007171631 -28.1525001525879 -28.6827507019043 -28.2775001525879 -27.2875003814697 -28.7810001373291 -28.242000579834 -28.7482509613037 -27.286750793457 -27.0122509002686 -27.3622493743896 -27.2857494354248 -27.4115009307861 -28.0052509307861 -26.2024993896484 -27.5849990844727 -27.5807495117188 -27.0832500457764 -27.786750793457 -28.4635009765625 -28.357250213623 -28.2362499237061 -28.1149997711182 -27.638500213623 -9999 -9999 -9999 -9999 -9999 -9999 -9999 -9999
-27.6389999389648 -26.4287509918213 -25.4127502441406 -19.0524997711182 -25.6587505340576 -29.400749206543 -24.1205005645752 -28.6247501373291 -29.793249130249 -28.4174995422363 -27.1655006408691 -28.8020000457764 -28.9635009765625 -29.0450000762939 -29.4874992370605 -28.6317501068115 -28.066499710083 -28.3127498626709 -29.1585006713867 -27.1582508087158 -28.3812503814697 -29.4762496948242 -29.3257503509521 -29.0007495880127 -28.7477493286133 -29.9209995269775 -28.8122501373291 -26.9397506713867 -26.5230007171631 -27.0202503204346 -27.5047492980957 -27.6569995880127 -27.6019992828369 -28.1089992523193 -27.5492496490479 -28.1947498321533 -27.6464996337891 -26.8034992218018 -25.963249206543 -26.304500579834 -26.8850002288818 -26.3832492828369 -25.0672492980957 -27.5865001678467 -27.4967498779297 -27.1532497406006 -26.84375 -27.0170001983643 -26.2357501983643 -27.8129997253418 -29.2665004730225 -26.8229999542236 -29.6060009002686 -9999 -9999 -9999 -9999 -9999 -9999 -9999
-17.3824996948242 -20.4697494506836 -22.5567493438721 -23.9370002746582 -22.4697494506836 -22.8712501525879 -23.9090003967285 -27.4657497406006 -28.1117496490479 -25.9449996948242 -27.0984992980957 -27.1389999389648 -27.9387493133545 -28.4452495574951 -30.7110004425049 -26.7490005493164 -29.4147491455078 -29.2224998474121 -28.0515003204346 -27.6012496948242 -27.3892498016357 -27.6812496185303 -30.0507507324219 -29.4597492218018 -28.1555004119873 -27.9044990539551 -27.4715003967285 -28.3600006103516 -28.9745006561279 -27.6180000305176 -25.2837505340576 -26.4354991912842 -26.3780002593994 -26.7604999542236 -26.7652492523193 -26.2880001068115 -26.7714996337891 -27.2654991149902 -26.6742496490479 -25.5607490539551 -25.7442493438721 -26.7159996032715 -27.0604991912842 -27.5615005493164 -26.9912509918213 -26.47825050354 -26.1940002441406 -26.0154991149902 -25.5867500305176 -26.0639991760254 -27.1042499542236 -27.5512504577637 -28.3649997711182 -9999 -9999 -9999 -9999 -9999 -9999 -9999
-18.0697498321533 -18.9152507781982 -14.7259998321533 -19.5102500915527 -26.1567497253418 -22.1284999847412 -22.9837493896484 -24.8807506561279 -27.285249710083 -28.625 -27.6709995269775 -27.0599994659424 -27.5920009613037 -29.2805004119873 -27.3330001831055 -26.5130004882812 -29.304500579834 -27.6585006713867 -26.5629997253418 -26.0659999847412 -25.4467506408691 -24.0025005340576 -26.2602500915527 -27.0572490692139 -26.3675003051758 -25.9262504577637 -24.1272506713867 -25.0902500152588 -26.9087505340576 -28.6730003356934 -26.3889999389648 -25.1245002746582 -25.732250213623 -25.9777507781982 -26.013500213623 -26.1704998016357 -26.2797508239746 -26.2479991912842 -25.4995002746582 -25.7027492523193 -26.6792507171631 -27.4424991607666 -27.5914993286133 -26.8549995422363 -26.1747493743896 -26.1665000915527 -25.8257503509521 -26.3767509460449 -25.794750213623 -25.673999786377 -25.3367500305176 -26.2537498474121 -25.8722496032715 -25.8502502441406 -9999 -9999 -9999 -9999 -9999 -9999
