02 cropping and modelling/wc2.1_10m_bio_13.asc
NCOLS 368 
NROWS 210 
XLLCORNER 67.1666666666667 
YLLCORNER 3.5 
CELLSIZE 0.166666666666667 
NODATA_value -9999 
[rows 36 to 71 of 210, columns 246 to 327 of 368]
176 175 175 174 175 175 174 175 177 175 174 176 177 175 175 180 175 174 170 170 165 168 168 170 171 170 173 176 180 184 187 186 187 191 194 196 199 203 205 206 207 209 209 209 207 202 197 192 187 185 181 180 179 183 184 186 187 189 195 202 202 206 207 208 209 209 207 213 204 199 202 199 196 194 193 188 185 182 180 176 -9999 -9999
180 180 182 181 179 181 182 182 183 181 181 178 178 181 183 182 183 183 177 170 168 169 171 173 173 173 175 177 180 188 188 190 195 195 195 198 200 203 205 209 210 211 211 213 213 208 201 193 188 184 180 178 178 179 181 184 186 189 194 197 200 200 201 208 202 200 196 191 186 188 188 189 188 187 185 181 178 176 175 172 -9999 -9999
185 182 184 187 188 187 187 191 188 187 186 184 184 184 183 182 182 183 181 179 179 174 172 175 176 176 177 179 182 184 187 188 194 201 197 202 204 205 207 209 211 215 215 217 216 211 202 195 188 184 179 176 177 178 179 180 182 185 189 192 193 195 200 206 202 193 184 176 176 178 179 179 181 181 180 177 173 171 169 168 165 159
188 187 186 187 189 192 195 195 195 193 195 192 193 194 194 192 189 186 185 189 188 180 176 175 176 177 179 178 181 184 185 189 194 199 201 204 206 207 209 211 213 216 219 219 217 213 206 196 190 184 177 174 173 176 180 178 178 183 184 186 189 192 193 198 191 181 175 168 168 170 174 174 179 182 183 174 170 167 165 163 160 154
190 192 191 192 194 196 199 198 199 200 199 196 200 203 202 195 193 195 192 193 189 185 177 176 176 179 181 181 182 183 184 188 191 194 201 205 207 210 212 215 216 219 221 220 229 223 210 201 192 185 177 173 171 177 180 176 178 178 183 185 186 189 190 186 181 175 171 167 167 165 174 173 170 173 181 182 171 163 160 160 157 155
194 195 196 197 198 201 201 202 203 205 207 204 206 209 208 205 203 199 193 197 194 190 181 178 178 178 181 184 185 185 185 188 188 191 197 200 204 207 215 217 221 227 224 228 225 218 218 208 198 186 174 180 190 195 196 194 191 188 186 182 181 184 184 180 176 173 173 170 170 168 167 162 164 165 166 175 164 168 167 162 160 156
197 197 199 202 203 204 205 205 205 208 211 211 213 212 209 203 205 206 201 193 194 188 184 178 179 177 179 181 188 187 183 186 186 189 192 197 202 204 207 213 217 222 226 233 223 225 222 214 202 189 193 205 217 221 219 216 210 206 200 193 186 184 180 178 178 179 176 176 175 174 171 165 158 154 153 160 172 176 169 168 162 154
198 200 202 202 205 206 208 210 211 211 211 213 210 211 210 205 205 206 203 196 188 188 181 180 176 176 177 179 182 183 182 181 182 186 189 195 200 201 205 210 214 217 223 226 228 236 224 220 217 220 226 238 253 254 243 236 228 219 212 204 195 190 188 185 185 184 183 183 183 183 178 173 167 155 156 171 178 166 159 162 161 155
200 202 203 204 206 208 211 214 214 215 215 213 212 211 210 207 210 206 203 198 191 185 177 176 174 171 172 174 176 178 177 175 178 181 185 190 195 197 202 206 210 215 225 225 237 243 238 248 254 255 261 268 282 275 263 253 243 232 222 215 207 198 197 192 189 188 188 191 193 194 189 179 165 153 140 170 169 148 154 160 158 154
199 201 202 205 210 214 217 218 218 218 217 216 217 216 213 210 208 205 203 198 193 181 172 167 166 164 166 167 170 170 170 170 174 177 182 184 189 194 198 202 209 226 232 242 250 252 255 265 262 270 272 280 289 283 276 267 256 245 236 230 218 208 205 202 200 199 197 196 196 197 199 193 165 146 143 164 172 170 165 161 157 153
195 201 201 206 212 213 216 217 219 223 222 221 220 218 217 213 211 206 203 198 187 177 166 159 155 155 158 159 161 161 162 167 172 175 183 187 192 198 204 209 219 230 238 253 264 268 264 270 268 273 273 279 286 285 280 268 258 250 244 235 230 222 219 215 209 209 208 209 205 203 204 199 180 166 164 174 176 175 171 165 159 -9999
193 195 200 204 209 213 213 220 226 225 222 222 220 217 216 215 210 205 201 192 181 169 160 151 147 147 152 158 162 167 171 176 180 186 190 196 201 206 211 218 226 233 243 254 268 272 268 267 271 269 270 281 288 286 279 276 272 265 258 253 240 238 241 236 220 216 218 213 207 207 204 196 185 178 176 178 178 176 172 -9999 162 -9999
191 192 198 203 208 214 217 229 229 225 221 221 218 215 212 210 204 200 193 184 174 164 154 147 149 151 157 163 169 173 178 185 188 193 198 203 208 213 217 224 232 237 244 251 262 265 271 271 262 265 271 278 283 284 285 284 283 285 273 259 258 250 250 235 236 227 225 232 228 211 201 194 188 181 179 179 178 -9999 172 -9999 -9999 -9999
185 194 198 204 210 214 220 232 228 222 221 220 217 216 213 211 206 198 189 180 169 159 156 157 158 162 169 172 176 178 183 188 193 199 205 210 215 218 221 229 239 242 242 246 251 263 263 251 254 260 268 275 278 285 290 293 295 294 276 275 267 264 256 250 260 250 232 222 216 208 202 193 188 184 181 184 187 179 178 173 170 -9999
184 193 200 203 210 216 218 227 224 220 220 219 217 216 214 208 202 195 187 179 165 160 161 163 165 167 172 177 181 185 191 195 202 206 212 217 220 226 229 237 242 243 242 241 243 243 238 240 244 253 267 274 284 290 302 308 298 295 295 304 294 278 262 263 265 246 236 224 221 213 204 196 190 189 187 185 184 182 180 176 173 167
191 198 203 209 215 220 224 227 227 225 225 224 221 219 212 202 193 189 181 174 170 169 168 170 170 173 179 182 186 192 196 200 207 213 218 222 228 233 237 247 249 247 245 242 239 233 227 227 240 252 264 277 289 298 309 300 300 293 292 290 280 265 263 269 268 250 244 229 224 214 210 208 195 194 193 190 187 190 187 179 179 175
198 202 209 212 218 224 228 231 231 231 232 231 226 222 218 209 199 194 188 181 177 174 173 174 175 179 184 189 195 200 202 208 212 219 225 232 239 243 251 249 250 247 246 247 241 230 223 226 240 254 269 278 288 299 295 294 296 301 292 283 276 270 278 266 270 251 249 247 229 230 225 214 202 200 204 199 194 205 194 181 179 177
200 206 212 217 220 225 232 235 235 238 238 236 232 227 222 216 205 201 192 186 182 180 179 181 183 184 190 196 200 206 210 216 220 227 235 240 247 247 250 253 253 254 257 258 246 240 250 244 244 263 271 278 291 305 294 302 310 324 312 305 291 301 287 271 255 250 251 240 236 243 229 215 209 212 214 199 198 203 197 187 182 175
205 210 215 219 223 230 235 238 240 243 243 242 238 233 226 221 213 206 201 190 187 185 183 185 188 192 196 203 203 212 220 224 231 239 236 243 251 259 265 268 272 260 256 252 250 247 253 245 254 265 273 281 290 298 296 300 309 301 301 302 311 295 277 270 275 268 253 250 240 238 230 219 225 221 214 209 208 206 207 192 187 181
207 212 218 222 227 232 235 240 244 245 246 246 242 237 230 223 221 207 201 195 191 189 187 189 190 194 198 203 204 213 221 227 232 234 239 253 262 266 266 261 260 257 258 256 256 255 253 255 262 270 276 284 293 299 305 303 302 301 299 311 307 292 300 300 285 267 255 247 248 241 230 227 222 218 229 224 214 222 210 193 183 177
209 214 218 223 228 232 236 241 245 246 247 248 244 240 236 232 222 215 204 197 193 191 188 190 192 193 197 201 205 213 219 224 230 239 254 254 257 262 264 268 273 282 285 274 270 264 265 268 269 274 283 292 298 304 306 307 305 303 300 306 300 294 294 298 275 265 258 251 245 239 238 234 226 228 235 223 215 210 204 197 187 176
208 214 219 224 228 231 236 239 243 246 247 247 247 244 239 232 226 215 206 200 195 192 190 191 191 195 198 201 205 213 217 225 232 243 247 251 260 265 267 272 288 283 276 272 270 274 277 277 280 283 290 298 304 308 309 308 308 318 321 322 306 295 291 283 278 274 272 269 262 243 235 232 235 244 243 229 215 210 206 202 191 181
208 213 218 223 226 229 233 237 239 243 245 247 248 246 240 233 228 219 210 202 198 195 193 193 194 194 195 198 203 211 215 221 227 235 239 250 260 265 266 280 285 280 271 271 278 290 287 284 287 293 300 305 313 316 320 313 313 327 318 308 300 296 295 296 301 306 287 292 274 261 255 237 242 241 226 224 233 219 208 206 195 185
206 210 215 221 222 227 231 234 238 241 245 248 249 248 240 235 230 222 218 212 204 198 196 197 197 196 195 197 203 210 212 218 224 231 245 249 257 260 268 270 269 270 271 273 281 287 295 293 294 299 306 315 322 324 326 319 318 322 309 299 302 302 304 314 303 302 290 281 276 268 254 245 254 249 245 243 231 214 213 210 201 184
204 207 213 215 217 222 227 232 235 238 241 243 245 244 240 237 232 224 213 207 203 200 200 201 198 197 195 197 201 205 208 216 225 241 234 250 258 261 257 256 260 263 268 274 281 287 292 297 302 307 313 322 325 330 326 319 314 307 302 301 306 315 323 327 322 319 309 287 273 255 243 252 254 250 241 225 234 222 212 210 202 201
200 206 208 213 216 218 222 229 230 232 235 239 238 240 240 234 225 220 225 212 208 208 207 203 198 196 197 196 200 205 206 213 222 224 229 239 245 243 242 248 256 260 267 275 280 289 290 300 307 311 319 325 329 335 329 325 317 312 313 316 327 327 333 336 329 317 307 291 275 270 266 253 240 243 232 223 227 212 211 209 202 203
195 199 204 209 210 213 219 224 225 228 231 232 235 237 234 228 222 218 215 210 208 211 210 200 198 198 199 200 200 204 205 212 216 220 227 230 232 234 240 246 256 258 263 270 276 285 292 300 305 311 318 325 329 333 330 335 327 327 332 339 344 341 333 339 327 307 295 296 278 274 260 254 242 234 220 218 217 209 211 206 202 -9999
191 195 204 210 204 208 213 217 221 223 225 225 227 228 227 225 225 220 209 210 214 210 207 203 202 202 200 201 202 205 207 213 223 217 225 227 226 228 232 241 249 254 260 266 280 288 296 301 306 313 318 322 331 337 339 340 341 347 344 343 341 341 336 332 321 316 321 305 286 292 272 262 252 235 222 219 207 206 202 -9999 -9999 -9999
187 193 197 197 198 202 207 212 214 217 220 221 225 222 222 228 232 220 207 208 211 203 202 202 205 202 202 203 204 206 208 212 217 219 221 222 225 227 232 234 246 250 258 266 281 290 293 298 305 311 316 319 329 332 340 334 345 347 336 335 346 337 335 330 320 328 323 303 301 280 262 247 238 226 213 211 209 205 207 -9999 -9999 -9999
184 189 192 192 195 198 204 207 213 214 215 219 218 222 224 234 224 218 216 209 208 210 204 204 205 206 206 205 207 208 211 212 213 218 223 230 253 238 237 235 243 248 255 265 276 283 296 299 302 315 317 319 328 335 332 334 340 337 329 331 337 335 335 323 321 318 319 313 303 275 263 264 235 219 212 208 206 203 210 -9999 -9999 -9999
185 190 192 193 195 197 200 203 206 209 212 217 213 223 229 236 219 219 214 215 211 218 209 204 209 211 207 209 208 209 219 215 215 228 238 245 239 232 231 232 236 243 253 262 269 280 291 302 305 315 311 313 318 325 330 328 328 326 324 324 327 329 329 318 315 321 314 298 290 280 268 259 232 221 207 197 -9999 195 -9999 -9999 -9999 -9999
190 189 190 191 194 199 203 206 205 207 213 213 222 229 230 220 218 215 211 207 207 209 208 207 211 208 220 216 209 213 217 213 218 230 230 234 232 233 229 231 234 240 249 255 264 276 293 302 313 314 309 311 313 320 327 323 319 323 325 320 322 325 323 311 320 322 313 301 273 271 275 252 228 216 203 -9999 -9999 -9999 -9999 -9999 -9999 -9999
190 189 191 192 198 202 204 205 208 211 215 219 231 228 223 219 217 215 212 211 211 214 210 214 208 208 214 210 210 215 213 214 234 236 223 227 222 226 231 230 233 240 247 252 263 278 293 302 308 305 306 310 317 326 318 324 316 318 319 321 316 313 310 315 323 317 316 295 269 269 273 252 229 210 190 190 -9999 -9999 -9999 -9999 -9999 -9999
191 192 194 195 199 202 205 207 212 215 219 224 235 230 225 223 224 220 216 215 216 210 213 214 210 209 210 210 213 219 212 217 222 220 224 224 228 230 227 229 233 237 246 251 259 281 294 294 300 302 307 310 310 311 310 312 316 309 313 313 312 310 317 322 316 311 299 289 281 274 263 247 225 213 -9999 182 -9999 -9999 -9999 -9999 -9999 -9999
191 193 197 201 202 205 208 211 214 218 223 228 235 235 230 230 229 223 229 220 217 210 212 211 211 211 211 211 212 215 214 223 215 227 231 228 239 231 231 229 232 237 249 257 259 275 281 288 296 299 306 303 310 302 305 301 303 304 302 306 306 307 314 307 307 306 307 295 287 281 266 243 -9999 214 -9999 -9999 -9999 -9999 -9999 -9999 -9999 -9999
199 200 198 204 206 208 211 218 220 225 230 232 236 241 244 236 233 245 235 221 214 212 215 214 212 213 213 213 214 218 218 216 218 228 229 257 243 229 228 227 234 243 255 264 263 271 277 280 292 292 300 298 302 296 301 295 299 292 295 296 294 296 297 295 299 295 292 291 283 276 259 240 221 213 -9999 -9999 -9999 -9999 -9999 -9999 -9999 -9999
