02 cropping and modelling/wc2.1_10m_bio_9.asc
NCOLS 368 
NROWS 210 
XLLCORNER 67.1666666666667 
YLLCORNER 3.5 
CELLSIZE 0.166666666666667 
NODATA_value -9999 
[rows 81 to 107 of 210, columns 60 to 119 of 368]
-9999 -9999 -9999 -9999 -9999 -9999 25.1819591522217 30.456958770752 30.4662075042725 30.3959999084473 30.3862915039062 30.4604167938232 30.3185424804688 30.0579986572266 29.8537082672119 30.1744995117188 30.4557495117188 30.7754993438721 30.6725006103516 30.2082920074463 29.8438339233398 29.6910400390625 29.6295833587646 29.6280403137207 29.9914169311523 30.5130004882812 30.1354999542236 30.0526676177979 30.6357078552246 30.4495830535889 30.3646659851074 30.2481250762939 30.0474586486816 29.9986667633057 29.9722499847412 29.9495830535889 29.943000793457 25.5494155883789 25.6902084350586 25.8855419158936 25.8093338012695 25.8248329162598 25.9019584655762 25.7786655426025 25.7671661376953 25.6991672515869 25.5914573669434 25.4772071838379 25.6892910003662 25.5248756408691 25.425708770752 25.5942916870117 25.5712928771973 25.5120429992676 25.7546253204346 19.2513332366943 19.2870407104492 19.2983341217041 19.3154582977295 19.2532501220703
-9999 -9999 -9999 -9999 -9999 -9999 -9999 -9999 30.4187088012695 30.3213329315186 30.2566661834717 30.1849594116211 30.2827091217041 30.0850410461426 29.882791519165 30.1727905273438 30.2748336791992 30.0394592285156 29.609582901001 29.7200412750244 29.7472076416016 29.8489589691162 29.8816680908203 29.859001159668 29.9306259155273 29.7889575958252 29.6496658325195 29.574125289917 29.50608253479 29.4832496643066 30.064208984375 30.3191661834717 30.0671672821045 29.7161254882812 29.4706249237061 29.4187088012695 29.4421253204346 29.4308738708496 29.1660423278809 29.3743343353271 29.3781242370605 25.8495006561279 25.9116668701172 25.9372501373291 25.9617500305176 25.83762550354 25.6854591369629 25.703332901001 25.6881256103516 25.5629577636719 25.3945007324219 25.2584171295166 18.3702087402344 18.6567916870117 25.8286247253418 19.0943756103516 19.0090827941895 19.2000427246094 19.3664588928223 19.3335418701172
-9999 -9999 -9999 -9999 -9999 -9999 -9999 -9999 -9999 30.2975006103516 30.2275829315186 30.2869167327881 30.1728744506836 29.8881244659424 29.8140411376953 30.0453758239746 29.8011665344238 29.6999588012695 29.9858741760254 29.9522914886475 29.9363746643066 30.0019989013672 30.1302509307861 29.9919586181641 29.9132499694824 29.7980842590332 29.7289581298828 29.6468753814697 29.700834274292 29.9323749542236 30.1900844573975 30.1985416412354 30.1158332824707 30.2175827026367 30.1100006103516 29.6290416717529 29.2142906188965 29.2091674804688 29.1067085266113 29.2900829315186 30.0515422821045 30.3809986114502 30.3755416870117 30.2396240234375 30.132625579834 25.8274173736572 25.7275009155273 25.7356662750244 25.607250213623 18.3931255340576 18.0090408325195 17.9937915802002 18.5165405273438 18.3975830078125 18.7780838012695 18.7500419616699 18.9455833435059 19.1082077026367 19.2577075958252 19.2438335418701
-9999 -9999 -9999 -9999 -9999 -9999 -9999 -9999 -9999 -9999 -9999 30.0794162750244 30.0338325500488 29.7499160766602 29.777458190918 29.9087505340576 30.3149166107178 30.2960414886475 30.2040004730225 30.043083190918 29.4605407714844 29.7719573974609 30.0205841064453 30.0219573974609 29.9103336334229 29.8607501983643 30.0801658630371 30.1989593505859 30.0957908630371 30.1003341674805 30.1770420074463 29.675666809082 29.7227096557617 30.0030422210693 30.2071666717529 30.189208984375 30.1966667175293 30.1874160766602 30.0956249237061 30.3600826263428 18.673957824707 18.5434589385986 30.0402088165283 29.9503746032715 25.6300010681152 25.738000869751 18.5574169158936 18.2302913665771 17.9489574432373 18.0703754425049 18.144250869751 18.2345428466797 18.4017505645752 18.4650001525879 18.6137504577637 18.8410835266113 19.1525421142578 19.2073745727539 19.2673740386963 19.4686660766602
-9999 -9999 -9999 -9999 -9999 -9999 -9999 -9999 -9999 -9999 -9999 -9999 29.8630828857422 29.8720836639404 30.2757911682129 30.4585418701172 30.3822078704834 30.280876159668 30.216251373291 29.847583770752 29.2981662750244 29.8989162445068 29.9859580993652 29.894458770752 29.7224998474121 30.1248760223389 29.9591674804688 29.7261257171631 29.8148326873779 29.8522090911865 29.8006248474121 29.5565414428711 29.4784164428711 29.7038326263428 29.593542098999 29.7019577026367 29.9702491760254 29.7978744506836 29.8930835723877 18.7600841522217 18.7961673736572 18.4398326873779 18.2824592590332 18.1185417175293 18.0659160614014 18.0763339996338 17.8296241760254 17.7527503967285 17.8814582824707 17.9954586029053 18.289041519165 18.5120410919189 18.7495422363281 18.8346672058105 18.8313751220703 18.9712085723877 19.3295421600342 19.4498748779297 19.4261245727539 19.6446666717529
-9999 -9999 -9999 -9999 -9999 -9999 -9999 -9999 -9999 -9999 -9999 -9999 -9999 -9999 30.5652503967285 30.5147495269775 30.0348320007324 30.2017078399658 30.2031669616699 30.2287502288818 29.7831249237061 30.0723342895508 30.1236248016357 29.9855003356934 29.691499710083 30.0497493743896 29.8432083129883 29.5343322753906 29.8992500305176 29.7395839691162 29.5369987487793 29.5223751068115 29.8978328704834 29.3394584655762 29.3158321380615 29.5281658172607 18.3309993743896 29.6103324890137 29.5093326568604 18.4042091369629 18.6864166259766 18.7923755645752 18.6741676330566 18.3123340606689 17.9672508239746 17.5515003204346 17.4176254272461 17.3372917175293 17.2162914276123 17.3203754425049 17.5004997253418 18.1920413970947 18.8020420074463 18.7948741912842 19.0659160614014 19.3308753967285 19.4577922821045 19.6294574737549 19.6538753509521 19.8046245574951
-9999 -9999 -9999 -9999 -9999 -9999 -9999 -9999 -9999 -9999 -9999 -9999 -9999 -9999 -9999 30.5540428161621 30.0212078094482 29.953540802002 30.0568332672119 30.1097087860107 30.1476669311523 30.1991672515869 30.1215000152588 30.0560417175293 30.0457077026367 29.968334197998 29.8386249542236 29.3577079772949 29.2462501525879 28.8117923736572 29.3952903747559 29.0319156646729 29.9562492370605 29.8402919769287 17.9344158172607 29.1597080230713 17.8860836029053 17.6906661987305 17.5634155273438 17.6592502593994 17.9773750305176 18.2551250457764 18.3596668243408 17.9691677093506 17.660083770752 17.5345420837402 17.4798755645752 17.5716247558594 17.4591674804688 17.5539588928223 17.5437507629395 18.2605838775635 18.7492504119873 18.8259162902832 18.9607086181641 19.2623329162598 19.6518325805664 19.8790416717529 19.9362087249756 20.0270004272461
-9999 -9999 -9999 -9999 -9999 -9999 -9999 -9999 -9999 -9999 -9999 -9999 -9999 -9999 -9999 -9999 29.8304176330566 29.6593341827393 29.9254169464111 29.9338760375977 29.9842090606689 30.1429595947266 29.7212905883789 29.8504581451416 30.2200832366943 29.8083343505859 29.7752494812012 29.5537910461426 29.0676670074463 28.6269588470459 28.6670837402344 28.238000869751 17.251916885376 17.9777507781982 17.6890830993652 17.5550422668457 17.4456253051758 17.3345413208008 17.6608753204346 17.6754589080811 17.6710414886475 17.7840003967285 17.699291229248 17.8796672821045 18.1060829162598 17.6487083435059 17.8735408782959 18.0015830993652 18.1308326721191 18.4874992370605 18.7672920227051 18.8759994506836 19.1856670379639 19.4637508392334 19.6141662597656 19.8659591674805 19.753791809082 20.0655403137207 20.1020412445068 20.1918754577637
-9999 -9999 -9999 -9999 -9999 -9999 -9999 -9999 -9999 -9999 -9999 -9999 -9999 -9999 -9999 -9999 -9999 29.9043750762939 29.7299575805664 29.4593334197998 29.8715000152588 29.8795013427734 29.7037506103516 29.6709995269775 30.0499172210693 29.8504161834717 29.4592094421387 29.2312507629395 28.5974178314209 27.853832244873 16.5517501831055 16.5406665802002 16.6709995269775 17.3797073364258 17.2422904968262 17.3315830230713 17.1630840301514 16.9442920684814 16.8613758087158 17.4124164581299 16.6685829162598 16.8162498474121 16.6540832519531 16.8436660766602 16.6996669769287 17.2421245574951 17.3024578094482 17.4741668701172 17.8787498474121 18.1287498474121 18.7514171600342 18.9407920837402 18.8862075805664 19.5556259155273 19.7465419769287 19.9289169311523 19.9959163665771 19.9914588928223 20.1222915649414 20.2619171142578
-9999 -9999 -9999 -9999 -9999 -9999 -9999 -9999 -9999 -9999 -9999 -9999 -9999 -9999 -9999 -9999 -9999 -9999 29.9194583892822 29.7282085418701 29.6336250305176 29.4056243896484 29.8752918243408 29.9226264953613 29.8782920837402 30.0683326721191 18.3969573974609 18.130916595459 17.7259578704834 17.5487499237061 17.0559158325195 16.9081249237061 17.1124572753906 17.7087078094482 17.652624130249 17.6200008392334 17.3101673126221 17.0343322753906 16.2292499542236 16.2059993743896 15.3512916564941 16.6342506408691 16.158332824707 16.5247917175293 16.8628749847412 17.4376258850098 17.335916519165 17.2819995880127 17.5573749542236 17.8720836639404 18.1420421600342 18.8035411834717 19.1882495880127 19.5144157409668 19.8367080688477 19.9751663208008 19.9938735961914 20.1255836486816 20.2106666564941 20.2332077026367
-9999 -9999 -9999 -9999 -9999 -9999 -9999 -9999 -9999 -9999 -9999 -9999 -9999 -9999 -9999 -9999 -9999 -9999 -9999 29.5338745117188 29.3670425415039 28.9114589691162 17.1971244812012 17.5418338775635 17.9058742523193 18.5795001983643 18.6901245117188 18.4673748016357 18.3708744049072 18.3873748779297 18.4102077484131 18.0192489624023 18.119291305542 18.0051250457764 18.015209197998 17.7705841064453 17.4912071228027 17.1357917785645 16.4929161071777 16.0809173583984 16.1430835723877 16.4001655578613 16.3217506408691 17.0450839996338 17.8477916717529 17.7987079620361 17.6559162139893 17.5114994049072 17.7782497406006 18.0307083129883 19.0058326721191 19.6865825653076 19.6642074584961 18.8987503051758 19.6995410919189 20.0849590301514 20.0721244812012 20.2089996337891 20.3633327484131 20.4724578857422
-9999 -9999 -9999 -9999 -9999 -9999 -9999 -9999 -9999 -9999 -9999 -9999 -9999 -9999 -9999 -9999 -9999 -9999 -9999 -9999 17.5900840759277 17.5988750457764 17.3880844116211 16.6207084655762 17.1706256866455 17.8465003967285 18.1273746490479 18.5170001983643 18.6394996643066 18.593542098999 18.9769592285156 18.8192501068115 18.7651252746582 18.3535423278809 18.0912494659424 17.9046249389648 17.3862075805664 17.0502490997314 16.0445423126221 16.0629997253418 16.1787910461426 16.374792098999 17.2459163665771 16.9858741760254 18.0560836791992 18.1696243286133 18.2371654510498 18.2465839385986 18.1956672668457 18.3196678161621 19.3221664428711 19.7921657562256 19.9602508544922 19.7916660308838 19.8307495117188 20.0610008239746 20.1788749694824 20.2825412750244 20.4161243438721 20.4309997558594
-9999 -9999 -9999 -9999 -9999 -9999 -9999 -9999 -9999 -9999 -9999 -9999 -9999 -9999 -9999 -9999 -9999 -9999 -9999 -9999 -9999 17.8228340148926 17.6780834197998 17.6399173736572 17.5951671600342 17.4762496948242 16.9794578552246 17.761791229248 18.5559577941895 18.5572490692139 18.9274997711182 19.1716251373291 19.1298751831055 18.4244155883789 18.1490840911865 17.6778755187988 17.0119571685791 17.3181247711182 17.619291305542 17.8336658477783 17.4129581451416 16.9231662750244 17.396333694458 17.6981658935547 18.0418758392334 18.4584999084473 18.4968757629395 18.6147079467773 18.250415802002 18.2545833587646 18.6905841827393 18.9768753051758 19.3057079315186 19.8827095031738 19.4699592590332 19.8147926330566 20.1147079467773 20.283166885376 20.5036239624023 20.5463333129883
-9999 -9999 -9999 -9999 -9999 -9999 -9999 -9999 -9999 -9999 -9999 -9999 -9999 -9999 -9999 -9999 -9999 -9999 -9999 -9999 -9999 -9999 17.8321666717529 17.4158325195312 17.1603336334229 17.5379161834717 17.3973331451416 16.976749420166 18.5259170532227 18.4888324737549 18.6525001525879 19.1281242370605 19.1668758392334 18.7192916870117 18.1771659851074 17.3980827331543 17.2007503509521 17.9081249237061 18.4368743896484 18.3940410614014 19.0353755950928 18.4183330535889 18.5568752288818 18.8390007019043 18.7194156646729 18.5996246337891 18.7188758850098 18.7927494049072 18.6485004425049 18.3549156188965 19.5582084655762 20.0362491607666 20.1670417785645 20.3568344116211 20.2481670379639 20.0444583892822 19.7589168548584 20.1480827331543 20.6740837097168 20.5335006713867
-9999 -9999 -9999 -9999 -9999 -9999 -9999 -9999 -9999 -9999 -9999 -9999 -9999 -9999 -9999 -9999 -9999 -9999 -9999 -9999 -9999 -9999 -9999 17.6932926177979 17.0477924346924 16.7338333129883 17.0288333892822 17.9711246490479 18.7879161834717 18.8234157562256 18.2174587249756 18.9038753509521 19.7024993896484 18.7175407409668 18.2348747253418 19.2262077331543 19.148624420166 18.878791809082 18.8901252746582 19.3072509765625 19.5263328552246 19.0965824127197 19.548583984375 19.6141242980957 19.3034992218018 19.0102081298828 19.2646675109863 19.3062076568604 19.1909580230713 19.2704582214355 19.4615001678467 19.8051662445068 20.2477493286133 20.1911659240723 20.1162910461426 20.1458320617676 20.4771251678467 20.6245422363281 20.7246246337891 20.738208770752
-9999 -9999 -9999 -9999 -9999 -9999 -9999 -9999 -9999 -9999 -9999 -9999 -9999 -9999 -9999 -9999 -9999 -9999 -9999 -9999 -9999 -9999 -9999 17.4733333587646 18.3174991607666 18.7653331756592 19.4145832061768 18.9215831756592 18.9835834503174 19.9182510375977 19.814208984375 19.9783325195312 20.5003757476807 20.1655826568604 19.4615421295166 20.039083480835 19.7818756103516 19.2612075805664 19.0624580383301 19.6194591522217 19.9017086029053 19.7638740539551 19.766040802002 20.0290832519531 20.1132507324219 20.0014591217041 20.2527503967285 19.9466667175293 19.5908756256104 18.9951248168945 18.9385833740234 19.7998332977295 20.1127071380615 20.0458755493164 19.5356674194336 20.1447086334229 20.5699577331543 20.740291595459 20.7500419616699 20.8765411376953
-9999 -9999 -9999 -9999 -9999 -9999 -9999 -9999 -9999 -9999 -9999 -9999 -9999 -9999 -9999 -9999 -9999 -9999 -9999 -9999 -9999 -9999 -9999 -9999 19.6230010986328 19.9866676330566 20.1816673278809 20.2648754119873 20.3153324127197 20.5128746032715 20.6036243438721 20.3082084655762 20.7771663665771 20.636417388916 20.2368755340576 20.4103755950928 19.9957504272461 20.0987491607666 19.4909992218018 19.6122093200684 19.9948749542236 20.4217491149902 20.1687927246094 20.3500843048096 20.5542907714844 20.5128746032715 20.4930000305176 19.7285423278809 18.8389587402344 18.8042907714844 19.0104999542236 19.1655006408691 19.3794574737549 19.9733753204346 19.6697082519531 19.5988750457764 20.8863754272461 21.0995006561279 21.0716667175293 21.1809158325195
-9999 -9999 -9999 -9999 -9999 -9999 -9999 -9999 -9999 -9999 -9999 -9999 -9999 -9999 -9999 -9999 -9999 -9999 -9999 -9999 -9999 -9999 -9999 -9999 20.1903743743896 20.3535842895508 20.5250415802002 20.5030002593994 20.6714172363281 20.8659591674805 20.8501243591309 20.8950004577637 20.952917098999 20.9578742980957 20.8861675262451 20.8931255340576 20.6410827636719 20.6096248626709 20.3647918701172 20.3494167327881 20.7264595031738 20.6863327026367 20.6169586181641 20.0312919616699 19.5144157409668 19.8262920379639 20.1700839996338 19.2589168548584 18.3548336029053 18.7980842590332 19.3486671447754 19.538875579834 19.3990001678467 19.5459175109863 19.2591667175293 19.7294578552246 20.8723754882812 21.0761241912842 20.9976253509521 21.1003742218018
-9999 -9999 -9999 -9999 -9999 -9999 -9999 -9999 -9999 -9999 -9999 -9999 -9999 -9999 -9999 -9999 -9999 -9999 -9999 -9999 -9999 -9999 -9999 -9999 20.4254589080811 20.5514583587646 20.7147083282471 20.7185001373291 20.8150424957275 21.0268745422363 20.9715824127197 21.0658760070801 21.08424949646 21.2371673583984 21.1862087249756 21.2016258239746 21.2426662445068 21.117582321167 20.6359176635742 20.4254589080811 20.960916519165 21.0706672668457 20.8104991912842 20.3227081298828 19.168083190918 19.726749420166 20.5363330841064 19.5121250152588 18.2060413360596 18.6234169006348 19.527458190918 19.775749206543 19.7070407867432 19.1677913665771 17.5687503814697 17.3791675567627 19.7868328094482 21.1746253967285 21.2426662445068 21.3198337554932
-9999 -9999 -9999 -9999 -9999 -9999 -9999 -9999 -9999 -9999 -9999 -9999 -9999 -9999 -9999 -9999 -9999 -9999 -9999 -9999 -9999 -9999 -9999 -9999 20.6124591827393 20.6732921600342 20.8768329620361 20.8861255645752 21.0351657867432 21.1576251983643 21.2032089233398 21.1668338775635 21.2001667022705 21.3584575653076 21.379207611084 21.3969173431396 21.3633327484131 21.4224166870117 21.3390007019043 20.962833404541 21.2247505187988 20.9050006866455 20.839542388916 20.5774574279785 19.7678756713867 19.8893337249756 20.8011245727539 19.6418743133545 18.0709171295166 18.6762504577637 19.5528755187988 19.937915802002 19.9735832214355 19.1622505187988 16.9280834197998 17.3033332824707 20.7955417633057 21.2701663970947 21.2923755645752 21.4537925720215
-9999 -9999 -9999 -9999 -9999 -9999 -9999 -9999 -9999 -9999 -9999 -9999 -9999 -9999 -9999 -9999 -9999 -9999 -9999 -9999 -9999 -9999 -9999 -9999 -9999 20.8791656494141 20.9468746185303 21.1032085418701 21.1942081451416 21.0151252746582 21.0279998779297 21.2067089080811 20.968957901001 21.0722503662109 21.2738761901855 21.3122081756592 21.2810821533203 21.3398761749268 20.8781661987305 21.0517501831055 21.2985420227051 20.9614582061768 20.420166015625 20.2487506866455 19.9219589233398 20.0911254882812 20.7739162445068 20.2942504882812 19.2667083740234 18.5960006713867 18.886999130249 19.8187503814697 20.2519989013672 19.9294586181641 18.3035831451416 19.2889575958252 21.3467502593994 21.4209575653076 21.5323753356934 21.4633941650391
-9999 -9999 -9999 -9999 -9999 -9999 -9999 -9999 -9999 -9999 -9999 -9999 -9999 -9999 -9999 -9999 -9999 -9999 -9999 -9999 -9999 -9999 -9999 -9999 -9999 21.0591659545898 21.0369987487793 21.0443744659424 21.1208343505859 20.9475002288818 21.0705413818359 20.5457916259766 20.5894584655762 20.9264163970947 21.0608329772949 21.1702919006348 21.1107082366943 21.293041229248 21.3662490844727 21.228874206543 21.2106246948242 20.8709583282471 20.4952907562256 19.5432910919189 20.4253330230713 20.8924579620361 21.3950004577637 21.2352905273438 20.5496253967285 20.2263336181641 19.1175422668457 19.8247909545898 20.2185840606689 20.371208190918 20.3366241455078 20.6825408935547 20.6590003967285 21.3105411529541 21.5225028991699 21.4886112213135
-9999 -9999 -9999 -9999 -9999 -9999 -9999 -9999 -9999 -9999 -9999 -9999 -9999 -9999 -9999 -9999 -9999 -9999 -9999 -9999 -9999 -9999 -9999 -9999 -9999 21.1632499694824 21.2146244049072 21.1920413970947 20.9568748474121 21.148416519165 21.013334274292 20.8607501983643 21.0692081451416 21.1048755645752 21.3476676940918 21.3814163208008 21.1507911682129 21.4116249084473 21.361291885376 21.304500579834 21.1406669616699 20.7108325958252 20.3505840301514 20.5121250152588 20.7321662902832 20.9325008392334 21.1609172821045 21.3940410614014 21.1096248626709 20.7780838012695 20.1170845031738 19.5064163208008 20.6222496032715 21.3541240692139 21.234790802002 21.5414581298828 21.6536674499512 21.6161613464355 21.6294269561768 -9999
-9999 -9999 -9999 -9999 -9999 -9999 -9999 -9999 -9999 -9999 -9999 -9999 -9999 -9999 -9999 -9999 -9999 -9999 -9999 -9999 -9999 -9999 -9999 -9999 -9999 20.9136657714844 20.9267082214355 21.1675834655762 21.0890407562256 21.1870422363281 20.9477920532227 20.9999160766602 21.0697917938232 21.0964164733887 21.3430423736572 21.3143749237061 21.3802089691162 21.5673751831055 21.4272918701172 21.3985004425049 21.0454578399658 20.9604587554932 20.863166809082 20.7165412902832 20.2032089233398 20.767749786377 21.4122924804688 21.5023326873779 21.2924575805664 21.0279998779297 21.0911254882812 20.3527088165283 20.9505424499512 21.7840423583984 21.7847919464111 21.7506675720215 21.7132091522217 21.7379322052002 21.8532619476318 -9999
-9999 -9999 -9999 -9999 -9999 -9999 -9999 -9999 -9999 -9999 -9999 -9999 -9999 -9999 -9999 -9999 -9999 -9999 -9999 -9999 -9999 -9999 -9999 -9999 -9999 20.777458190918 20.8544578552246 20.9646663665771 21.0593338012695 21.029541015625 20.6878337860107 20.849458694458 21.1284580230713 20.9539585113525 20.5871257781982 21.1963329315186 21.3612079620361 21.554708480835 21.5218334197998 21.5831241607666 21.732666015625 21.8072490692139 21.597583770752 21.4310836791992 21.0592079162598 20.6384582519531 21.088207244873 21.5978755950928 21.8412094116211 21.4845409393311 21.6849994659424 21.8507080078125 21.9731674194336 22.0130004882812 21.8686256408691 21.7691669464111 21.7764587402344 21.7942924499512 21.8822708129883 -9999
-9999 -9999 -9999 -9999 -9999 -9999 -9999 -9999 -9999 -9999 -9999 -9999 -9999 -9999 -9999 -9999 -9999 -9999 -9999 -9999 -9999 -9999 -9999 -9999 -9999 -9999 20.8921241760254 21.0354995727539 20.9974174499512 20.5837078094482 20.603666305542 20.648458480835 20.939582824707 20.88454246521 21.0651245117188 21.2954177856445 21.407958984375 21.4674587249756 21.7457084655762 21.8400001525879 21.7967491149902 21.6458740234375 21.4353332519531 21.7662925720215 20.8921661376953 20.489917755127 20.4316673278809 21.5270824432373 21.7229156494141 21.800708770752 21.9858741760254 21.6405830383301 21.5863742828369 22.0692501068115 21.8459167480469 21.8476257324219 21.8544158935547 21.908784866333 21.8437957763672 22.1650009155273
-9999 -9999 -9999 -9999 -9999 -9999 -9999 -9999 -9999 -9999 -9999 -9999 -9999 -9999 -9999 -9999 -9999 -9999 -9999 -9999 -9999 -9999 -9999 -9999 -9999 -9999 20.8552494049072 20.5717506408691 20.2093334197998 20.3735008239746 20.3639583587646 19.4820003509521 20.8916244506836 20.9589157104492 21.2482509613037 21.3594169616699 21.2190837860107 21.4374580383301 21.6765003204346 21.4153327941895 20.3531246185303 20.0694580078125 19.7813339233398 20.5831661224365 21.1371669769287 20.8699989318848 20.7684993743896 20.5119590759277 20.8442497253418 21.5236663818359 21.8346252441406 21.6766242980957 21.9530410766602 22.0704574584961 21.9955005645752 21.9264583587646 21.9423332214355 22.0765151977539 21.9452381134033 -9999
