02 cropping and modelling/wc2.1_10m_bio_5.asc
NCOLS 368 
NROWS 210 
XLLCORNER 67.1666666666667 
YLLCORNER 3.5 
CELLSIZE 0.166666666666667 
NODATA_value -9999 
[rows 0 to 26 of 210, columns 60 to 119 of 368]
-9999 -9999 -9999 -9999 -9999 -9999 -9999 -9999 -9999 -9999 -9999 -9999 -9999 -9999 -9999 -9999 -9999 -9999 -9999 -9999 -9999 -9999 -9999 -9999 -9999 -9999 -9999 -9999 -9999 -9999 -9999 -9999 -9999 -9999 -9999 -9999 -9999 -9999 -9999 -9999 -9999 -9999 -9999 -9999 -9999 -9999 -9999 -9999 -9999 -9999 -9999 -9999 -9999 -9999 -9999 -9999 -9999 -9999 -9999 -9999
32.8800010681152 33.273250579834 35.2919998168945 35.8400001525879 35.9112510681152 35.8122482299805 35.6259994506836 -9999 -9999 -9999 -9999 -9999 -9999 -9999 -9999 -9999 -9999 -9999 -9999 -9999 -9999 -9999 -9999 -9999 -9999 -9999 -9999 -9999 -9999 -9999 -9999 -9999 -9999 -9999 -9999 -9999 -9999 -9999 -9999 -9999 -9999 -9999 -9999 -9999 -9999 -9999 -9999 -9999 -9999 -9999 -9999 -9999 -9999 -9999 -9999 -9999 -9999 -9999 -9999 -9999
33.0485000610352 33.1165008544922 35.1829986572266 35.8605003356934 35.8637504577637 35.739501953125 35.5127487182617 35.3562507629395 35.2902488708496 35.3880004882812 35.3607521057129 35.3154983520508 35.2337493896484 35.1310005187988 35.0849990844727 35.0032501220703 -9999 -9999 -9999 -9999 -9999 -9999 -9999 -9999 -9999 -9999 -9999 -9999 -9999 -9999 -9999 -9999 -9999 -9999 -9999 -9999 -9999 -9999 -9999 -9999 -9999 -9999 -9999 -9999 -9999 -9999 -9999 -9999 -9999 -9999 -9999 -9999 -9999 -9999 -9999 -9999 -9999 -9999 -9999 -9999
33.4345016479492 32.5652503967285 33.911750793457 35.5419998168945 35.6389999389648 35.5727500915527 35.3707504272461 35.2557487487793 35.2265014648438 35.2997512817383 35.3002510070801 35.3019981384277 35.3014984130859 35.1459999084473 35.0534973144531 35.015998840332 34.9997482299805 35.036750793457 35.0187492370605 34.6245002746582 35.1324996948242 -9999 -9999 -9999 -9999 -9999 -9999 -9999 -9999 -9999 -9999 -9999 -9999 -9999 -9999 -9999 -9999 -9999 -9999 -9999 -9999 -9999 -9999 -9999 -9999 -9999 -9999 -9999 -9999 -9999 -9999 -9999 -9999 -9999 -9999 -9999 -9999 -9999 -9999 -9999
33.3657493591309 33.3624992370605 34.1302490234375 34.8255004882812 35.0795021057129 35.15625 34.9095001220703 34.8872489929199 35.1612510681152 35.1962509155273 35.193000793457 35.2809982299805 35.3745002746582 35.1812515258789 35.0187492370605 34.9900016784668 35.0112495422363 34.7577514648438 34.5714988708496 34.1677513122559 35.1682510375977 35.2470016479492 35.3289985656738 35.333251953125 35.388500213623 -9999 -9999 -9999 -9999 -9999 -9999 -9999 -9999 -9999 -9999 -9999 -9999 -9999 -9999 -9999 -9999 -9999 -9999 -9999 -9999 -9999 -9999 -9999 -9999 -9999 -9999 -9999 -9999 -9999 -9999 -9999 -9999 -9999 -9999 -9999
33.1360015869141 32.8487510681152 32.8332481384277 33.0477485656738 33.1829986572266 33.8672485351562 33.8242492675781 34.395751953125 34.8465003967285 35.1749992370605 35.185001373291 35.3279991149902 35.4680023193359 35.2302513122559 34.6289978027344 34.8769989013672 34.5537490844727 34.0579986572266 33.9085006713867 34.877498626709 35.1294975280762 35.1389999389648 35.148998260498 35.1627502441406 35.2174987792969 35.2065010070801 35.2537498474121 35.2104988098145 -9999 -9999 -9999 -9999 -9999 -9999 -9999 -9999 -9999 -9999 -9999 -9999 -9999 -9999 -9999 -9999 -9999 -9999 -9999 -9999 -9999 -9999 -9999 -9999 -9999 -9999 -9999 -9999 -9999 -9999 -9999 -9999
30.7922496795654 31.0750007629395 32.1592483520508 32.1432495117188 31.8050003051758 32.3764991760254 33.2317504882812 34.0987510681152 33.7222518920898 34.3427505493164 34.955249786377 35.1030006408691 35.132251739502 34.4729995727539 32.8787498474121 33.3474998474121 33.9654998779297 34.3190002441406 35.0042495727539 35.0415000915527 35.1319999694824 35.072998046875 34.9962501525879 35.0162506103516 35.0627479553223 34.9982490539551 35.0597496032715 34.9220008850098 34.8482513427734 34.8602523803711 34.841251373291 -9999 -9999 -9999 -9999 -9999 -9999 -9999 -9999 -9999 -9999 -9999 -9999 -9999 -9999 -9999 -9999 -9999 -9999 -9999 -9999 -9999 -9999 -9999 -9999 -9999 -9999 -9999 -9999 -9999
28.0562496185303 28.0114994049072 28.5242500305176 28.3854999542236 29.7507495880127 31.0732498168945 30.9927501678467 31.5892505645752 32.6349983215332 33.7410011291504 34.0279998779297 33.992748260498 34.0482482910156 34.3657493591309 32.4495010375977 32.0164985656738 33.4474983215332 34.5772514343262 34.4449996948242 34.7589988708496 34.9335021972656 34.9737510681152 34.8894996643066 34.9755020141602 34.9934997558594 34.9787483215332 34.8930015563965 34.8342514038086 34.7630004882812 34.7825012207031 34.773250579834 34.8134994506836 35.0052490234375 -9999 -9999 -9999 -9999 -9999 -9999 -9999 -9999 -9999 -9999 -9999 -9999 -9999 -9999 -9999 -9999 -9999 -9999 -9999 -9999 -9999 -9999 -9999 -9999 -9999 -9999 -9999
22.0292491912842 24.1352500915527 22.2259998321533 23.293249130249 24.3075008392334 25.4257507324219 26.5795001983643 27.7894992828369 29.4292507171631 29.6429996490479 30.9737491607666 30.9174995422363 31.068000793457 32.4905014038086 33.111499786377 32.1187515258789 32.0335006713867 32.1457481384277 32.9677505493164 34.1450004577637 34.6417503356934 34.1184997558594 33.7625007629395 33.6780014038086 33.9884986877441 34.4737510681152 34.2547492980957 34.6744995117188 34.757251739502 34.6744995117188 34.6892509460449 34.7835006713867 34.5364990234375 33.6167488098145 34.2794990539551 -9999 -9999 -9999 -9999 -9999 -9999 -9999 -9999 -9999 -9999 -9999 -9999 -9999 -9999 -9999 -9999 -9999 -9999 -9999 -9999 -9999 -9999 -9999 -9999 -9999
17.2625007629395 21.0074996948242 19.3990001678467 18.2937507629395 19.3799991607666 16.5254993438721 22.0752506256104 22.5687503814697 23.5207500457764 24.8684997558594 25.9615001678467 27.8367500305176 28.6647491455078 30.4640007019043 31.1982498168945 31.4890003204346 32.1319999694824 32.0732498168945 32.7747497558594 33.6004981994629 33.8152503967285 33.4562492370605 33.6012496948242 33.5297508239746 33.4804992675781 32.9812507629395 32.5092506408691 34.0242500305176 34.2137489318848 34.3242492675781 33.9109992980957 33.6894989013672 32.9589996337891 32.7307510375977 32.7352485656738 31.9739990234375 31.4829998016357 -9999 -9999 -9999 -9999 -9999 -9999 -9999 -9999 -9999 -9999 -9999 -9999 -9999 -9999 -9999 -9999 -9999 -9999 -9999 -9999 -9999 -9999 -9999
15.7007503509521 16.1860008239746 15.5775003433228 11.1459999084473 13.1949996948242 13.5974998474121 16.8792495727539 12.1277503967285 16.5090007781982 19.480749130249 21.5540008544922 23.8912506103516 25.8817501068115 27.5014991760254 26.9379997253418 27.4064998626709 29.5049991607666 28.33424949646 28.9707508087158 30.8430004119873 31.5694999694824 32.056999206543 32.9785003662109 33.3479995727539 33.6399993896484 33.5584983825684 32.6862487792969 33.786750793457 33.0537490844727 32.5812492370605 31.6025009155273 31.0510005950928 30.4654998779297 30.2252502441406 29.9017505645752 29.2310009002686 28.3697490692139 26.5637493133545 -9999 -9999 -9999 -9999 -9999 -9999 -9999 -9999 -9999 -9999 -9999 -9999 -9999 -9999 -9999 -9999 -9999 -9999 -9999 -9999 -9999 -9999
10.6237497329712 8.73274993896484 8.60575008392334 10.2690000534058 13.1044998168945 15.2014999389648 16.4974994659424 15.9879999160767 19.6674995422363 21.1280002593994 23.1685009002686 26.2875003814697 25.3712501525879 25.6627502441406 25.2247505187988 26.3605003356934 27.5995006561279 21.3497505187988 18.0825004577637 21.2775001525879 27.8239994049072 30.7562503814697 32.1754989624023 32.5610008239746 32.8139991760254 32.5084991455078 32.3917503356934 32.2637481689453 30.7285003662109 29.2262496948242 26.8920001983643 23.6079998016357 22.7889995574951 24.2255001068115 22.9627494812012 21.6472492218018 20.2084999084473 17.6924991607666 18.2162494659424 17.1742496490479 -9999 -9999 -9999 -9999 -9999 -9999 -9999 -9999 -9999 -9999 -9999 -9999 -9999 -9999 -9999 -9999 -9999 -9999 -9999 -9999
14.232250213623 14.0465002059937 11.1204996109009 13.3532495498657 16.1809997558594 14.5877504348755 11.0209999084473 15.0909996032715 15.1940002441406 11.2462501525879 16.8017501831055 21.242000579834 20.2247505187988 16.6932506561279 20.168249130249 23.8320007324219 25.7317504882812 25.1585006713867 20.2857494354248 21.9930000305176 27.8264999389648 29.019250869751 30.7875003814697 31.2572498321533 31.1447505950928 30.4657497406006 28.5477504730225 28.3712501525879 25.6807498931885 20.2644996643066 15.4877500534058 15.0342502593994 12.5482501983643 16.4072494506836 14.5659999847412 12.133749961853 12.7477502822876 13.4230003356934 12.0322504043579 12.7370004653931 12.6379995346069 -9999 -9999 -9999 -9999 -9999 -9999 -9999 -9999 -9999 -9999 -9999 -9999 -9999 -9999 -9999 -9999 -9999 -9999 -9999
11.0260000228882 11.1840000152588 14.3607501983643 12.4372501373291 11.8852500915527 12.4902496337891 15.6082496643066 15.133749961853 14.8487501144409 13.4905004501343 13.59850025177 11.1872501373291 11.6637496948242 13.0150003433228 18.0550003051758 22.486499786377 23.0370006561279 21.0195007324219 20.611499786377 23.4952507019043 24.2002506256104 26.2180004119873 26.6544990539551 27.0912494659424 25.9365005493164 25.1679992675781 24.3447494506836 21.8290004730225 16.5127506256104 10.3472499847412 12.3932495117188 10.6794996261597 11.022500038147 13.1482496261597 11.8097496032715 12.6645002365112 13.0687503814697 13.1742496490479 13.1987495422363 13.1840000152588 13.1917495727539 13.47350025177 -9999 -9999 -9999 -9999 -9999 -9999 -9999 -9999 -9999 -9999 -9999 -9999 -9999 -9999 -9999 -9999 -9999 -9999
11.6925001144409 11.7130002975464 14.0507497787476 14.4297504425049 14.5412502288818 12.4037504196167 10.018500328064 11.4114999771118 12.3992500305176 12.1532497406006 12.4809999465942 14.9767503738403 8.82024955749512 6.0792498588562 8.35674953460693 14.0212497711182 17.4044990539551 11.7827501296997 12.3854999542236 17.6797504425049 17.6135005950928 19.9580001831055 21.5727500915527 19.4804992675781 18.8627490997314 17.7049999237061 14.1017503738403 14.7307500839233 15.4025001525879 15.1925001144409 13.1409997940063 16.1987495422363 16.0322494506836 15.5487499237061 14.2937498092651 14.1254997253418 13.0159997940063 11.4107503890991 11.6067504882812 12.1724996566772 12.0640001296997 12.65625 13.0605001449585 -9999 -9999 -9999 -9999 -9999 -9999 -9999 -9999 -9999 -9999 -9999 -9999 -9999 -9999 -9999 -9999 -9999
8.28400039672852 11.9884996414185 14.1829996109009 11.9034996032715 12.2344999313354 16.1105003356934 15.1017503738403 13.3377504348755 15.0132503509521 12.8722496032715 11.6552495956421 12.9245004653931 14.4192504882812 9.7507495880127 8.28975009918213 10.3017501831055 10.3725004196167 15.8957500457764 13.9455003738403 11.9137496948242 13.97350025177 12.2204999923706 11.6662502288818 10.5974998474121 11.106499671936 13.0354995727539 10.4582500457764 13.0402498245239 12.8027496337891 15.5027503967285 16.132999420166 14.6330003738403 12.5115003585815 11.9995002746582 12.8625001907349 12.1619997024536 12.3649997711182 12.5279998779297 13.3202495574951 13.027250289917 12.7930002212524 13.03600025177 13.3992500305176 12.9357500076294 -9999 -9999 -9999 -9999 -9999 -9999 -9999 -9999 -9999 -9999 -9999 -9999 -9999 -9999 -9999 -9999
7.21624994277954 5.63574981689453 10.0364999771118 12.2097501754761 12.2197504043579 12.7189998626709 11.7292499542236 11.835000038147 10.8202495574951 9.06149959564209 11.4962501525879 12.4522504806519 11.5034999847412 14.2845001220703 9.05675029754639 7.79374980926514 9.38125038146973 11.0297498703003 9.42275047302246 5.50250005722046 10.5725002288818 13.0600004196167 13.8387498855591 10.4359998703003 10.1582498550415 14.5642499923706 15.4075002670288 14.89674949646 12.9707498550415 13.0372495651245 13.0032501220703 8.75650024414062 11.1312503814697 10.9097499847412 11.5255002975464 12.0302495956421 13.4757499694824 14.2232503890991 14.5607500076294 14.0684995651245 14.5822496414185 15.0375003814697 14.3257503509521 13.9069995880127 13.428750038147 -9999 -9999 -9999 -9999 -9999 -9999 -9999 -9999 -9999 -9999 -9999 -9999 -9999 -9999 -9999
6.80999994277954 6.50225019454956 10.2379999160767 11.3254995346069 9.91324996948242 9.19900035858154 10.4280004501343 12.0860004425049 13.4132499694824 10.6577501296997 12.0609998703003 13.7325000762939 15.5155000686646 16.0642509460449 15.2207498550415 11.3777503967285 7.71549987792969 8.17675018310547 8.2817497253418 8.35799980163574 7.31400012969971 9.20024967193604 10.3044996261597 10.5459995269775 11.2104997634888 12.0270004272461 10.8035001754761 10.1757497787476 10.2974996566772 12.3562498092651 6.3105001449585 8.83150005340576 11.446249961853 11.1859998703003 12.3267498016357 12.9455003738403 12.9274997711182 14.1532497406006 14.6997499465942 14.8765001296997 14.9077501296997 14.5992498397827 14.3155002593994 14.9355001449585 14.5807495117188 13.9890003204346 -9999 -9999 -9999 -9999 -9999 -9999 -9999 -9999 -9999 -9999 -9999 -9999 -9999 -9999
5.38700008392334 4.67974996566772 9.0319995880127 10.7530002593994 11.7777500152588 11.8070001602173 12.2172498703003 11.3175001144409 11.0857496261597 13.7480001449585 14.3514995574951 14.5279998779297 14.7217502593994 15.6059999465942 16.4167499542236 15.2157497406006 14.0679998397827 12.1997499465942 12.0675001144409 6.67624998092651 3.3345000743866 3.6414999961853 3.13750004768372 2.37249994277954 3.59625005722046 5.96474981307983 6.19399976730347 9.70750045776367 9.73250007629395 7.99625015258789 10.1735000610352 12.3424997329712 13.2270002365112 13.8442497253418 13.0227499008179 13.2434997558594 13.9975004196167 14.5539999008179 14.7942495346069 14.6837501525879 14.3584995269775 14.455249786377 14.5967502593994 14.9617500305176 14.6792497634888 14.4654998779297 14.4799995422363 -9999 -9999 -9999 -9999 -9999 -9999 -9999 -9999 -9999 -9999 -9999 -9999 -9999
12.9987497329712 6.49350023269653 6.0774998664856 11.41100025177 10.5167503356934 11.6752500534058 10.3214998245239 9.98124980926514 9.66625022888184 10.9259996414185 11.2107496261597 11.4072504043579 12.8327503204346 14.5775003433228 16.2425003051758 15.5045003890991 15.0932502746582 15.1947498321533 14.2004995346069 13.0424995422363 9.99250030517578 5.58575010299683 5.77974987030029 6.25524997711182 9.33325004577637 7.41774988174438 9.28125 8.48200035095215 7.60550022125244 10.5915002822876 10.5592498779297 9.97350025177002 12.9467496871948 14.191499710083 14.3959999084473 13.9217500686646 14.4405002593994 14.3050003051758 14.0757503509521 14.5642499923706 14.6592502593994 14.862250328064 14.9079999923706 14.8529996871948 14.6899995803833 14.4682502746582 14.3312501907349 13.9455003738403 -9999 -9999 -9999 -9999 -9999 -9999 -9999 -9999 -9999 -9999 -9999 -9999
13.4177503585815 9.85550022125244 6.62799978256226 9.55125045776367 10.0717496871948 10.3442497253418 10.2472496032715 10.4782495498657 10.3354997634888 12.2290000915527 9.35375022888184 11.3647499084473 13.09850025177 13.4595003128052 15.0847501754761 14.543999671936 15.2565002441406 15.8695001602173 15.5887498855591 15.3267498016357 14.4707498550415 13.1780004501343 10.8774995803833 12.2162504196167 12.7209997177124 11.7054996490479 12.9835004806519 13.2075004577637 13.419750213623 11.9940004348755 11.7357501983643 11.4045000076294 13.2712497711182 13.72350025177 13.7799997329712 13.5317497253418 13.9139995574951 13.6300001144409 13.3772497177124 13.0474996566772 12.8647499084473 13.6442499160767 14.3094997406006 14.2775001525879 14.1700000762939 14.0757503509521 13.946249961853 13.9537496566772 13.875 -9999 -9999 -9999 -9999 -9999 -9999 -9999 -9999 -9999 -9999 -9999
10.2864999771118 15.5952501296997 10.4312496185303 6.17600011825562 8.98725032806396 12.9742498397827 7.81874990463257 7.30350017547607 10.1712503433228 11.0922498703003 11.0094995498657 12.5392503738403 13.2729997634888 13.3479995727539 13.6597499847412 14.6885004043579 14.2942495346069 13.887749671936 14.1247501373291 13.6545000076294 14.2039995193481 13.8117504119873 11.3074998855591 11.3967504501343 12.4709997177124 14.2487497329712 13.856499671936 13.7092504501343 13.5867500305176 13.0364999771118 12.7095003128052 11.8704996109009 12.5667495727539 13.1062498092651 14.0255002975464 13.4657497406006 12.8619995117188 12.7454996109009 13.1300001144409 13.2827501296997 13.5007495880127 13.5652503967285 12.7652502059937 13.4154996871948 12.9432497024536 13.1837501525879 13.3695001602173 12.6619997024536 12.1867504119873 12.4882497787476 -9999 -9999 -9999 -9999 -9999 -9999 -9999 -9999 -9999 -9999
17.7959995269775 14.8012504577637 17.4715003967285 6.57550001144409 7.11275005340576 11.7857503890991 12.7067499160767 11.1859998703003 11.2072496414185 11.576000213623 11.9855003356934 12.517749786377 13.2897500991821 13.8920001983643 13.65149974823 12.5572500228882 11.7347497940063 12.3482503890991 11.4107503890991 11.3874998092651 11.9057502746582 12.8570003509521 11.946249961853 12.8380002975464 13.803750038147 13.2577495574951 13.1184997558594 13.2797498703003 12.8284997940063 13.2217502593994 9.92350006103516 8.27849960327148 12.6677503585815 13.2355003356934 13.3159999847412 12.7902498245239 13.2135000228882 14.1534996032715 14.4017496109009 14.5 14.4217500686646 12.5120000839233 12.0515003204346 12.0089998245239 11.8620004653931 13.1190004348755 12.4825000762939 12.4685001373291 12.5165004730225 11.9577503204346 11.9267501831055 -9999 -9999 -9999 -9999 -9999 -9999 -9999 -9999 -9999
12.7799997329712 18.3904991149902 22.0942497253418 12.40149974823 6.1564998626709 7.86474990844727 11.6667499542236 7.71099996566772 10.8822498321533 11.1792497634888 10.5675001144409 10.3792495727539 11.8299999237061 12.1452503204346 11.8774995803833 11.9117498397827 12.7419996261597 13.6472501754761 13.3922500610352 13.1695003509521 13.0237503051758 11.9002504348755 12.2192497253418 12.4277496337891 12.3985004425049 9.85099983215332 12.2292499542236 13.4532499313354 12.8874998092651 12.6272497177124 11.9770002365112 12.2220001220703 13.460000038147 11.362250328064 12.1502504348755 11.3082504272461 13.2735004425049 14.1537504196167 13.647500038147 13.3972501754761 13.7220001220703 12.0152502059937 15.0815000534058 13.3842496871948 13.1315002441406 13.6482496261597 13.1207504272461 11.28125 11.2749996185303 10.8909997940063 10.8549995422363 11.3474998474121 -9999 -9999 -9999 -9999 -9999 -9999 -9999 -9999
9.72474956512451 11.1472501754761 12.227499961853 18.7747497558594 11.5424995422363 7.72375011444092 13.5679998397827 8.81725025177002 8.8129997253418 11.464750289917 13.3892498016357 11.2087497711182 11.3924999237061 11.486499786377 10.2320003509521 11.1955003738403 11.3194999694824 11.2530002593994 10.2242498397827 13.2714996337891 11.8507499694824 10.0842504501343 9.10449981689453 10.0284996032715 11.0509996414185 9.63599967956543 9.92899990081787 11.8692502975464 12.4790000915527 13.7700004577637 12.924750328064 13.232250213623 13.285249710083 12.4747495651245 13.366250038147 12.0667495727539 12.4902496337891 13.628999710083 15.2342500686646 15.392749786377 14.5319995880127 14.7694997787476 15.6167497634888 12.7150001525879 12.3722496032715 12.928750038147 13.5544996261597 13.3357496261597 13.9292497634888 12.1979999542236 8.76749992370605 10.7857503890991 7.41324996948242 -9999 -9999 -9999 -9999 -9999 -9999 -9999
21.3099994659424 17.5552501678467 15.3057498931885 13.9265003204346 15.6722497940063 14.4657497406006 12.8807497024536 10.5382499694824 9.73350048065186 13.27649974823 12.0732498168945 13.0772495269775 12.9457502365112 12.2239999771118 7.25050020217896 12.5780000686646 9.16349983215332 9.20499992370605 11.6400003433228 13.2467498779297 13.5237503051758 12.8529996871948 8.40625 9.26650047302246 11.9860000610352 12.3132495880127 13.0697498321533 11.0284996032715 10.6374998092651 11.4232501983643 14.03600025177 13.9792499542236 14.9119997024536 14.2732496261597 14.4925003051758 14.5574998855591 14.2022504806519 13.3655004501343 13.3950004577637 14.9060001373291 15.4724998474121 14.0790004730225 13.0157499313354 12.3022499084473 13.2067499160767 14.1882495880127 15.0242500305176 15.0067501068115 14.7985000610352 15.0450000762939 12.8277502059937 11.331000328064 10.0237503051758 -9999 -9999 -9999 -9999 -9999 -9999 -9999
19.7275009155273 19.0387496948242 23.3002490997314 18.1452503204346 11.4250001907349 15.62975025177 14.4527502059937 13.9207496643066 11.6007499694824 9.39424991607666 10.5559997558594 12.0942497253418 12.4122495651245 10.0642499923706 13.2742500305176 13.5867500305176 9.4662504196167 12.0120000839233 13.508749961853 14.8730001449585 15.4992504119873 17.1662502288818 13.5612497329712 12.956000328064 14.2842502593994 14.2454996109009 14.2875003814697 14.5767498016357 13.8959999084473 10.8627500534058 12.0697498321533 14.5957498550415 14.8247499465942 15.0725002288818 15.3854999542236 14.9250001907349 14.5867500305176 14.581000328064 15.2097501754761 14.5822496414185 13.3542499542236 12.3275003433228 12.1230001449585 13.0659999847412 14.9452495574951 15.3699998855591 15.2834997177124 14.63450050354 14.6127500534058 14.7379999160767 14.4352502822876 13.7132501602173 14.3199996948242 14.4394998550415 -9999 -9999 -9999 -9999 -9999 -9999
