02 cropping and modelling/wc2.1_10m_bio_15.asc
NCOLS 368 
NROWS 210 
XLLCORNER 67.1666666666667 
YLLCORNER 3.5 
CELLSIZE 0.166666666666667 
NODATA_value -9999 
[rows 81 to 107 of 210, columns 60 to 119 of 368]
-9999 -9999 -9999 -9999 -9999 -9999 149.90234375 149.708465576172 148.140472412109 146.633453369141 144.679992675781 144.436981201172 145.141357421875 146.171615600586 146.361953735352 147.784790039062 148.512573242188 148.358779907227 147.767791748047 145.575744628906 143.328796386719 142.414306640625 143.192596435547 144.351974487305 144.994476318359 143.903823852539 141.240615844727 140.11083984375 139.946105957031 140.519149780273 141.652725219727 141.909515380859 142.052780151367 140.963714599609 139.963287353516 138.667999267578 137.697662353516 136.805786132812 137.385437011719 138.387969970703 136.681869506836 135.073013305664 134.816467285156 134.668350219727 133.928512573242 132.506561279297 129.924514770508 126.636253356934 124.190452575684 123.347618103027 122.765121459961 121.541229248047 119.586265563965 117.642646789551 116.705413818359 114.860382080078 113.892593383789 112.260131835938 112.356544494629 112.903198242188
-9999 -9999 -9999 -9999 -9999 -9999 -9999 -9999 149.092849731445 146.606719970703 144.075866699219 143.239166259766 143.861282348633 144.33024597168 145.000305175781 146.691162109375 147.620742797852 147.025802612305 144.63444519043 143.097915649414 141.664154052734 141.083755493164 142.111953735352 143.519332885742 143.741317749023 142.810760498047 141.566070556641 140.748352050781 139.810134887695 138.563064575195 138.953567504883 139.604751586914 139.406341552734 139.381851196289 138.486694335938 137.642684936523 136.979904174805 135.783004760742 134.793167114258 134.487121582031 133.263793945312 133.61262512207 134.397964477539 134.630462646484 134.192459106445 133.055786132812 130.12614440918 126.299140930176 122.887260437012 121.957916259766 120.351737976074 118.967864990234 117.674835205078 116.784454345703 116.381202697754 114.313804626465 112.610275268555 111.687782287598 111.602935791016 111.974678039551
-9999 -9999 -9999 -9999 -9999 -9999 -9999 -9999 -9999 147.141525268555 144.787170410156 144.227584838867 144.585556030273 144.536727905273 145.118438720703 145.82470703125 145.603927612305 145.296569824219 144.99267578125 143.390487670898 141.388656616211 140.346313476562 140.744018554688 141.782348632812 142.211364746094 142.008209228516 141.499740600586 140.535797119141 139.83659362793 138.924850463867 137.905426025391 137.26383972168 137.40119934082 137.672927856445 137.510711669922 136.602096557617 135.599716186523 134.380493164062 133.653854370117 133.223266601562 132.898574829102 132.123184204102 133.506378173828 133.713012695312 132.606216430664 131.320556640625 127.854690551758 123.869262695312 120.163063049316 118.118515014648 117.102615356445 116.779472351074 117.580459594727 116.152153015137 115.288551330566 114.30396270752 112.044548034668 111.054161071777 110.734497070312 110.573120117188
-9999 -9999 -9999 -9999 -9999 -9999 -9999 -9999 -9999 -9999 -9999 146.675521850586 146.863540649414 145.913452148438 145.752807617188 145.706588745117 146.260650634766 145.56037902832 144.438110351562 142.454666137695 140.607894897461 140.538421630859 140.879592895508 140.992523193359 141.741714477539 141.499816894531 141.721801757812 141.759704589844 140.275100708008 138.686904907227 137.015960693359 136.153244018555 136.082229614258 136.359100341797 136.108779907227 135.874450683594 135.023468017578 134.569030761719 133.720993041992 133.113830566406 131.382568359375 130.912307739258 131.805618286133 131.71321105957 131.35595703125 129.1455078125 125.161056518555 120.439819335938 116.439582824707 115.495307922363 115.764213562012 116.286575317383 116.27653503418 115.961540222168 115.369453430176 114.575592041016 112.885833740234 111.380416870117 110.279655456543 110.09806060791
-9999 -9999 -9999 -9999 -9999 -9999 -9999 -9999 -9999 -9999 -9999 -9999 146.958160400391 146.60986328125 147.027603149414 146.912841796875 146.222198486328 145.382476806641 143.607803344727 142.423599243164 140.969650268555 141.624099731445 141.169464111328 140.699249267578 140.920013427734 141.65852355957 141.917938232422 141.883880615234 141.293884277344 139.37028503418 137.589920043945 136.690887451172 135.933700561523 135.840957641602 135.601226806641 134.762756347656 134.199737548828 133.253845214844 132.614624023438 131.222640991211 129.508087158203 128.920471191406 129.022552490234 129.21240234375 128.696411132812 126.869598388672 122.700424194336 118.680786132812 115.935203552246 115.614921569824 116.224578857422 117.156967163086 117.543060302734 117.292945861816 116.320007324219 115.004219055176 113.710929870605 112.525100708008 111.01611328125 110.506362915039
-9999 -9999 -9999 -9999 -9999 -9999 -9999 -9999 -9999 -9999 -9999 -9999 -9999 -9999 147.384353637695 147.423126220703 146.019943237305 145.592498779297 144.190048217773 143.726287841797 142.697860717773 142.764450073242 142.254837036133 141.379379272461 140.934341430664 141.519592285156 142.758224487305 143.249649047852 143.545532226562 141.636962890625 139.442367553711 137.913925170898 137.636505126953 137.08528137207 136.240783691406 135.100021362305 134.184112548828 133.094955444336 131.915496826172 130.541687011719 128.392349243164 126.702850341797 126.97339630127 127.599212646484 126.742988586426 125.076805114746 121.563591003418 118.771881103516 116.869338989258 116.229835510254 116.409889221191 117.293884277344 118.355522155762 117.743728637695 117.727310180664 116.591857910156 114.870079040527 113.742446899414 112.314109802246 111.363067626953
-9999 -9999 -9999 -9999 -9999 -9999 -9999 -9999 -9999 -9999 -9999 -9999 -9999 -9999 -9999 147.545791625977 147.066497802734 147.009429931641 146.416152954102 146.100143432617 145.495620727539 144.464050292969 143.200439453125 141.977355957031 141.561431884766 142.246276855469 144.400573730469 145.692596435547 144.963714599609 142.934066772461 142.085693359375 140.125595092773 139.32453918457 138.292007446289 137.477798461914 136.208129882812 135.188720703125 133.974807739258 132.546997070312 130.767364501953 128.401657104492 126.962905883789 126.57389831543 125.48681640625 124.524223327637 122.556457519531 120.976295471191 119.434768676758 117.940734863281 117.372032165527 116.845001220703 118.400955200195 119.431671142578 118.79125213623 118.363800048828 117.478729248047 116.323921203613 115.012145996094 113.375030517578 111.979713439941
-9999 -9999 -9999 -9999 -9999 -9999 -9999 -9999 -9999 -9999 -9999 -9999 -9999 -9999 -9999 -9999 147.844299316406 147.764434814453 148.718719482422 148.663375854492 147.18359375 145.650985717773 143.683731079102 142.806533813477 142.805709838867 143.393737792969 145.764114379883 147.784118652344 146.384368896484 144.830093383789 143.021865844727 141.265365600586 140.109634399414 139.768615722656 138.811798095703 137.495956420898 136.266784667969 134.66764831543 133.081970214844 131.606002807617 129.452011108398 127.616035461426 125.654457092285 124.454200744629 123.230934143066 120.772796630859 120.172630310059 119.70645904541 119.110160827637 118.64510345459 119.34497833252 120.311096191406 121.61247253418 122.145851135254 121.268447875977 118.829368591309 116.912300109863 115.564331054688 113.652458190918 111.554237365723
-9999 -9999 -9999 -9999 -9999 -9999 -9999 -9999 -9999 -9999 -9999 -9999 -9999 -9999 -9999 -9999 -9999 148.815338134766 149.60954284668 149.801818847656 148.606033325195 146.714004516602 144.602752685547 143.295547485352 143.159545898438 143.85954284668 145.097030639648 146.161163330078 144.442077636719 142.454803466797 141.511611938477 140.948257446289 140.225402832031 140.549057006836 139.781555175781 138.714645385742 137.272842407227 135.269973754883 133.311019897461 131.585464477539 128.621353149414 126.507736206055 123.545974731445 121.7890625 119.320297241211 118.037368774414 117.527229309082 116.937454223633 116.802017211914 116.800895690918 118.400939941406 120.449157714844 120.994514465332 122.1005859375 120.660140991211 118.10668182373 115.618385314941 113.982574462891 112.647491455078 110.228973388672
-9999 -9999 -9999 -9999 -9999 -9999 -9999 -9999 -9999 -9999 -9999 -9999 -9999 -9999 -9999 -9999 -9999 -9999 150.977096557617 150.705108642578 149.464340209961 146.623474121094 144.687118530273 143.170547485352 142.542877197266 143.112670898438 143.529968261719 144.108474731445 143.160446166992 142.482360839844 140.913391113281 140.736022949219 140.472625732422 141.468734741211 140.70866394043 139.592575073242 138.130355834961 135.874755859375 132.857681274414 130.609939575195 126.946807861328 125.182792663574 122.28052520752 119.611320495605 117.536331176758 116.118286132812 115.592559814453 115.072196960449 114.467582702637 114.661117553711 115.772407531738 119.022567749023 121.272842407227 121.124305725098 117.875961303711 114.587074279785 113.199775695801 112.439071655273 110.813018798828 108.109977722168
-9999 -9999 -9999 -9999 -9999 -9999 -9999 -9999 -9999 -9999 -9999 -9999 -9999 -9999 -9999 -9999 -9999 -9999 -9999 150.912872314453 149.069869995117 146.102890014648 143.241409301758 141.882278442383 140.498718261719 140.953765869141 140.761611938477 140.846954345703 140.722305297852 140.862945556641 141.655044555664 141.006988525391 141.901565551758 141.935028076172 141.458694458008 140.099334716797 138.655746459961 135.981094360352 132.961410522461 130.171859741211 127.470970153809 124.377288818359 121.661888122559 119.176109313965 117.234657287598 115.76212310791 115.387817382812 115.132034301758 114.576042175293 114.387672424316 115.572738647461 117.503837585449 119.52906036377 116.844261169434 115.199447631836 112.579689025879 111.342582702637 110.778884887695 109.167587280273 106.955131530762
-9999 -9999 -9999 -9999 -9999 -9999 -9999 -9999 -9999 -9999 -9999 -9999 -9999 -9999 -9999 -9999 -9999 -9999 -9999 -9999 148.140838623047 145.673889160156 143.039779663086 139.901062011719 138.017578125 136.874938964844 136.550567626953 137.198043823242 137.354370117188 138.338241577148 140.918228149414 141.338317871094 142.271514892578 141.663696289062 140.996978759766 139.8125 137.776580810547 135.213897705078 131.434661865234 129.758972167969 127.176971435547 124.467269897461 122.024787902832 119.306442260742 117.83145904541 117.174186706543 116.817733764648 116.583251953125 116.084350585938 115.679351806641 115.494621276855 116.069747924805 117.064094543457 116.179512023926 113.725364685059 111.822196960449 110.978050231934 109.96199798584 108.388175964355 105.737442016602
-9999 -9999 -9999 -9999 -9999 -9999 -9999 -9999 -9999 -9999 -9999 -9999 -9999 -9999 -9999 -9999 -9999 -9999 -9999 -9999 -9999 145.237426757812 142.15934753418 139.529022216797 136.581832885742 134.313674926758 132.700927734375 132.46989440918 132.896362304688 134.460708618164 138.681503295898 141.363021850586 142.417297363281 141.340545654297 140.141235351562 138.348770141602 135.752746582031 134.354507446289 132.523300170898 130.729339599609 128.358612060547 125.196914672852 122.532073974609 120.429634094238 119.345436096191 119.168571472168 118.995864868164 119.141036987305 118.234481811523 117.077629089355 116.136253356934 115.129783630371 114.495086669922 114.113334655762 112.026962280273 110.574058532715 110.330505371094 109.772201538086 108.470756530762 105.749137878418
-9999 -9999 -9999 -9999 -9999 -9999 -9999 -9999 -9999 -9999 -9999 -9999 -9999 -9999 -9999 -9999 -9999 -9999 -9999 -9999 -9999 -9999 141.149459838867 137.946548461914 135.482543945312 132.782455444336 130.73844909668 129.619171142578 130.529708862305 132.016815185547 136.151397705078 140.177917480469 141.791107177734 141.197128295898 139.585494995117 136.567977905273 134.470306396484 133.46418762207 132.431701660156 130.54670715332 129.643112182617 126.617851257324 124.402618408203 122.953796386719 122.08186340332 121.718292236328 121.829322814941 121.744255065918 121.337852478027 119.227439880371 118.796936035156 116.677757263184 114.122871398926 112.731170654297 111.352699279785 109.833984375 108.983116149902 108.856185913086 108.112930297852 105.637413024902
-9999 -9999 -9999 -9999 -9999 -9999 -9999 -9999 -9999 -9999 -9999 -9999 -9999 -9999 -9999 -9999 -9999 -9999 -9999 -9999 -9999 -9999 -9999 137.007919311523 134.229248046875 131.829803466797 130.067993164062 129.76676940918 131.503372192383 133.06559753418 133.772964477539 138.191970825195 142.092224121094 139.423919677734 138.013626098633 138.869491577148 136.563735961914 133.456741333008 131.696594238281 130.546081542969 129.524047851562 127.491775512695 126.586196899414 125.54280090332 125.331474304199 124.64306640625 124.918647766113 124.874626159668 123.703269958496 122.140129089355 119.95499420166 116.540748596191 113.382286071777 111.217361450195 109.84928894043 108.863342285156 108.530143737793 108.144638061523 106.657363891602 104.595664978027
-9999 -9999 -9999 -9999 -9999 -9999 -9999 -9999 -9999 -9999 -9999 -9999 -9999 -9999 -9999 -9999 -9999 -9999 -9999 -9999 -9999 -9999 -9999 136.607208251953 133.751617431641 132.09538269043 132.422561645508 131.598297119141 131.942886352539 135.576477050781 137.220352172852 139.787078857422 141.42448425293 140.946701049805 138.870529174805 139.456680297852 136.672424316406 133.337448120117 131.060653686523 130.194320678711 129.171890258789 127.946548461914 127.419120788574 127.39429473877 127.508186340332 127.311981201172 127.544975280762 126.944839477539 125.5517578125 122.799850463867 119.948783874512 116.431076049805 113.179046630859 110.426071166992 108.652656555176 107.74446105957 107.568565368652 106.754753112793 104.846504211426 103.157638549805
-9999 -9999 -9999 -9999 -9999 -9999 -9999 -9999 -9999 -9999 -9999 -9999 -9999 -9999 -9999 -9999 -9999 -9999 -9999 -9999 -9999 -9999 -9999 -9999 132.160247802734 131.002532958984 131.209365844727 131.942230224609 133.30012512207 135.584701538086 138.029541015625 138.840179443359 139.926010131836 139.843551635742 139.615371704102 139.377807617188 136.205749511719 133.888137817383 130.948211669922 129.333786010742 128.782119750977 128.756866455078 127.960594177246 128.264892578125 128.740188598633 128.607437133789 128.357681274414 127.038864135742 124.388679504395 122.407791137695 119.405883789062 116.036247253418 112.768157958984 109.667579650879 107.752571105957 106.315803527832 106.033653259277 105.073364257812 103.384124755859 102.054496765137
-9999 -9999 -9999 -9999 -9999 -9999 -9999 -9999 -9999 -9999 -9999 -9999 -9999 -9999 -9999 -9999 -9999 -9999 -9999 -9999 -9999 -9999 -9999 -9999 130.264282226562 129.105133056641 129.060470581055 130.694000244141 133.29524230957 135.119338989258 137.226593017578 138.217712402344 138.96403503418 139.548294067383 140.023666381836 139.487976074219 136.73747253418 134.153427124023 131.312942504883 129.752838134766 129.298355102539 128.471740722656 128.346633911133 127.919677734375 127.353843688965 127.763671875 127.615272521973 125.730094909668 122.444786071777 120.727691650391 118.421852111816 115.098930358887 111.703018188477 108.685844421387 106.432838439941 104.930038452148 104.181434631348 103.026573181152 101.895774841309 100.862930297852
-9999 -9999 -9999 -9999 -9999 -9999 -9999 -9999 -9999 -9999 -9999 -9999 -9999 -9999 -9999 -9999 -9999 -9999 -9999 -9999 -9999 -9999 -9999 -9999 128.163391113281 128.090316772461 129.743576049805 131.571197509766 133.986083984375 135.713684082031 137.111831665039 137.859573364258 138.556198120117 139.569244384766 140.01252746582 139.130844116211 136.379211425781 133.871429443359 131.642929077148 129.962448120117 129.733856201172 129.257019042969 128.990371704102 128.493026733398 126.014175415039 127.011878967285 127.155151367188 124.253692626953 120.640663146973 118.848937988281 116.63695526123 113.322601318359 109.845710754395 106.978019714355 105.986526489258 105.290298461914 102.32755279541 100.62580871582 99.7220230102539 98.6779632568359
-9999 -9999 -9999 -9999 -9999 -9999 -9999 -9999 -9999 -9999 -9999 -9999 -9999 -9999 -9999 -9999 -9999 -9999 -9999 -9999 -9999 -9999 -9999 -9999 127.094833374023 128.567047119141 131.320159912109 134.081253051758 136.058898925781 136.922149658203 137.589370727539 138.630325317383 139.044708251953 139.173690795898 137.944000244141 136.659820556641 134.513870239258 132.7998046875 131.673324584961 131.094696044922 130.970153808594 130.393890380859 129.814270019531 128.650512695312 126.448150634766 125.95760345459 125.795265197754 122.078552246094 117.846076965332 116.542686462402 114.029373168945 110.536521911621 107.147422790527 104.819442749023 105.489395141602 104.459457397461 99.4854965209961 97.946647644043 96.6093215942383 95.8510589599609
-9999 -9999 -9999 -9999 -9999 -9999 -9999 -9999 -9999 -9999 -9999 -9999 -9999 -9999 -9999 -9999 -9999 -9999 -9999 -9999 -9999 -9999 -9999 -9999 -9999 129.602630615234 133.060089111328 135.645690917969 137.600189208984 138.067794799805 138.109252929688 138.284698486328 137.882781982422 137.019332885742 135.704284667969 133.366363525391 131.417053222656 130.396026611328 129.268020629883 130.684051513672 132.071151733398 131.639373779297 129.914566040039 128.212051391602 125.75065612793 124.599327087402 123.54264831543 120.527290344238 116.403709411621 113.464775085449 110.677452087402 107.78588104248 104.203437805176 101.625122070312 102.628295898438 100.590202331543 96.587287902832 94.9391098022461 93.4750061035156 92.7346496582031
-9999 -9999 -9999 -9999 -9999 -9999 -9999 -9999 -9999 -9999 -9999 -9999 -9999 -9999 -9999 -9999 -9999 -9999 -9999 -9999 -9999 -9999 -9999 -9999 -9999 131.237121582031 134.404754638672 136.6279296875 138.278701782227 138.89079284668 138.566207885742 137.15625 136.37385559082 134.975601196289 133.326034545898 130.932723999023 128.363967895508 128.020721435547 129.093200683594 130.792526245117 132.443344116211 131.940216064453 129.959655761719 125.878540039062 125.365005493164 124.030448913574 121.706268310547 118.408256530762 114.440551757812 110.901695251465 107.44123840332 104.627517700195 101.542213439941 99.0561828613281 97.4649276733398 96.2374038696289 95.7893753051758 93.1148071289062 90.7479019165039 90.7369766235352
-9999 -9999 -9999 -9999 -9999 -9999 -9999 -9999 -9999 -9999 -9999 -9999 -9999 -9999 -9999 -9999 -9999 -9999 -9999 -9999 -9999 -9999 -9999 -9999 -9999 132.242797851562 134.75358581543 137.169204711914 138.121353149414 138.26594543457 137.098342895508 136.259567260742 135.181930541992 133.609710693359 131.686737060547 129.013473510742 126.830749511719 126.488815307617 127.97590637207 130.141189575195 131.388137817383 130.835052490234 128.375534057617 127.158805847168 124.727424621582 122.066253662109 118.541931152344 115.202247619629 111.276329040527 107.598129272461 104.227378845215 101.432922363281 98.9844360351562 96.7538452148438 95.6091537475586 94.8585205078125 93.6417083740234 91.5663833618164 90.142951965332 -9999
-9999 -9999 -9999 -9999 -9999 -9999 -9999 -9999 -9999 -9999 -9999 -9999 -9999 -9999 -9999 -9999 -9999 -9999 -9999 -9999 -9999 -9999 -9999 -9999 -9999 132.974884033203 135.017013549805 136.411468505859 136.987213134766 136.773071289062 135.833877563477 134.913375854492 133.944702148438 132.056610107422 130.29052734375 128.291946411133 126.838745117188 126.810546875 127.572052001953 129.662551879883 130.574691772461 130.264175415039 128.754699707031 125.798606872559 121.078063964844 118.685707092285 115.963554382324 112.322357177734 108.316139221191 104.548568725586 101.733291625977 98.9116744995117 97.299201965332 95.8975524902344 95.3015747070312 95.054557800293 94.3952407836914 92.4923782348633 91.5120162963867 -9999
-9999 -9999 -9999 -9999 -9999 -9999 -9999 -9999 -9999 -9999 -9999 -9999 -9999 -9999 -9999 -9999 -9999 -9999 -9999 -9999 -9999 -9999 -9999 -9999 -9999 132.489135742188 134.173095703125 135.371566772461 135.671508789062 135.034820556641 134.582870483398 134.115036010742 133.204360961914 131.611968994141 128.884262084961 128.073989868164 126.633781433105 126.620933532715 127.531433105469 128.835311889648 129.823745727539 129.827209472656 128.008407592773 124.450325012207 119.869842529297 114.984214782715 112.147613525391 108.894958496094 105.901275634766 102.972038269043 100.509719848633 98.8194808959961 96.9030227661133 96.3265151977539 95.954216003418 96.1442108154297 95.6862945556641 94.6539840698242 93.3217697143555 -9999
-9999 -9999 -9999 -9999 -9999 -9999 -9999 -9999 -9999 -9999 -9999 -9999 -9999 -9999 -9999 -9999 -9999 -9999 -9999 -9999 -9999 -9999 -9999 -9999 -9999 -9999 132.313766479492 133.790420532227 133.364562988281 132.556381225586 132.971557617188 133.059295654297 133.536193847656 132.193649291992 130.243087768555 128.309555053711 127.052688598633 126.396987915039 127.174102783203 128.482391357422 128.616165161133 127.77220916748 124.973899841309 122.074012756348 116.31761932373 111.617454528809 107.594818115234 105.52214050293 103.374031066895 101.21630859375 99.9867248535156 98.6310119628906 97.8713073730469 97.5395965576172 97.6924591064453 97.5442810058594 96.7992324829102 94.7913284301758 94.0912704467773 94.1013031005859
-9999 -9999 -9999 -9999 -9999 -9999 -9999 -9999 -9999 -9999 -9999 -9999 -9999 -9999 -9999 -9999 -9999 -9999 -9999 -9999 -9999 -9999 -9999 -9999 -9999 -9999 130.16520690918 130.685577392578 130.018539428711 130.105758666992 130.563079833984 129.882720947266 133.126922607422 132.788619995117 130.809188842773 128.380508422852 127.040504455566 126.34790802002 126.58659362793 126.383491516113 123.42463684082 120.665794372559 117.388671875 115.883430480957 113.090400695801 108.941757202148 105.028831481934 101.442306518555 99.9901504516602 99.7625961303711 99.4690933227539 99.7017669677734 99.9231567382812 99.8032302856445 99.6451644897461 99.0248641967773 97.8718948364258 95.5408782958984 94.8040237426758 -9999
