02 cropping and modelling/wc2.1_10m_bio_8.asc
NCOLS 368 
NROWS 210 
XLLCORNER 67.1666666666667 
YLLCORNER 3.5 
CELLSIZE 0.166666666666667 
NODATA_value -9999 
[rows 81 to 107 of 210, columns 60 to 119 of 368]
-9999 -9999 -9999 -9999 -9999 -9999 27.8624992370605 27.882791519165 27.9686241149902 27.9615001678467 27.9802913665771 28.2707500457764 28.2532501220703 28.2357921600342 28.1332912445068 28.3519172668457 28.5867500305176 28.7567081451416 28.6332912445068 28.1402492523193 27.8588752746582 27.7150001525879 27.7399578094482 27.8259582519531 28.2145004272461 28.9532489776611 28.6490840911865 28.6203746795654 29.2605419158936 29.1149578094482 29.1319160461426 29.0301666259766 28.7796249389648 28.7582092285156 28.7164154052734 28.6720409393311 28.6042499542236 28.6335830688477 28.8288764953613 29.1478748321533 29.1462078094482 29.0950832366943 29.1995010375977 29.1450424194336 29.2034168243408 29.1767921447754 29.1363334655762 29.0619583129883 29.043041229248 28.9303321838379 28.9481258392334 28.9551239013672 28.7754993438721 28.6218738555908 28.9482917785645 28.8437080383301 28.8503761291504 28.8010005950928 28.9348335266113 28.935375213623
-9999 -9999 -9999 -9999 -9999 -9999 -9999 -9999 27.8346672058105 27.8040008544922 27.8307495117188 27.8113746643066 28.0573749542236 27.9827079772949 27.8795833587646 28.2141666412354 28.2966251373291 27.8802070617676 27.4154167175293 27.5599994659424 27.6647510528564 27.8704166412354 28.0128326416016 28.068000793457 28.1756248474121 28.1570835113525 28.0854167938232 28.0289573669434 28.0387496948242 27.9877510070801 28.5595417022705 28.8444995880127 28.580249786377 28.4134159088135 28.2974586486816 28.2805004119873 28.2338752746582 28.1248741149902 27.7159576416016 27.8128757476807 27.7952079772949 29.0754165649414 29.1487083435059 29.1673755645752 29.1609992980957 29.1243324279785 29.0749588012695 28.9811248779297 28.9061660766602 28.873083114624 28.5930423736572 28.2557506561279 28.0273742675781 28.1979160308838 28.8308753967285 28.4757499694824 28.3688335418701 28.5376663208008 28.7373332977295 28.7460403442383
-9999 -9999 -9999 -9999 -9999 -9999 -9999 -9999 -9999 27.6429576873779 27.599292755127 27.7429161071777 27.8044586181641 27.4869155883789 27.4891242980957 27.6565418243408 27.4712085723877 27.3451251983643 27.6956672668457 27.7640419006348 27.8033752441406 27.8952083587646 28.090124130249 28.0141677856445 28.0602493286133 27.994083404541 27.9628753662109 27.8649578094482 27.972749710083 28.1979579925537 28.4832496643066 28.5667915344238 28.5010414123535 28.6399593353271 28.5791664123535 28.2313747406006 27.8252506256104 27.7324161529541 27.6682910919189 27.8369579315186 28.691333770752 29.0204162597656 28.9469165802002 28.7347087860107 28.577917098999 28.9193744659424 28.8866672515869 28.816707611084 29.8317909240723 29.3825836181641 27.6944580078125 27.6300411224365 28.081958770752 27.746208190918 27.9545001983643 27.933500289917 28.0858325958252 28.2761669158936 28.3649578094482 28.3693332672119
-9999 -9999 -9999 -9999 -9999 -9999 -9999 -9999 -9999 -9999 -9999 27.4084587097168 27.3058338165283 26.9920845031738 27.0599994659424 27.2578754425049 27.8481674194336 27.8920001983643 27.7820415496826 27.5187911987305 26.9763336181641 27.3921661376953 27.7607917785645 27.8126678466797 27.8444175720215 27.7965412139893 28.0487079620361 28.1765003204346 28.17795753479 28.1530838012695 28.2490825653076 27.8429584503174 27.9724578857422 28.2920417785645 28.5096664428711 28.577709197998 28.5943336486816 28.625415802002 28.5089588165283 28.9189167022705 28.6692085266113 28.5043754577637 28.5850830078125 28.4382915496826 28.6264171600342 28.5788764953613 28.3117084503174 29.3179168701172 28.8087921142578 28.6610832214355 27.4646244049072 27.4571666717529 27.4732093811035 27.504207611084 27.5705833435059 27.8183746337891 28.0991668701172 28.1516246795654 28.1217079162598 28.3573341369629
-9999 -9999 -9999 -9999 -9999 -9999 -9999 -9999 -9999 -9999 -9999 -9999 26.9237499237061 26.9484176635742 27.4943752288818 27.7380828857422 27.7072086334229 27.4743328094482 27.3387908935547 26.9537925720215 26.5993747711182 27.3939170837402 27.4919586181641 27.478084564209 27.5145835876465 27.9142074584961 27.7708740234375 27.5157508850098 27.6514587402344 27.719165802002 27.7392921447754 27.591251373291 27.5776252746582 27.9495830535889 27.9618759155273 28.0190010070801 28.3377494812012 28.2750835418701 28.3897094726562 28.6827087402344 28.7703323364258 28.3527088165283 28.046875 27.8540840148926 27.8256244659424 27.7196655273438 27.3098335266113 27.2273750305176 28.4190826416016 27.1517086029053 27.3717079162598 27.6097068786621 27.7276668548584 27.7664585113525 27.6891250610352 27.7388343811035 28.066707611084 28.2345008850098 28.0705833435059 28.314416885376
-9999 -9999 -9999 -9999 -9999 -9999 -9999 -9999 -9999 -9999 -9999 -9999 -9999 -9999 27.6339168548584 27.5511665344238 26.9336242675781 27.1166667938232 27.2638320922852 27.1620006561279 26.9707088470459 27.3425006866455 27.5647087097168 27.6554164886475 27.3423328399658 27.6439170837402 27.5453758239746 27.3084163665771 27.7649993896484 27.5985412597656 27.556999206543 27.5325412750244 28.0445823669434 27.9576663970947 27.8685417175293 27.7700424194336 28.1540412902832 27.9229583740234 27.9470825195312 28.1910419464111 28.6166248321533 28.711332321167 28.4945831298828 28.0609169006348 27.5984592437744 27.0152912139893 26.6614170074463 26.5041675567627 26.2851657867432 26.2527923583984 26.367166519165 26.96875 27.5541248321533 27.5260829925537 27.875 27.9834175109863 27.9572505950928 28.2113342285156 28.2115001678467 28.3379993438721
-9999 -9999 -9999 -9999 -9999 -9999 -9999 -9999 -9999 -9999 -9999 -9999 -9999 -9999 -9999 27.3118743896484 26.8817501068115 26.9030418395996 27.1196250915527 27.2487907409668 27.357250213623 27.466251373291 27.4235420227051 27.3738327026367 27.3847503662109 27.420581817627 27.3749160766602 26.9455413818359 26.8739585876465 26.5512924194336 27.2382926940918 26.9009590148926 27.8587913513184 27.7434577941895 27.5064582824707 27.3681659698486 27.4443340301514 27.2699584960938 27.2593746185303 27.2993755340576 27.699333190918 27.9799575805664 28.0010833740234 27.414249420166 27.0288753509521 26.6695003509521 26.4506664276123 26.4987087249756 26.2661247253418 26.2219161987305 26.1752910614014 26.7948341369629 27.3309173583984 27.3523750305176 27.4949169158936 27.702917098999 28.1179580688477 28.2464160919189 28.4207496643066 28.5079574584961
-9999 -9999 -9999 -9999 -9999 -9999 -9999 -9999 -9999 -9999 -9999 -9999 -9999 -9999 -9999 -9999 26.5217094421387 26.4660415649414 26.9080009460449 27.0054168701172 26.9828338623047 27.2497501373291 26.8347072601318 26.97216796875 27.3767509460449 27.0472087860107 27.1581249237061 26.9772510528564 26.5738334655762 26.2430000305176 26.3582916259766 26.0593757629395 26.3642082214355 27.3583335876465 27.1495418548584 27.0729579925537 26.998083114624 26.7507915496826 27.1691665649414 27.1395835876465 27.2865009307861 27.3661670684814 27.1738758087158 27.1530418395996 27.2000827789307 26.5015830993652 26.744499206543 26.7737922668457 26.8277492523193 27.0147914886475 27.2375831604004 27.2476673126221 27.638708114624 27.898458480835 28.1094989776611 28.201416015625 28.1749572753906 28.3525829315186 28.468542098999 28.5833339691162
-9999 -9999 -9999 -9999 -9999 -9999 -9999 -9999 -9999 -9999 -9999 -9999 -9999 -9999 -9999 -9999 -9999 26.7967910766602 26.7120418548584 26.3512077331543 26.790584564209 26.8182907104492 26.6718330383301 26.6571254730225 27.0601673126221 26.9155006408691 26.6049575805664 26.456750869751 25.9461669921875 25.3423328399658 25.3140411376953 25.3780002593994 25.5199584960938 26.509708404541 26.4382915496826 26.5260829925537 26.3465003967285 26.0657081604004 26.0405826568604 26.585750579834 25.6783752441406 25.9368324279785 25.625207901001 25.7926254272461 25.3074169158936 25.8645401000977 25.9356250762939 25.9358329772949 26.1947078704834 26.425666809082 27.1044578552246 27.2988338470459 27.1113338470459 27.8415412902832 28.0909175872803 28.2733345031738 28.2852916717529 28.2769165039062 28.433708190918 28.6364994049072
-9999 -9999 -9999 -9999 -9999 -9999 -9999 -9999 -9999 -9999 -9999 -9999 -9999 -9999 -9999 -9999 -9999 -9999 26.8076667785645 26.4913749694824 26.4028739929199 26.0955410003662 26.6950836181641 26.7661247253418 26.7624588012695 26.9930000305176 26.7884998321533 26.4739170074463 26.0947494506836 25.9499168395996 25.4258327484131 25.4442920684814 25.6317081451416 26.5548324584961 26.5302085876465 26.6189155578613 26.4215831756592 26.0233345031738 24.9892921447754 24.9634170532227 23.8254165649414 25.3486671447754 24.6702919006348 25.033166885376 25.1866664886475 25.7661666870117 25.570499420166 25.464958190918 25.5279998779297 25.8406257629395 26.1650409698486 27.0186252593994 27.3832912445068 27.5974578857422 27.9374160766602 28.0387916564941 28.1490821838379 28.3609580993652 28.421501159668 28.4952507019043
-9999 -9999 -9999 -9999 -9999 -9999 -9999 -9999 -9999 -9999 -9999 -9999 -9999 -9999 -9999 -9999 -9999 -9999 -9999 26.0963745117188 25.9724578857422 25.5594997406006 25.1740837097168 25.6348743438721 25.9832077026367 26.7636661529541 26.8322925567627 26.6070003509521 26.4809589385986 26.492166519165 26.5879154205322 26.2001667022705 26.4197082519531 26.500415802002 26.6220417022705 26.5212097167969 26.382791519165 25.9142074584961 24.9970836639404 24.5552501678467 24.5392913818359 24.7607917785645 24.5273323059082 25.2217082977295 25.956958770752 25.8317089080811 25.5795421600342 25.4675827026367 25.5632495880127 25.8276252746582 26.9593334197998 27.7354583740234 27.7782497406006 26.8915424346924 27.6700000762939 28.0358333587646 28.1188335418701 28.3125 28.4840412139893 28.6109161376953
-9999 -9999 -9999 -9999 -9999 -9999 -9999 -9999 -9999 -9999 -9999 -9999 -9999 -9999 -9999 -9999 -9999 -9999 -9999 -9999 25.3344173431396 25.3597087860107 25.0999164581299 24.3248329162598 24.9278755187988 25.5463333129883 25.9517078399658 26.4917907714844 26.5580005645752 26.5682487487793 27.0256671905518 26.8643341064453 26.9457912445068 26.6245422363281 26.4511661529541 26.3287506103516 25.880708694458 25.4087085723877 24.0289154052734 24.1477508544922 24.3312911987305 24.4422912597656 25.3854999542236 26.2232913970947 25.9751663208008 26.025541305542 26.0412502288818 26.0167083740234 25.8346252441406 26.1123332977295 27.2460422515869 27.8187503814697 28.0559997558594 27.7982501983643 27.7724170684814 28.0174579620361 28.167875289917 28.2438335418701 28.4233741760254 28.5163745880127
-9999 -9999 -9999 -9999 -9999 -9999 -9999 -9999 -9999 -9999 -9999 -9999 -9999 -9999 -9999 -9999 -9999 -9999 -9999 -9999 -9999 25.3633327484131 25.2652072906494 25.2201671600342 25.0863742828369 24.8939590454102 24.3209171295166 25.2252502441406 26.1729164123535 26.2452507019043 26.7703342437744 27.1379585266113 27.1189575195312 26.5208320617676 26.2178745269775 25.7497081756592 24.9919166564941 25.2984580993652 25.55295753479 25.786750793457 25.3209590911865 26.1345405578613 26.5082092285156 26.7429580688477 25.6965408325195 26.1666660308838 26.1511669158936 26.3267917633057 25.9491653442383 26.0128326416016 26.5115413665771 26.7984580993652 27.2577495574951 27.9145832061768 27.4619159698486 27.7727088928223 28.0339584350586 28.1089172363281 28.4562492370605 28.5911254882812
-9999 -9999 -9999 -9999 -9999 -9999 -9999 -9999 -9999 -9999 -9999 -9999 -9999 -9999 -9999 -9999 -9999 -9999 -9999 -9999 -9999 -9999 25.1637077331543 24.7663326263428 24.443000793457 24.8168334960938 24.5853328704834 24.0947074890137 25.8460826873779 25.8802909851074 26.1436672210693 26.8055839538574 26.8844165802002 26.564001083374 26.0151252746582 25.0749168395996 24.7157096862793 25.4502086639404 26.0765838623047 25.9988327026367 26.7039165496826 25.9531669616699 27.415958404541 26.3055839538574 26.1674156188965 26.0874176025391 26.2799587249756 26.4989585876465 26.4583740234375 25.9479160308838 27.195125579834 27.8377494812012 28.0352077484131 28.2595825195312 28.22487449646 28.010082244873 27.6371250152588 28.035041809082 28.5140419006348 28.4872493743896
-9999 -9999 -9999 -9999 -9999 -9999 -9999 -9999 -9999 -9999 -9999 -9999 -9999 -9999 -9999 -9999 -9999 -9999 -9999 -9999 -9999 -9999 -9999 25.0722503662109 24.1988334655762 23.8558330535889 24.0604572296143 25.2044582366943 26.111083984375 26.0300006866455 25.4134578704834 26.2100830078125 27.0862922668457 26.0788745880127 25.6938323974609 26.7650413513184 26.6741676330566 26.2738742828369 26.2693328857422 26.7285842895508 26.9964160919189 26.4774589538574 26.9287490844727 26.9070415496826 26.607666015625 26.3816661834717 26.7302913665771 26.8892078399658 26.8394584655762 26.8640422821045 27.117374420166 27.5033340454102 27.9838333129883 27.9571666717529 27.922082901001 27.9578742980957 28.2642078399658 28.3465423583984 28.5925827026367 28.5765838623047
-9999 -9999 -9999 -9999 -9999 -9999 -9999 -9999 -9999 -9999 -9999 -9999 -9999 -9999 -9999 -9999 -9999 -9999 -9999 -9999 -9999 -9999 -9999 24.6754589080811 25.1827087402344 25.6475410461426 26.5527076721191 26.1646671295166 26.138708114624 27.001708984375 26.8402080535889 27.0566253662109 27.5825004577637 27.3708324432373 26.6120414733887 27.4680843353271 27.0868339538574 26.4557075500488 26.1337509155273 26.7475414276123 27.1791248321533 26.9307498931885 27.0089168548584 27.3949584960938 27.4849586486816 27.3733749389648 27.7015838623047 27.4269580841064 27.2403335571289 26.6366672515869 26.6205406188965 27.4198341369629 27.7729167938232 27.6827087402344 27.0756244659424 27.8098754882812 28.2842082977295 28.5069999694824 28.5509586334229 28.6130409240723
-9999 -9999 -9999 -9999 -9999 -9999 -9999 -9999 -9999 -9999 -9999 -9999 -9999 -9999 -9999 -9999 -9999 -9999 -9999 -9999 -9999 -9999 -9999 -9999 26.4835834503174 26.8441677093506 27.2124996185303 27.2171669006348 27.2453746795654 27.4099578857422 27.4677085876465 27.2401657104492 27.6209583282471 27.5540428161621 27.2192916870117 27.5411243438721 26.9474582672119 27.0509166717529 26.3931655883789 26.6017913818359 27.0616245269775 27.5249176025391 27.2749176025391 27.5514583587646 27.7837085723877 27.8400421142578 27.8420829772949 27.173957824707 26.2519989013672 26.341625213623 26.519832611084 26.5992088317871 26.8730411529541 27.5471668243408 27.1529579162598 27.0726661682129 28.4473743438721 28.6497497558594 28.679666519165 28.6777076721191
-9999 -9999 -9999 -9999 -9999 -9999 -9999 -9999 -9999 -9999 -9999 -9999 -9999 -9999 -9999 -9999 -9999 -9999 -9999 -9999 -9999 -9999 -9999 -9999 26.9935417175293 27.1961250305176 27.3925838470459 27.4709587097168 27.5880012512207 27.6308746337891 27.6113338470459 27.6072082519531 27.6559581756592 27.6128349304199 27.4696655273438 27.5319576263428 27.3209991455078 27.3100833892822 26.9885406494141 27.0964584350586 27.5292911529541 27.6135005950928 27.6013336181641 27.0445423126221 26.5892906188965 27.0811672210693 27.5046253204346 26.4958324432373 25.535041809082 25.9881248474121 26.6125831604004 26.81591796875 26.7298755645752 26.9407501220703 26.5652923583984 27.1842918395996 28.4056663513184 28.5765419006348 28.5324993133545 28.603874206543
-9999 -9999 -9999 -9999 -9999 -9999 -9999 -9999 -9999 -9999 -9999 -9999 -9999 -9999 -9999 -9999 -9999 -9999 -9999 -9999 -9999 -9999 -9999 -9999 27.1723747253418 27.3006248474121 27.4772911071777 27.4826259613037 27.5588321685791 27.6504592895508 27.6434593200684 27.625207901001 27.6172504425049 27.7460842132568 27.6927909851074 27.5951251983643 27.5184593200684 27.4330406188965 27.183500289917 27.0983333587646 27.6785411834717 27.763126373291 27.6197929382324 27.2709579467773 27.0807075500488 27.9546241760254 27.7427082061768 26.6536254882812 26.1925411224365 25.6603336334229 26.6478748321533 26.9399585723877 26.9187507629395 26.3725833892822 24.7931251525879 24.601583480835 27.1471672058105 28.6255416870117 28.64404296875 28.6199588775635
-9999 -9999 -9999 -9999 -9999 -9999 -9999 -9999 -9999 -9999 -9999 -9999 -9999 -9999 -9999 -9999 -9999 -9999 -9999 -9999 -9999 -9999 -9999 -9999 27.2858753204346 27.323917388916 27.482666015625 27.5229167938232 27.5334167480469 27.6308746337891 27.6910419464111 27.6982917785645 27.7252922058105 27.7572078704834 27.7417488098145 27.6969165802002 27.6143341064453 27.6081657409668 27.5594596862793 27.3969593048096 27.7542915344238 27.6945419311523 27.6649589538574 28.734748840332 27.7015419006348 28.0427093505859 29.0974998474121 27.7053756713867 25.8522090911865 25.6401672363281 26.5269584655762 26.9520416259766 27.0351238250732 26.3052082061768 24.0613746643066 24.3808326721191 28.0615825653076 28.6526260375977 28.6254577636719 28.6892910003662
-9999 -9999 -9999 -9999 -9999 -9999 -9999 -9999 -9999 -9999 -9999 -9999 -9999 -9999 -9999 -9999 -9999 -9999 -9999 -9999 -9999 -9999 -9999 -9999 -9999 27.4136657714844 27.4096260070801 27.4470405578613 27.4684581756592 27.4447917938232 27.4959583282471 27.5083751678467 27.2769584655762 27.3139591217041 27.4988746643066 27.5062503814697 27.4582080841064 27.5620002746582 27.1011657714844 27.1755828857422 27.5854988098145 27.6550827026367 27.1915836334229 28.2649993896484 27.7530403137207 27.9463329315186 28.7353324890137 28.1843338012695 26.9819583892822 26.298583984375 25.6194591522217 26.7160415649414 27.1992492675781 27.0450000762939 25.2770004272461 26.3681659698486 28.5750007629395 28.6327495574951 28.6903343200684 28.674388885498
-9999 -9999 -9999 -9999 -9999 -9999 -9999 -9999 -9999 -9999 -9999 -9999 -9999 -9999 -9999 -9999 -9999 -9999 -9999 -9999 -9999 -9999 -9999 -9999 -9999 27.3748741149902 27.3552494049072 27.296459197998 27.2705421447754 27.3012924194336 27.273624420166 26.8061656951904 26.8181667327881 27.0892086029053 27.161958694458 27.2233753204346 27.2040424346924 27.5289993286133 27.6968326568604 27.6140823364258 27.7880840301514 27.6051254272461 27.2279167175293 27.2477912902832 28.2275409698486 28.7765007019043 28.9425010681152 27.9345417022705 27.3700828552246 27.0103759765625 25.7758331298828 26.5629997253418 27.1780014038086 27.4406661987305 27.3121242523193 27.8016662597656 27.7496242523193 28.2991256713867 28.6474285125732 28.6286106109619
-9999 -9999 -9999 -9999 -9999 -9999 -9999 -9999 -9999 -9999 -9999 -9999 -9999 -9999 -9999 -9999 -9999 -9999 -9999 -9999 -9999 -9999 -9999 -9999 -9999 27.2765426635742 27.3257083892822 27.2223739624023 27.1503753662109 27.2753753662109 26.9956665039062 26.9160842895508 27.189624786377 27.1769580841064 27.4403743743896 27.3904991149902 27.2427501678467 27.6227493286133 27.6609172821045 27.6887493133545 27.6809158325195 27.4301662445068 26.9040412902832 27.1905002593994 28.5782928466797 28.811206817627 27.8653755187988 27.9947929382324 27.9684162139893 27.5978755950928 26.8730010986328 26.1930408477783 27.5078754425049 28.2598743438721 28.0105838775635 28.4133338928223 28.5871658325195 28.6256732940674 28.5885429382324 -9999
-9999 -9999 -9999 -9999 -9999 -9999 -9999 -9999 -9999 -9999 -9999 -9999 -9999 -9999 -9999 -9999 -9999 -9999 -9999 -9999 -9999 -9999 -9999 -9999 -9999 27.0121250152588 27.0192070007324 27.0805835723877 27.1226234436035 27.1429576873779 26.8836250305176 26.9195423126221 27.117208480835 27.2084999084473 27.3958740234375 27.392541885376 27.5082092285156 27.7973747253418 27.7132911682129 27.7634582519531 27.6352081298828 27.6116676330566 27.5432090759277 27.3660411834717 27.8110828399658 27.3424987792969 28.0733337402344 28.1930828094482 28.0480422973633 27.8035831451416 27.8231239318848 26.9505004882812 27.6837501525879 28.4552917480469 28.5403747558594 28.5662498474121 28.5739593505859 28.5370044708252 28.5427532196045 -9999
-9999 -9999 -9999 -9999 -9999 -9999 -9999 -9999 -9999 -9999 -9999 -9999 -9999 -9999 -9999 -9999 -9999 -9999 -9999 -9999 -9999 -9999 -9999 -9999 -9999 26.861083984375 26.8494987487793 26.9104175567627 26.9684581756592 26.9419593811035 26.6959991455078 26.791374206543 27.0552501678467 27.0049591064453 26.5612907409668 27.3127498626709 27.5547504425049 27.8164577484131 27.8889999389648 27.9777088165283 28.0585823059082 28.211124420166 28.0494575500488 27.9555416107178 27.5382499694824 27.0660419464111 27.6209163665771 28.1359596252441 28.4230003356934 28.1790828704834 28.2619171142578 28.4086246490479 28.486083984375 28.568416595459 28.5659160614014 28.5987911224365 28.6495418548584 28.4983329772949 28.5150356292725 -9999
-9999 -9999 -9999 -9999 -9999 -9999 -9999 -9999 -9999 -9999 -9999 -9999 -9999 -9999 -9999 -9999 -9999 -9999 -9999 -9999 -9999 -9999 -9999 -9999 -9999 -9999 26.7343330383301 26.8655414581299 26.8176670074463 26.5235004425049 26.5888328552246 26.5054168701172 26.7703742980957 26.7818336486816 27.0624580383301 27.3239593505859 27.5392913818359 27.6788330078125 28.0427913665771 28.0799999237061 28.0928344726562 28.0422916412354 27.876708984375 28.1234588623047 27.2457504272461 26.9504165649414 26.8289165496826 28.0184993743896 28.2776260375977 28.2748756408691 28.3775405883789 28.1042499542236 28.1029167175293 28.4807071685791 28.5743751525879 28.6062507629395 28.6557922363281 28.5499134063721 28.5030250549316 28.6350002288818
-9999 -9999 -9999 -9999 -9999 -9999 -9999 -9999 -9999 -9999 -9999 -9999 -9999 -9999 -9999 -9999 -9999 -9999 -9999 -9999 -9999 -9999 -9999 -9999 -9999 -9999 26.5109577178955 26.3808746337891 26.2013320922852 26.43137550354 26.2965831756592 25.1852912902832 26.669750213623 26.8268337249756 27.1767501831055 27.3529586791992 27.3691673278809 27.6036262512207 27.8718338012695 27.6848754882812 26.6177921295166 26.2845001220703 25.9505424499512 26.8742504119873 27.5084590911865 27.273250579834 27.1521663665771 26.820499420166 27.2230834960938 27.85329246521 28.1063747406006 28.0695838928223 28.2801246643066 28.5073337554932 28.5344581604004 28.5775833129883 28.5747089385986 28.483097076416 28.4806118011475 -9999
