02 cropping and modelling/wc2.1_10m_bio_9.asc
NCOLS 368 
NROWS 210 
XLLCORNER 67.1666666666667 
YLLCORNER 3.5 
CELLSIZE 0.166666666666667 
NODATA_value -9999 
[rows 81 to 107 of 210, columns 240 to 299 of 368]
10.0883331298828 9.26149940490723 8.65266704559326 8.72820854187012 9.5091667175293 9.66699981689453 10.5201663970947 11.4055833816528 10.8547916412354 11.1700420379639 11.7710418701172 12.2817497253418 12.2382917404175 11.4710416793823 11.2714586257935 11.353666305542 11.1542921066284 11.291916847229 10.9444580078125 11.6383752822876 11.0275421142578 11.4688339233398 10.1450834274292 8.69233322143555 10.6734580993652 11.4077081680298 10.3978328704834 10.1072912216187 9.45795822143555 9.96074962615967 11.0963335037231 11.4992914199829 11.1423330307007 8.3836669921875 8.19333362579346 9.17183303833008 9.62154197692871 12.0948753356934 12.6506662368774 12.395583152771 11.6118335723877 12.3281669616699 11.6319169998169 11.1402502059937 11.1797914505005 11.9148750305176 11.6847496032715 15.2828750610352 15.9620409011841 11.5378332138062 11.9117918014526 12.0617923736572 11.9772920608521 12.7624168395996 12.348708152771 12.9304580688477 13.2884578704834 12.0729160308838 13.0401668548584 11.6870002746582
10.4131669998169 9.87629127502441 9.67916679382324 10.0114583969116 10.4892082214355 10.7307920455933 12.2844161987305 12.1438331604004 12.0264167785645 12.0089998245239 11.7856254577637 12.3946666717529 12.432541847229 12.1602087020874 12.0586671829224 12.1607084274292 11.7708749771118 10.7454166412354 10.5521249771118 12.0550832748413 12.3537082672119 12.3831253051758 11.2792921066284 9.51824951171875 11.033166885376 11.5396251678467 9.24566650390625 10.2255420684814 10.4037914276123 9.63883304595947 10.9219999313354 11.6949586868286 10.963791847229 10.5468330383301 9.01725006103516 10.1452503204346 11.7003335952759 12.7054166793823 13.3097085952759 12.594500541687 10.8747081756592 11.443416595459 10.9253330230713 11.6437501907349 11.9288330078125 15.6898326873779 15.8203754425049 16.3700828552246 15.9997081756592 11.7526245117188 16.6344165802002 12.4227085113525 12.73912525177 12.870041847229 12.7328338623047 13.3661670684814 13.7814168930054 12.980541229248 12.6867504119873 12.300666809082
10.2399168014526 10.787166595459 9.57179164886475 10.5395832061768 10.5323753356934 12.6397504806519 12.8599576950073 13.0056667327881 12.632833480835 12.6790828704834 12.6701669692993 12.6858749389648 12.8773336410522 12.7043752670288 12.7807083129883 12.819375038147 12.5200414657593 11.2619581222534 11.5879163742065 12.5064172744751 12.3462085723877 12.27512550354 11.9120836257935 11.0677919387817 12.2311248779297 12.0645837783813 10.5483331680298 10.7937078475952 11.5245418548584 10.8323745727539 10.6897916793823 12.2326250076294 11.6905422210693 11.6613750457764 10.9932918548584 11.0640420913696 11.1700420379639 12.080207824707 13.1803331375122 11.6887912750244 11.6005420684814 12.1058750152588 11.9097080230713 11.3519172668457 11.6200828552246 15.4905834197998 15.951042175293 16.58766746521 16.8105411529541 16.8206253051758 16.5697917938232 12.1594161987305 13.7409582138062 13.910083770752 13.5149583816528 14.1298751831055 13.9202499389648 13.7539587020874 12.5039587020874 11.8974161148071
10.2787494659424 10.3713750839233 10.8322916030884 11.6883745193481 12.662917137146 12.6008749008179 12.9934167861938 12.956166267395 13.0245418548584 12.7189168930054 12.5867919921875 12.4802494049072 13.1242504119873 13.3394165039062 13.2150411605835 13.1868743896484 13.0595417022705 11.9330415725708 11.9318752288818 12.2575416564941 11.0295839309692 11.7354164123535 11.6227912902832 12.4872913360596 12.5115003585815 12.6986665725708 12.8195838928223 12.1219997406006 11.1148338317871 11.1303329467773 10.2645826339722 10.6847915649414 12.330958366394 12.1193332672119 12.9154996871948 12.5209169387817 12.0299997329712 12.8979578018188 12.738166809082 12.7764167785645 12.4240417480469 13.2937498092651 12.8591251373291 12.0841245651245 12.2045421600342 11.9307079315186 17.0348339080811 17.3752918243408 17.4439163208008 17.3784160614014 17.2207908630371 13.551082611084 13.8895835876465 14.1510829925537 14.4532499313354 13.8790826797485 14.3085832595825 13.9915418624878 12.8487501144409 12.4457082748413
11.7865419387817 12.8274583816528 12.5110836029053 11.4842081069946 12.4036245346069 12.6096668243408 12.9081249237061 12.8331670761108 12.7986669540405 12.3949584960938 12.2845840454102 12.2455415725708 13.3324995040894 13.6770839691162 13.3811664581299 13.388500213623 13.3602495193481 12.3130836486816 10.0096664428711 11.9384994506836 12.0299587249756 12.1786251068115 12.2373752593994 12.0092086791992 12.7498331069946 11.9187088012695 11.8496246337891 12.4911670684814 10.7052917480469 11.9720001220703 11.4997911453247 11.1576251983643 12.7802085876465 12.5241250991821 13.1220836639404 13.910249710083 13.6710414886475 14.1904163360596 13.2702083587646 14.0335416793823 13.813458442688 13.3191661834717 12.3784160614014 13.3382501602173 12.5957498550415 17.4637088775635 17.8362503051758 17.6969585418701 17.640209197998 17.8187923431396 17.9179992675781 14.4247913360596 14.0016670227051 14.6504163742065 13.581166267395 13.582124710083 14.4667911529541 14.1536245346069 13.9053335189819 13.0368328094482
12.4714584350586 14.1593751907349 13.5414581298828 11.8959579467773 12.9678335189819 13.5267915725708 12.456916809082 13.2927913665771 12.9980001449585 12.8817920684814 12.8285827636719 12.9460000991821 13.4189577102661 13.6033744812012 13.5786666870117 13.8064165115356 13.7427911758423 11.6578330993652 10.5180835723877 12.1936664581299 12.8744163513184 12.8012084960938 12.5578336715698 12.9312086105347 12.6157913208008 12.4269580841064 12.8052082061768 13.4759578704834 13.089916229248 13.8978328704834 13.3730001449585 12.7338333129883 11.8859586715698 13.4562911987305 13.7736663818359 13.5778751373291 13.783332824707 13.6795415878296 13.4989995956421 14.0509996414185 13.2999172210693 12.1237087249756 13.1375417709351 13.4942502975464 13.3167505264282 18.0625839233398 17.8479995727539 17.2622089385986 18.0012493133545 17.6314582824707 18.153959274292 14.8875417709351 14.7032079696655 14.0380420684814 13.7865419387817 14.298999786377 13.9501247406006 13.9854164123535 14.3033332824707 14.117166519165
14.3690414428711 14.3331661224365 13.8976669311523 13.4270830154419 13.6967506408691 14.3632078170776 13.1067914962769 13.1787080764771 13.6350412368774 13.4909162521362 13.3922920227051 13.4758329391479 13.7900419235229 14.1113748550415 14.0696249008179 13.7460412979126 12.9709997177124 10.9827079772949 12.6570415496826 13.4492082595825 13.5316257476807 13.3216247558594 13.6375417709351 13.5786666870117 12.2358331680298 13.5263748168945 14.0315837860107 14.4593334197998 13.8829584121704 14.5969161987305 14.4424171447754 13.5387916564941 12.4573745727539 12.929708480835 14.0979585647583 13.399374961853 14.2493333816528 13.7561664581299 13.8310413360596 13.3768329620361 13.1176252365112 13.1033334732056 13.3109169006348 13.9255418777466 14.6790418624878 14.510666847229 17.6490840911865 18.2860412597656 17.5499992370605 17.1865844726562 18.0891246795654 15.096625328064 14.5313329696655 13.9025001525879 14.2188329696655 14.8261251449585 13.5609998703003 14.153208732605 15.3559169769287 14.8725004196167
14.5382919311523 14.1046667098999 14.4660835266113 14.2079162597656 14.6003332138062 14.5893745422363 13.7779579162598 13.1322917938232 13.7859163284302 13.8790416717529 14.3074169158936 14.0448331832886 18.2584171295166 18.3287506103516 18.2785835266113 17.4346656799316 12.0419578552246 13.1657915115356 13.8300838470459 14.0049161911011 14.2414999008179 14.1315832138062 13.8421249389648 14.2139167785645 13.3324584960938 14.1190414428711 14.3680000305176 14.6225004196167 14.4534587860107 14.1620836257935 14.3798332214355 14.2731666564941 13.5453329086304 13.3723745346069 14.388708114624 14.5937919616699 14.9087915420532 14.8485832214355 14.1844577789307 13.7156667709351 13.2699584960938 13.970832824707 14.8459167480469 14.7432918548584 14.7304992675781 15.4071245193481 14.7117080688477 14.0014171600342 13.572208404541 13.9196662902832 14.6732501983643 14.8912916183472 13.2444171905518 14.8378753662109 14.9742498397827 14.3888330459595 15.622917175293 15.0138740539551 15.9631252288818 16.1050415039062
15.7803745269775 14.8053331375122 14.5808334350586 14.694375038147 14.6157083511353 14.6270418167114 14.3121252059937 12.8901662826538 14.1909999847412 14.3160829544067 14.5536251068115 14.209041595459 18.2865829467773 18.2750415802002 18.4559574127197 18.4267921447754 13.4080419540405 14.7087078094482 15.2721672058105 15.2021255493164 14.9462080001831 14.8675422668457 14.3524580001831 14.6322917938232 14.908166885376 14.6932916641235 14.6745414733887 14.8924169540405 13.7410001754761 14.3637084960938 14.1079998016357 14.6672916412354 14.2084999084473 14.8769998550415 15.309458732605 15.2381248474121 14.5767078399658 14.8577089309692 15.1614999771118 14.1518335342407 14.0887088775635 14.7319993972778 14.9352083206177 14.9444580078125 15.2472915649414 15.4581670761108 14.534291267395 14.8244581222534 14.3803749084473 14.7428750991821 14.7453327178955 14.1662082672119 13.3872079849243 15.5810832977295 16.380542755127 16.3139991760254 16.3850421905518 16.3120422363281 16.3367671966553 16.1477184295654
15.4031667709351 15.6580829620361 15.3649168014526 15.1230001449585 14.8254585266113 14.8531665802002 14.8740825653076 13.0911245346069 13.7961254119873 14.7504167556763 14.6851663589478 14.5640001296997 18.3104591369629 18.2740421295166 18.3230419158936 18.3537082672119 14.2682914733887 15.1228332519531 15.3066663742065 15.4777917861938 15.4173746109009 15.2247915267944 15.3445835113525 15.3858337402344 15.5999164581299 15.2622089385986 15.1741666793823 14.3929996490479 13.8329582214355 14.685583114624 14.1691255569458 14.7934169769287 15.1839580535889 15.3987922668457 15.5397920608521 15.4792919158936 15.7601661682129 15.4488754272461 15.0825004577637 15.2024993896484 15.1575002670288 14.9896249771118 14.6376667022705 15.5552921295166 15.7649993896484 15.3999586105347 15.491250038147 14.8778743743896 14.4488334655762 14.2037506103516 14.0986251831055 15.1576251983643 15.8387079238892 16.4595413208008 16.2582092285156 16.3165836334229 16.3760833740234 16.7488975524902 16.098258972168 15.8061561584473
15.0075836181641 15.1802082061768 15.9824171066284 15.4658756256104 15.1485414505005 15.4976253509521 15.331958770752 15.0192499160767 13.8514585494995 14.6021251678467 14.8095417022705 14.762583732605 14.7033338546753 14.5140419006348 14.2515001296997 15.0820417404175 15.4797086715698 15.499792098999 15.0883331298828 15.1342916488647 15.1538333892822 15.3053750991821 15.3630418777466 15.3270835876465 15.5132913589478 15.4720001220703 15.7472505569458 15.399582862854 15.2402086257935 15.2609577178955 15.3851251602173 14.8784160614014 15.1764163970947 15.9930419921875 15.9110412597656 15.974458694458 16.0596656799316 15.3997497558594 15.5982503890991 15.9091663360596 15.6757507324219 15.6058750152588 15.5467920303345 15.3070421218872 15.9679164886475 15.0710830688477 14.9641246795654 14.9120416641235 15.2432498931885 14.3859586715698 15.5990419387817 14.92799949646 15.6644163131714 15.7312498092651 16.296459197998 16.7917919158936 16.646167755127 16.6207790374756 -9999 -9999
15.1521253585815 15.2638330459595 15.7880840301514 16.1509170532227 15.9347496032715 15.5790004730225 15.4101667404175 14.813666343689 13.9202079772949 13.8761253356934 14.4053335189819 14.4071664810181 13.7162914276123 14.9720830917358 15.3468751907349 15.4347085952759 15.5180416107178 15.3204164505005 14.8125829696655 15.0961666107178 15.3129587173462 15.399582862854 15.5168333053589 15.1352500915527 15.1511249542236 15.2328758239746 15.0695829391479 15.5015411376953 15.511791229248 15.759916305542 15.5261249542236 15.8940000534058 15.6982498168945 15.9236669540405 16.1506671905518 16.3360404968262 16.4376258850098 16.3387088775635 16.4445838928223 16.64670753479 16.7094573974609 16.5346260070801 16.286958694458 16.3917503356934 16.312292098999 15.8485832214355 15.6942501068115 15.3344163894653 15.2236661911011 16.5468330383301 16.4830417633057 15.789041519165 16.4746246337891 16.7247924804688 16.4340419769287 16.4500427246094 16.937931060791 -9999 -9999 -9999
15.4271659851074 15.0179996490479 15.2659997940063 15.3680419921875 15.9639167785645 15.7441663742065 15.2664585113525 15.0933332443237 14.8890829086304 14.5348749160767 14.7097501754761 14.9055004119873 14.774374961853 15.1137084960938 15.1817083358765 15.3215007781982 15.2416667938232 14.8461666107178 13.6099166870117 14.3082494735718 15.5724582672119 15.2063751220703 15.6389579772949 15.5115413665771 15.5039167404175 15.1182498931885 15.6479997634888 16.1075420379639 15.2994165420532 15.6971244812012 16.0402927398682 16.0979595184326 16.1437911987305 16.1149997711182 16.2593326568604 16.4930839538574 16.4941253662109 16.5339584350586 16.5927505493164 16.509708404541 16.6886253356934 16.4865417480469 15.8734159469604 16.0747089385986 16.2970008850098 16.2323741912842 15.4544162750244 15.7304162979126 16.6987075805664 16.9201259613037 17.1089324951172 17.0475273132324 17.1921253204346 17.2567920684814 17.316764831543 17.1760272979736 17.216667175293 -9999 -9999 -9999
15.8916664123535 15.7469997406006 15.9877080917358 15.8433332443237 16.0761661529541 15.6228332519531 15.5358333587646 15.3997917175293 15.155083656311 14.9115829467773 14.9868335723877 14.9636669158936 15.0477914810181 15.1852502822876 14.8957920074463 14.7946662902832 14.950291633606 15.1226243972778 15.2759590148926 15.6585826873779 15.6297082901001 15.1781253814697 15.1899585723877 15.1012496948242 15.2848339080811 16.1807918548584 16.5924587249756 16.2952079772949 15.620041847229 15.5927085876465 16.2709579467773 15.95924949646 16.0573329925537 15.6306667327881 16.1916255950928 16.4894580841064 16.8095836639404 16.7238750457764 16.7704448699951 17.0560913085938 16.8090839385986 17.0144996643066 16.8448333740234 16.6069583892822 16.3463325500488 16.4332580566406 16.7043628692627 16.7052841186523 16.8539066314697 17.0023136138916 17.1502952575684 17.3780307769775 17.4281539916992 17.3916664123535 -9999 -9999 -9999 -9999 -9999 -9999
16.3883762359619 16.1350841522217 16.4097499847412 16.2590007781982 15.9764165878296 15.4892911911011 15.4502086639404 15.1921672821045 15.0159587860107 14.751916885376 14.8517913818359 14.9641246795654 14.8424587249756 14.7982082366943 14.7678337097168 14.6616668701172 14.7485418319702 15.7232913970947 15.6681671142578 15.5433330535889 14.7443332672119 15.6701250076294 15.4314994812012 15.4007081985474 14.3517913818359 16.0630836486816 16.2687911987305 15.7969169616699 16.3430423736572 15.7546663284302 15.587082862854 16.4799995422363 16.424165725708 16.1490840911865 16.4150829315186 16.7569580078125 16.9340839385986 16.9772491455078 16.9894866943359 17.1578426361084 17.1577186584473 17.2631950378418 16.5402641296387 16.5873584747314 16.498291015625 16.9407806396484 17.1173477172852 -9999 -9999 18.0166664123535 17.966667175293 -9999 -9999 -9999 -9999 -9999 -9999 -9999 -9999 -9999
16.5699157714844 16.568416595459 16.4108753204346 16.1001663208008 15.8996257781982 15.5426244735718 15.3487911224365 15.1077919006348 14.9371671676636 14.7131252288818 14.9751243591309 14.9993753433228 15.1637496948242 14.8214168548584 14.5547914505005 14.4924163818359 14.8969583511353 15.5670833587646 15.5459995269775 15.4437913894653 15.5547504425049 15.7847080230713 16.3043746948242 15.6810417175293 14.1946668624878 15.1782493591309 14.8848752975464 15.8895835876465 16.8547077178955 15.5145835876465 15.6307077407837 16.7242088317871 16.8470840454102 16.8863334655762 16.6602916717529 16.7740421295166 16.8921661376953 16.5737075805664 16.957275390625 17.7333335876465 17.286304473877 16.9887180328369 16.9075222015381 17.1392154693604 16.9751930236816 -9999 -9999 -9999 -9999 -9999 -9999 -9999 -9999 -9999 -9999 -9999 -9999 -9999 -9999 -9999
16.3990421295166 16.1466255187988 16.1427917480469 15.6359167098999 15.2950420379639 15.2217082977295 15.1800413131714 15.1291666030884 15.1594581604004 14.9911670684814 15.2315835952759 15.2425422668457 15.2307081222534 15.1899166107178 15.3007497787476 14.9972496032715 15.8304166793823 15.5092506408691 15.8179998397827 15.8661670684814 16.3234157562256 16.8255424499512 17.0348339080811 15.8112497329712 13.7454996109009 14.6696243286133 15.6378746032715 16.7798748016357 16.3992080688477 15.8339166641235 16.7266254425049 17.0450000762939 17.0157089233398 16.9938335418701 16.058874130249 16.6076583862305 16.9379577636719 17.086332321167 17.1962738037109 17.4722232818604 16.8400573730469 17.4615249633789 17.5182819366455 17.7250003814697 -9999 -9999 -9999 -9999 -9999 -9999 -9999 -9999 -9999 -9999 -9999 -9999 -9999 -9999 -9999 -9999
16.2860832214355 16.2708740234375 16.2079162597656 16.1424160003662 15.6733331680298 15.1146669387817 15.2420415878296 15.414249420166 15.2081251144409 15.2402086257935 15.1835422515869 15.3530006408691 15.5542087554932 15.6280841827393 15.8893337249756 15.9262914657593 15.9899168014526 15.9695415496826 16.3700408935547 16.5374164581299 16.858959197998 17.1155834197998 17.3796253204346 16.9046669006348 16.1359996795654 16.9435005187988 17.2591247558594 17.2966251373291 17.073917388916 16.6770000457764 17.1371250152588 16.9808330535889 16.9787921905518 17.1963748931885 16.9343757629395 17.0392093658447 17.13356590271 17.1624584197998 17.1013717651367 17.7379627227783 18.0148143768311 18.2214279174805 17.4854164123535 -9999 -9999 -9999 -9999 -9999 -9999 -9999 -9999 -9999 -9999 -9999 -9999 -9999 -9999 -9999 -9999 -9999
15.3091249465942 15.2104997634888 15.7140836715698 15.6277084350586 14.8777503967285 14.8662919998169 15.6391668319702 13.9494123458862 15.4560222625732 15.3554582595825 15.5376663208008 15.6917915344238 15.8139162063599 16.1282081604004 16.2609577178955 15.9584999084473 16.0786247253418 16.4452075958252 16.7592086791992 16.8931255340576 17.2082500457764 17.5085411071777 17.5618324279785 16.7297077178955 16.8142490386963 15.9667081832886 17.0857486724854 17.5419998168945 17.7186660766602 17.5051670074463 17.3622493743896 17.3321666717529 17.1055145263672 16.9821758270264 16.734375 16.9938774108887 16.9553928375244 17.1722221374512 -9999 17.2044868469238 18.6499996185303 18.0154762268066 17.5133323669434 -9999 -9999 -9999 -9999 -9999 -9999 -9999 -9999 -9999 -9999 -9999 -9999 -9999 -9999 -9999 -9999 -9999
15.0511255264282 15.0524168014526 14.5699586868286 15.3877086639404 15.6257915496826 14.5417499542236 14.6453094482422 14.3327417373657 14.0231781005859 15.8041105270386 16.0010223388672 16.2446250915527 16.4840412139893 16.5432510375977 16.6763248443604 16.7372913360596 16.7334575653076 16.8740425109863 17.0384578704834 17.1708335876465 17.4822082519531 17.7954158782959 17.9261665344238 17.6374588012695 17.621166229248 17.0712490081787 17.7078323364258 17.6879844665527 17.8437633514404 17.8163757324219 17.2545948028564 17.3574676513672 17.5888557434082 17.3181972503662 16.9489574432373 18.3666667938232 -9999 -9999 -9999 -9999 -9999 -9999 -9999 -9999 -9999 -9999 -9999 -9999 -9999 -9999 -9999 -9999 -9999 -9999 -9999 -9999 -9999 -9999 -9999 -9999
15.5667495727539 15.5310001373291 14.9052925109863 15.3610553741455 15.846248626709 15.5869083404541 15.0567874908447 14.6639747619629 14.502272605896 14.5401411056519 16.4515571594238 16.7344226837158 16.8964576721191 17.0166664123535 17.0941009521484 17.1292858123779 17.2082500457764 17.3369579315186 17.4285011291504 17.4264583587646 17.7502918243408 17.9825839996338 18.2415428161621 18.0985717773438 17.9092826843262 18.0644664764404 17.7408294677734 17.6177768707275 17.8402996063232 18.2185173034668 18.6666660308838 17.3333339691162 17.5 17.3654766082764 17.8999996185303 -9999 -9999 -9999 -9999 -9999 -9999 -9999 -9999 -9999 -9999 -9999 -9999 -9999 -9999 -9999 -9999 -9999 -9999 -9999 -9999 -9999 -9999 -9999 -9999 -9999
16.7853336334229 16.7568340301514 15.7410888671875 16.3830642700195 16.1829433441162 16.021110534668 -9999 -9999 -9999 -9999 -9999 15.6115379333496 17.2341346740723 17.2750873565674 17.3791656494141 17.5208950042725 17.5778331756592 17.5978336334229 17.6897506713867 17.8282909393311 17.9664573669434 18.2102317810059 18.2305316925049 18.3263053894043 18.2502555847168 18.2999992370605 -9999 -9999 -9999 -9999 -9999 -9999 -9999 -9999 -9999 -9999 -9999 -9999 -9999 -9999 -9999 -9999 -9999 -9999 -9999 -9999 -9999 -9999 -9999 -9999 -9999 -9999 -9999 -9999 -9999 -9999 -9999 -9999 -9999 -9999
17.1292095184326 16.4406051635742 16.4231700897217 16.339506149292 16.3699989318848 -9999 -9999 -9999 -9999 -9999 -9999 -9999 -9999 -9999 -9999 16.2552528381348 16.3067092895508 17.7077922821045 17.7660827636719 18.1811180114746 18.2096939086914 18.2399997711182 -9999 -9999 -9999 -9999 -9999 -9999 -9999 -9999 -9999 -9999 -9999 -9999 -9999 -9999 -9999 -9999 -9999 -9999 -9999 -9999 -9999 -9999 -9999 -9999 -9999 -9999 -9999 -9999 -9999 -9999 -9999 -9999 -9999 -9999 -9999 -9999 -9999 -9999
17.4204998016357 16.6202049255371 16.4681949615479 16.6972217559814 16.647777557373 -9999 -9999 -9999 -9999 -9999 -9999 16.6041679382324 -9999 -9999 -9999 16.409538269043 16.4655418395996 16.5627918243408 16.6056976318359 16.780834197998 16.91725730896 -9999 -9999 -9999 -9999 -9999 -9999 -9999 -9999 -9999 -9999 -9999 -9999 -9999 -9999 -9999 -9999 -9999 -9999 -9999 -9999 -9999 -9999 -9999 -9999 -9999 -9999 -9999 -9999 -9999 -9999 -9999 -9999 -9999 -9999 -9999 -9999 -9999 -9999 -9999
18.4849700927734 16.7396125793457 16.6169357299805 16.834056854248 -9999 -9999 -9999 -9999 -9999 -9999 -9999 -9999 16.9333324432373 -9999 -9999 16.6925010681152 16.7277908325195 16.9640426635742 16.8915958404541 16.9459991455078 17.0125007629395 -9999 -9999 -9999 -9999 -9999 -9999 -9999 -9999 -9999 -9999 -9999 -9999 -9999 -9999 -9999 -9999 -9999 -9999 -9999 -9999 -9999 -9999 -9999 -9999 -9999 -9999 -9999 -9999 -9999 -9999 -9999 -9999 -9999 -9999 -9999 -9999 -9999 -9999 -9999
17.283332824707 17.0987167358398 -9999 -9999 -9999 -9999 -9999 -9999 -9999 -9999 -9999 -9999 -9999 -9999 -9999 16.9953651428223 16.9936676025391 17.0456237792969 17.1239929199219 17.3365154266357 -9999 -9999 -9999 -9999 -9999 -9999 -9999 -9999 -9999 -9999 -9999 -9999 -9999 -9999 -9999 -9999 -9999 -9999 -9999 -9999 -9999 -9999 -9999 -9999 -9999 -9999 -9999 -9999 -9999 -9999 -9999 -9999 -9999 -9999 -9999 -9999 -9999 21.7416667938232 -9999 -9999
-9999 -9999 -9999 -9999 -9999 -9999 -9999 -9999 -9999 -9999 -9999 -9999 -9999 -9999 -9999 17.3534240722656 17.3931732177734 17.2499160766602 17.1774578094482 17.5546245574951 17.7611122131348 -9999 -9999 -9999 -9999 -9999 -9999 -9999 -9999 -9999 -9999 -9999 -9999 -9999 -9999 -9999 -9999 -9999 -9999 -9999 -9999 -9999 -9999 -9999 -9999 -9999 -9999 -9999 -9999 -9999 -9999 -9999 -9999 -9999 -9999 -9999 -9999 -9999 -9999 -9999
