02 cropping and modelling/wc2.1_10m_bio_16.asc
NCOLS 368 
NROWS 210 
XLLCORNER 67.1666666666667 
YLLCORNER 3.5 
CELLSIZE 0.166666666666667 
NODATA_value -9999 
[rows 72 to 107 of 210, columns 81 to 161 of 368]
741 742 750 763 772 774 777 794 809 813 813 812 816 825 837 853 873 877 860 821 777 761 762 772 776 771 758 749 755 758 748 745 750 779 841 883 898 939 1043 1206 1393 1539 1587 1541 1486 1521 1677 1845 1939 1964 1958 1994 2082 2111 2063 1990 1928 1935 1962 1939 1761 1526 1349 1273 1227 1152 1053 948 872 848 871 911 931 990 1096 1116 1061 1026 947 920 946
760 746 746 755 762 764 773 790 803 802 796 797 810 830 842 860 891 888 846 799 773 779 790 785 772 750 718 693 705 719 715 707 716 748 803 855 880 921 1007 1124 1263 1374 1428 1413 1389 1418 1512 1626 1714 1775 1830 1904 1993 2034 1990 1916 1857 1816 1794 1749 1590 1323 1127 1064 1036 999 960 924 820 826 882 916 919 990 892 967 1032 1012 876 865 921
773 747 743 749 752 757 773 791 798 793 784 783 800 829 843 871 914 890 823 779 773 792 806 802 787 759 725 701 712 714 713 714 723 744 777 815 839 875 938 1024 1118 1204 1257 1274 1281 1310 1373 1448 1521 1587 1659 1739 1819 1864 1839 1784 1726 1672 1673 1700 1543 1216 1009 964 956 1037 1216 1052 1064 977 1089 929 864 815 766 793 880 914 796 837 922
765 745 748 750 750 756 772 791 797 790 780 776 789 811 832 868 895 856 784 749 758 784 801 805 799 779 752 727 713 706 711 724 739 753 771 791 808 829 872 937 994 1054 1107 1142 1166 1197 1242 1293 1351 1410 1470 1540 1617 1668 1670 1646 1627 1637 1768 1728 1638 1555 1124 1194 1190 1712 1778 1889 1798 1577 1340 1086 860 761 705 688 695 733 772 839 982
741 736 745 748 746 751 763 782 793 790 783 784 793 802 816 842 849 814 760 728 736 762 784 797 799 792 775 740 706 688 694 723 747 757 768 783 800 819 847 884 917 945 992 1032 1063 1094 1125 1160 1208 1260 1308 1365 1438 1499 1520 1532 1708 1998 2203 1916 2218 2803 3241 3349 2912 2903 2785 2506 2163 1839 1577 1298 955 761 687 670 688 727 810 950 1039
727 719 732 737 734 738 747 763 781 788 788 793 806 811 814 821 815 786 748 721 726 748 764 775 781 781 773 736 697 676 678 709 735 748 761 775 796 824 846 859 871 884 915 950 984 1011 1030 1060 1106 1155 1195 1245 1307 1364 1402 1458 1780 2803 3047 2427 2445 3554 4443 4457 3662 2942 2418 2133 2373 1939 1747 1486 1108 831 743 763 766 863 1023 1088 1051
728 732 742 745 741 735 729 736 755 775 789 805 822 829 822 805 791 771 745 734 739 750 752 747 746 743 734 714 698 686 684 698 717 730 745 758 774 798 823 842 856 852 865 892 927 953 964 996 1047 1089 1123 1164 1215 1264 1309 1441 1571 2089 2958 2776 2284 2817 3816 5123 4535 3727 2889 2780 2601 2190 1969 1674 1371 1015 815 833 996 1272 1160 1113 1034
741 774 775 770 767 751 724 706 715 747 778 811 841 849 832 802 777 761 758 761 764 764 753 739 726 713 702 695 703 707 695 695 706 718 733 737 738 748 773 814 845 837 836 846 873 902 918 958 1005 1038 1063 1101 1143 1184 1226 1293 1392 1491 1579 1677 2145 2598 2512 3159 3500 3964 3874 3473 3012 2673 2188 1830 1657 1213 972 1269 1505 1344 1352 1220 1106
774 789 788 791 789 770 730 694 695 728 771 813 849 865 846 817 792 781 791 794 795 788 766 749 737 721 703 693 704 710 700 697 705 727 736 718 712 717 743 787 826 832 823 812 818 842 872 912 947 975 1003 1042 1082 1114 1150 1193 1243 1297 1346 1393 1442 1490 1553 1654 1777 1907 2002 2034 1974 1972 1910 1763 1504 1292 1304 1227 1213 1582 1499 1340 1272
809 805 809 815 811 806 775 712 705 724 766 816 856 877 874 858 842 829 827 821 821 811 785 766 761 750 723 700 695 698 697 705 718 720 728 720 716 715 743 789 845 850 834 811 801 807 840 869 891 912 946 990 1028 1052 1083 1121 1174 1235 1296 1355 1414 1480 1553 1644 1757 1887 2017 2099 2012 1897 1716 1474 1260 1102 997 1031 1258 1447 1569 1461 1395
815 808 822 842 853 843 816 786 775 751 763 805 847 872 880 872 867 870 863 860 821 826 806 787 780 769 728 691 678 686 702 721 737 735 749 749 739 739 768 817 875 886 849 818 796 799 828 847 867 880 909 949 977 997 1023 1063 1122 1181 1245 1309 1369 1426 1485 1554 1639 1743 1845 1888 1849 1787 1620 1426 1241 1101 1030 1119 1229 1388 1546 1487 1472
821 824 850 878 886 872 847 815 778 753 762 797 822 847 869 878 873 867 854 822 814 845 847 826 791 757 708 674 667 684 709 725 764 779 788 782 772 780 806 849 898 891 872 831 806 803 832 854 877 891 902 919 931 948 970 1012 1076 1130 1192 1254 1308 1350 1382 1417 1455 1523 1582 1627 1576 1538 1418 1303 1195 1086 1061 1069 1179 1414 1448 1476 1483
848 848 875 905 909 886 852 816 783 758 782 804 822 832 841 839 831 825 812 814 828 853 866 843 814 769 714 697 693 700 728 758 787 809 812 800 798 814 826 862 903 901 885 854 821 809 833 872 907 916 912 903 897 906 931 975 1036 1100 1147 1203 1251 1275 1282 1275 1278 1319 1351 1366 1371 1296 1263 1200 1152 1094 1017 1001 1098 1252 1326 1412 1422
860 866 884 898 896 891 882 848 816 796 805 825 831 842 851 842 837 827 816 805 822 854 876 879 865 832 767 735 729 733 743 767 795 821 830 818 812 835 843 859 894 913 903 886 854 827 846 887 920 932 917 894 876 875 904 950 1006 1073 1127 1170 1211 1223 1212 1179 1154 1148 1190 1216 1207 1186 1203 1140 1161 1043 935 877 969 1068 1202 1303 1353
871 865 869 876 881 890 896 871 856 842 834 822 833 850 873 860 858 851 832 805 798 829 868 893 906 883 846 836 839 830 809 803 827 824 826 833 828 842 853 867 883 902 917 942 919 869 866 891 913 923 906 877 863 859 887 939 990 1046 1100 1147 1189 1203 1188 1140 1135 1052 1145 1148 1126 1160 1164 1114 1126 977 855 797 887 963 1109 1188 1315
883 874 866 866 875 895 921 921 922 884 893 858 872 895 909 905 903 889 874 848 836 854 893 911 915 897 871 877 889 888 855 849 858 854 842 825 828 840 852 857 864 878 919 955 944 902 883 889 900 899 877 862 861 865 886 942 992 1039 1084 1135 1179 1199 1190 1155 1120 1113 1163 1149 1162 1181 1220 1126 1058 936 836 869 842 959 1035 1128 1214
914 897 881 867 884 909 937 951 953 942 953 948 921 937 946 948 945 918 901 884 881 893 907 908 909 886 871 866 868 862 868 866 857 830 825 818 814 834 840 835 837 849 879 901 900 883 870 875 881 879 864 867 878 890 906 952 1003 1040 1088 1143 1192 1220 1207 1173 1131 1179 1201 1212 1220 1226 1259 1155 1045 934 863 879 874 994 1018 1084 1108
958 923 894 872 886 919 948 973 994 997 1001 1006 979 991 1002 1004 995 969 936 927 917 924 928 926 910 907 913 912 910 889 896 930 895 856 824 812 806 801 797 806 816 819 834 845 836 835 838 850 865 868 862 876 903 925 940 980 1017 1058 1105 1159 1219 1260 1246 1204 1171 1181 1238 1244 1253 1219 1324 1207 1089 1030 914 947 922 973 1019 1012 1019
1028 961 910 882 879 908 939 963 974 1000 1014 1025 1010 1025 1039 1049 1037 1015 975 967 932 942 942 930 914 921 935 951 949 929 901 921 928 889 855 824 790 775 773 768 789 807 809 809 787 782 799 831 858 870 870 891 927 957 971 1004 1045 1078 1111 1161 1245 1318 1321 1274 1296 1304 1292 1293 1242 1247 1287 1336 1254 1135 1038 986 962 964 1015 972 957
1095 1048 971 925 889 903 926 943 950 961 995 1018 1036 1052 1080 1093 1080 1045 1006 973 960 964 959 946 936 937 937 937 929 862 849 891 944 899 858 830 799 775 761 759 773 781 795 806 790 779 793 833 869 886 887 912 953 986 1005 1028 1071 1101 1126 1144 1274 1399 1415 1426 1458 1428 1408 1376 1324 1309 1386 1536 1406 1270 1168 1094 1063 1037 1033 948 921
1127 1075 1042 982 949 939 925 929 931 935 976 1016 1052 1081 1108 1124 1109 1076 1043 1016 1001 993 997 984 969 951 932 927 901 847 841 862 883 879 852 832 817 797 776 765 764 755 761 780 799 811 833 871 898 908 915 939 975 1008 1042 1067 1098 1112 1122 1168 1348 1514 1576 1612 1594 1566 1479 1475 1445 1429 1466 1570 1607 1437 1338 1191 1090 1061 1033 940 887
1137 1079 1019 983 977 1015 981 941 926 927 973 1028 1074 1104 1125 1130 1115 1095 1082 1068 1051 1046 1033 1028 1004 976 944 934 917 897 894 884 861 877 856 841 837 820 800 787 770 742 726 749 796 836 885 915 914 920 944 963 985 1026 1070 1111 1149 1163 1159 1238 1413 1624 1759 1765 1693 1653 1573 1627 1570 1567 1588 1642 1794 1585 1428 1289 1177 1106 971 916 847
-9999 1079 1026 993 960 981 1019 957 945 950 999 1059 1099 1119 1130 1123 1107 1095 1097 1104 1089 1064 1041 1039 1027 992 959 938 942 915 884 863 849 837 836 858 857 837 841 825 791 743 730 765 820 874 929 942 924 919 963 970 989 1046 1090 1156 1209 1228 1246 1339 1498 1682 1827 1806 1749 1784 1706 1741 1722 1697 1718 1760 1777 1715 1547 1398 1231 1144 974 883 803
-9999 -9999 1008 988 985 987 966 955 969 1001 1044 1107 1126 1130 1115 1098 1086 1083 1088 1095 1093 1069 1046 1033 1022 998 974 954 940 927 902 870 860 854 847 838 843 836 855 857 805 754 758 802 865 929 972 960 945 951 991 1003 1037 1094 1149 1211 1285 1325 1381 1471 1574 1724 1833 1852 1840 1796 1850 1817 1849 1793 1899 1810 1873 1819 1631 1425 1286 1169 992 860 760
-9999 -9999 1008 953 929 926 944 959 975 1018 1076 1130 1142 1133 1108 1085 1073 1075 1076 1079 1080 1069 1048 1032 1020 1001 987 965 951 938 908 880 878 911 874 850 849 842 858 879 836 785 797 835 903 972 1020 1017 994 996 1043 1059 1112 1174 1249 1307 1394 1469 1546 1615 1715 1781 1869 1890 1888 1889 1932 1915 1938 1993 2013 1915 1962 1818 1708 1470 1310 1154 950 817 723
-9999 -9999 -9999 891 871 886 911 939 973 1017 1066 1102 1122 1124 1101 1077 1061 1065 1069 1073 1070 1068 1061 1049 1035 1019 1005 993 971 951 940 923 897 931 957 874 873 874 878 882 854 833 856 891 929 999 1056 1038 1028 1046 1083 1111 1169 1246 1318 1411 1497 1594 1671 1722 1814 1872 1936 1945 -9999 -9999 1991 2034 2101 2123 2244 2086 1938 1828 1720 1485 1266 1178 935 788 691
-9999 -9999 -9999 843 827 845 876 913 954 992 1029 1064 1091 1103 1090 1064 1052 1060 1069 1073 1074 1076 1076 1070 1056 1035 1022 1014 992 961 943 945 951 1011 993 925 946 953 926 888 867 875 920 959 989 1038 1077 1067 1062 1085 1120 1163 1224 1304 1381 1472 1566 1669 1737 1814 1868 1927 1965 -9999 -9999 -9999 2055 2155 2194 2329 2345 2316 1969 1827 1713 1467 1272 1191 937 769 663
-9999 -9999 -9999 811 806 834 864 895 928 959 988 1016 1042 1060 1056 1044 1046 1064 1083 1096 1097 1101 1098 1089 1072 1039 1022 1025 1006 970 949 956 1020 1217 1345 1105 989 985 961 919 912 928 973 1019 1037 1081 1077 1078 1084 1109 1151 1200 1262 1341 1425 1498 1621 1697 1786 1850 1916 1932 -9999 -9999 -9999 -9999 -9999 2245 2353 2472 2449 2577 2056 1848 1711 1479 1338 1208 930 760 646
-9999 -9999 -9999 806 819 856 880 898 920 940 957 973 992 1009 1010 1015 1036 1070 1109 1139 1145 1139 1127 1104 1078 1036 1019 1033 1008 983 959 964 1045 1363 1455 1043 993 983 938 919 921 943 980 1015 1089 1087 1083 1081 1088 1116 1156 1214 1284 1365 1406 1481 1658 1696 1827 1865 -9999 -9999 -9999 -9999 -9999 -9999 -9999 2326 2439 2551 2688 2615 2193 1951 1734 1493 1364 1379 967 779 634
-9999 -9999 -9999 -9999 856 897 921 931 942 953 964 971 983 989 992 996 1018 1065 1128 1184 1189 1163 1139 1108 1069 1023 993 993 1005 1007 972 955 994 1265 1231 991 979 934 883 880 892 914 943 -9999 1071 1068 1065 1063 1075 1102 1145 1208 -9999 -9999 -9999 -9999 -9999 -9999 -9999 -9999 -9999 -9999 -9999 -9999 -9999 -9999 -9999 2423 2542 2761 2776 2649 2375 2148 1835 1585 1421 1467 1365 882 626
-9999 -9999 -9999 -9999 903 949 971 976 982 993 1007 1001 998 998 991 985 996 1053 1130 1191 1198 1167 1118 1094 1048 991 950 932 934 978 969 945 961 1028 1040 1091 997 885 855 -9999 -9999 -9999 -9999 -9999 -9999 -9999 -9999 -9999 -9999 -9999 -9999 -9999 -9999 -9999 -9999 -9999 -9999 -9999 -9999 -9999 -9999 -9999 -9999 -9999 -9999 -9999 -9999 2504 2663 2820 2968 2895 2606 2301 1984 1761 1569 1448 1382 955 632
-9999 -9999 -9999 -9999 945 989 1006 1006 1017 1033 1040 1030 1016 1004 991 978 982 1035 1103 1151 1162 1134 1104 1060 1011 962 920 887 881 909 961 926 908 962 972 953 900 857 -9999 -9999 -9999 -9999 -9999 -9999 -9999 -9999 -9999 -9999 -9999 -9999 -9999 -9999 -9999 -9999 -9999 -9999 -9999 -9999 -9999 -9999 -9999 -9999 -9999 -9999 -9999 -9999 -9999 -9999 2818 3008 3211 3137 2906 2492 2214 1985 1701 1445 1339 1348 705
-9999 -9999 -9999 -9999 953 975 992 1007 1033 1049 1053 1041 1024 1006 992 981 989 1024 1069 1104 1116 1100 1064 1016 971 927 890 865 855 860 904 911 905 927 954 948 894 852 -9999 -9999 -9999 -9999 -9999 -9999 -9999 -9999 -9999 -9999 -9999 -9999 -9999 -9999 -9999 -9999 -9999 -9999 -9999 -9999 -9999 -9999 -9999 -9999 -9999 -9999 -9999 -9999 -9999 -9999 2927 3085 3345 3352 3141 2728 2522 2258 1917 1600 1318 1260 716
-9999 -9999 -9999 -9999 939 939 958 994 1029 1045 1043 1031 1016 1005 991 989 998 1018 1041 1061 1071 1053 1017 975 934 893 864 851 853 866 881 895 915 936 956 950 913 862 -9999 -9999 -9999 -9999 -9999 -9999 -9999 -9999 -9999 -9999 -9999 -9999 -9999 -9999 -9999 -9999 -9999 -9999 -9999 -9999 -9999 -9999 -9999 -9999 -9999 -9999 -9999 -9999 -9999 -9999 -9999 3183 3446 3487 3370 3022 2808 2547 2172 1749 1414 1074 715
-9999 -9999 -9999 -9999 -9999 931 947 984 1015 1029 1020 1007 996 989 988 993 1002 1015 1022 1027 1027 1003 969 935 902 878 847 848 861 884 929 947 945 960 969 946 883 842 822 -9999 -9999 -9999 -9999 -9999 -9999 -9999 -9999 -9999 -9999 -9999 -9999 -9999 -9999 -9999 -9999 -9999 -9999 -9999 -9999 -9999 -9999 -9999 -9999 -9999 -9999 -9999 -9999 -9999 -9999 3187 3400 3492 3517 3230 3050 2816 2415 1930 1482 1133 785
-9999 -9999 -9999 -9999 -9999 937 944 964 997 1001 982 978 970 973 981 990 1001 1008 1007 993 982 965 930 895 870 852 860 869 878 903 944 975 972 973 968 932 864 837 -9999 -9999 -9999 -9999 -9999 -9999 -9999 -9999 -9999 -9999 -9999 -9999 -9999 -9999 -9999 -9999 -9999 -9999 -9999 -9999 -9999 -9999 -9999 -9999 -9999 -9999 -9999 -9999 -9999 -9999 -9999 3144 3324 3406 3395 3340 3226 3026 2640 2042 1552 1341 975
