02 cropping and modelling/wc2.1_10m_bio_8.asc
NCOLS 368 
NROWS 210 
XLLCORNER 67.1666666666667 
YLLCORNER 3.5 
CELLSIZE 0.166666666666667 
NODATA_value -9999 
[rows 0 to 26 of 210, columns 60 to 119 of 368]
-9999 -9999 -9999 -9999 -9999 -9999 -9999 -9999 -9999 -9999 -9999 -9999 -9999 -9999 -9999 -9999 -9999 -9999 -9999 -9999 -9999 -9999 -9999 -9999 -9999 -9999 -9999 -9999 -9999 -9999 -9999 -9999 -9999 -9999 -9999 -9999 -9999 -9999 -9999 -9999 -9999 -9999 -9999 -9999 -9999 -9999 -9999 -9999 -9999 -9999 -9999 -9999 -9999 -9999 -9999 -9999 -9999 -9999 -9999 -9999
24.8304576873779 23.9217910766602 26.2258338928223 26.5769996643066 26.6004180908203 26.5167083740234 26.3817920684814 -9999 -9999 -9999 -9999 -9999 -9999 -9999 -9999 -9999 -9999 -9999 -9999 -9999 -9999 -9999 -9999 -9999 -9999 -9999 -9999 -9999 -9999 -9999 -9999 -9999 -9999 -9999 -9999 -9999 -9999 -9999 -9999 -9999 -9999 -9999 -9999 -9999 -9999 -9999 -9999 -9999 -9999 -9999 -9999 -9999 -9999 -9999 -9999 -9999 -9999 -9999 -9999 -9999
23.697208404541 23.8194160461426 26.0717506408691 26.5393333435059 26.5653343200684 26.4774589538574 26.316291809082 26.1874160766602 26.1437492370605 26.2561664581299 26.2627086639404 26.2684574127197 26.2292919158936 24.8510837554932 24.8243751525879 24.7906665802002 -9999 -9999 -9999 -9999 -9999 -9999 -9999 -9999 -9999 -9999 -9999 -9999 -9999 -9999 -9999 -9999 -9999 -9999 -9999 -9999 -9999 -9999 -9999 -9999 -9999 -9999 -9999 -9999 -9999 -9999 -9999 -9999 -9999 -9999 -9999 -9999 -9999 -9999 -9999 -9999 -9999 -9999 -9999 -9999
25.0088348388672 24.5707092285156 24.1763763427734 26.2990837097168 26.3959579467773 26.3686656951904 26.2306671142578 26.1416244506836 24.7777080535889 24.8471660614014 24.8767509460449 24.9260406494141 24.9132499694824 24.8584594726562 24.806791305542 24.7942504882812 24.7765407562256 24.80641746521 24.8089580535889 24.6545009613037 24.8560829162598 -9999 -9999 -9999 -9999 -9999 -9999 -9999 -9999 -9999 -9999 -9999 -9999 -9999 -9999 -9999 -9999 -9999 -9999 -9999 -9999 -9999 -9999 -9999 -9999 -9999 -9999 -9999 -9999 -9999 -9999 -9999 -9999 -9999 -9999 -9999 -9999 -9999 -9999 -9999
24.3985824584961 24.6372489929199 25.1575412750244 25.6480827331543 25.9555416107178 24.6973743438721 24.5854167938232 24.5967082977295 24.7376670837402 24.7901248931885 24.8418750762939 24.9134998321533 24.9797496795654 24.9011669158936 24.810583114624 24.7995414733887 24.7728328704834 24.6836261749268 24.5893745422363 24.4516677856445 24.8620414733887 24.8567924499512 24.8412494659424 24.8138751983643 24.8330001831055 -9999 -9999 -9999 -9999 -9999 -9999 -9999 -9999 -9999 -9999 -9999 -9999 -9999 -9999 -9999 -9999 -9999 -9999 -9999 -9999 -9999 -9999 -9999 -9999 -9999 -9999 -9999 -9999 -9999 -9999 -9999 -9999 -9999 -9999 -9999
23.8929595947266 23.8472919464111 23.8261241912842 23.9522075653076 24.2082901000977 24.9173336029053 23.9157085418701 24.292667388916 24.5414161682129 24.7168750762939 24.7689170837402 24.9384174346924 25.0508346557617 24.9348754882812 24.6289157867432 24.7270412445068 24.5757503509521 24.372875213623 24.3120422363281 24.7097911834717 24.8321666717529 24.8099994659424 24.7665824890137 24.7251663208008 24.7063331604004 24.7058753967285 24.6753330230713 24.5774993896484 -9999 -9999 -9999 -9999 -9999 -9999 -9999 -9999 -9999 -9999 -9999 -9999 -9999 -9999 -9999 -9999 -9999 -9999 -9999 -9999 -9999 -9999 -9999 -9999 -9999 -9999 -9999 -9999 -9999 -9999 -9999 -9999
21.597957611084 22.1723327636719 22.9714164733887 22.9865417480469 22.9512500762939 23.6057910919189 24.314624786377 23.7492504119873 23.8330001831055 24.2976665496826 24.6378326416016 24.7919158935547 24.8770847320557 24.5862083435059 23.8784999847412 24.0107917785645 24.33766746521 24.5334167480469 24.8067092895508 24.7917499542236 24.8115825653076 24.758207321167 24.6720409393311 24.6410846710205 24.6178321838379 24.5876655578613 24.5114994049072 24.3704166412354 24.2659168243408 24.2352924346924 24.1925830841064 -9999 -9999 -9999 -9999 -9999 -9999 -9999 -9999 -9999 -9999 -9999 -9999 -9999 -9999 -9999 -9999 -9999 -9999 -9999 -9999 -9999 -9999 -9999 -9999 -9999 -9999 -9999 -9999 -9999
18.9962921142578 19.0645408630371 19.6599159240723 19.5300006866455 20.9552917480469 22.1830425262451 22.0471248626709 22.8216247558594 22.5795822143555 23.5822925567627 23.8549156188965 23.9605827331543 24.234582901001 24.5260410308838 23.5534591674805 23.3156661987305 24.1486663818359 24.6517925262451 24.5499591827393 24.6684989929199 24.6989593505859 24.7013759613037 24.5813751220703 24.5441665649414 24.5480403900146 24.5445003509521 24.4414577484131 24.2674160003662 24.1767501831055 24.1292915344238 24.1224994659424 24.0882911682129 24.1984157562256 -9999 -9999 -9999 -9999 -9999 -9999 -9999 -9999 -9999 -9999 -9999 -9999 -9999 -9999 -9999 -9999 -9999 -9999 -9999 -9999 -9999 -9999 -9999 -9999 -9999 -9999 -9999
13.9840412139893 16.0378341674805 14.1227083206177 15.1068334579468 16.0837078094482 17.2625427246094 18.1945838928223 19.4131240844727 20.990083694458 21.2470417022705 20.95924949646 20.7721252441406 20.9546661376953 22.5794582366943 23.3474578857422 23.1389579772949 23.2496662139893 23.3609580993652 23.8021659851074 24.3778743743896 24.5533332824707 24.2358322143555 24.0502090454102 23.9077072143555 24.0129585266113 24.233959197998 24.1489582061768 24.1783752441406 24.0921669006348 23.9831256866455 23.9524173736572 23.9516258239746 23.8578338623047 23.4512500762939 23.6749172210693 -9999 -9999 -9999 -9999 -9999 -9999 -9999 -9999 -9999 -9999 -9999 -9999 -9999 -9999 -9999 -9999 -9999 -9999 -9999 -9999 -9999 -9999 -9999 -9999 -9999
9.42441654205322 12.7801246643066 11.3788747787476 10.475625038147 11.3709583282471 8.81816673278809 14.0389585494995 14.5069169998169 15.4555835723877 16.7021675109863 17.7486667633057 19.3977909088135 18.5515823364258 20.6537914276123 21.5633754730225 21.7626667022705 22.4503326416016 22.2464580535889 23.0053329467773 23.6679992675781 23.7838344573975 23.5007495880127 23.6531238555908 23.7297496795654 23.6568756103516 23.472957611084 23.2304172515869 23.8530006408691 23.8310413360596 23.7343330383301 23.3624992370605 23.042875289917 22.448917388916 22.2530422210693 22.1392498016357 21.5751247406006 20.7741241455078 -9999 -9999 -9999 -9999 -9999 -9999 -9999 -9999 -9999 -9999 -9999 -9999 -9999 -9999 -9999 -9999 -9999 -9999 -9999 -9999 -9999 -9999 -9999
8.08100032806396 8.49695873260498 7.95970821380615 3.77929186820984 5.62674999237061 6.13754177093506 9.14762496948242 4.86483335494995 9.11037540435791 11.7433748245239 13.6126251220703 15.7092924118042 17.6099166870117 17.5926246643066 17.2083740234375 17.6762504577637 19.7489166259766 18.4283332824707 19.2240829467773 20.8277912139893 21.4567089080811 21.9349575042725 22.8796253204346 23.3521671295166 23.4287910461426 23.3294582366943 22.9730415344238 23.433666229248 22.8747501373291 22.2231254577637 21.2830009460449 20.5785007476807 19.9681243896484 19.7508754730225 19.3045425415039 18.675874710083 17.8685417175293 16.1664581298828 -9999 -9999 -9999 -9999 -9999 -9999 -9999 -9999 -9999 -9999 -9999 -9999 -9999 -9999 -9999 -9999 -9999 -9999 -9999 -9999 -9999 -9999
3.0530834197998 1.43208336830139 1.32129168510437 2.5605833530426 5.17295837402344 7.239333152771 8.59016609191895 8.3256664276123 11.860541343689 13.3484172821045 15.3903751373291 18.2371673583984 17.5766258239746 16.2297496795654 17.3490829467773 16.701042175293 17.8719997406006 13.5622081756592 10.5084171295166 13.6056661605835 17.8740825653076 20.6864166259766 21.9957084655762 22.4487075805664 22.4282493591309 22.0992088317871 22.0265827178955 21.6629581451416 20.3426666259766 18.9501247406006 16.6979999542236 15.2466669082642 12.7998332977295 14.1502914428711 14.5970420837402 13.5137920379639 12.2518339157104 9.87941646575928 10.1959581375122 9.20370769500732 -9999 -9999 -9999 -9999 -9999 -9999 -9999 -9999 -9999 -9999 -9999 -9999 -9999 -9999 -9999 -9999 -9999 -9999 -9999 -9999
5.92558336257935 5.8013334274292 2.9916250705719 4.9665412902832 7.73000001907349 6.35595846176147 3.47924995422363 7.49095821380615 7.66091680526733 4.07550001144409 9.60025024414062 13.7650833129883 12.7564582824707 9.45254135131836 12.7701244354248 16.1664581298828 17.0955410003662 16.5697917938232 12.2572078704834 13.9806251525879 17.5860424041748 18.673583984375 20.3774585723877 20.9167079925537 20.7561664581299 20.0976257324219 18.3265419006348 18.2365837097168 15.8665838241577 12.5190000534058 7.93283319473267 7.3222918510437 4.87020826339722 8.59183311462402 6.90183353424072 4.57808351516724 4.87216663360596 5.43933343887329 4.13229179382324 4.72633361816406 4.20229148864746 -9999 -9999 -9999 -9999 -9999 -9999 -9999 -9999 -9999 -9999 -9999 -9999 -9999 -9999 -9999 -9999 -9999 -9999 -9999
2.85374999046326 3.13508343696594 5.83866691589355 4.03020858764648 3.66995811462402 4.39166641235352 7.14729166030884 6.68629169464111 6.44404172897339 5.41416645050049 5.77833318710327 4.03920841217041 4.71533346176147 5.95429182052612 10.7201251983643 14.6794166564941 14.8214998245239 12.997124671936 12.6595001220703 15.2845420837402 15.8691673278809 16.1150417327881 16.5479164123535 17.1904163360596 16.0904579162598 15.3493337631226 14.6110000610352 13.9499168395996 9.03337478637695 2.9657084941864 4.74104166030884 2.96183323860168 3.17345833778381 4.98899984359741 3.59187483787537 4.12341690063477 4.3962082862854 4.29804134368896 4.27270841598511 4.25329160690308 4.27383327484131 4.6158332824707 -9999 -9999 -9999 -9999 -9999 -9999 -9999 -9999 -9999 -9999 -9999 -9999 -9999 -9999 -9999 -9999 -9999 -9999
3.06879162788391 3.29095840454102 5.43054151535034 5.75662517547607 5.71745824813843 3.69391679763794 1.885125041008 3.09054183959961 3.93758344650269 3.9137499332428 4.29654169082642 6.36604166030884 1.09466648101807 -1.08820831775665 1.44041645526886 6.86466646194458 9.99100017547607 4.63016653060913 5.21237516403198 10.167875289917 10.0379581451416 12.346583366394 13.7701663970947 11.7682495117188 11.2723751068115 10.2541246414185 6.75166654586792 7.17562484741211 7.33991670608521 6.43499994277954 4.38129186630249 6.84745836257935 6.76933336257935 6.33524990081787 5.21733331680298 5.04929161071777 4.17279148101807 2.87845849990845 3.08958339691162 3.49712467193604 3.35279154777527 3.93175005912781 4.31195831298828 -9999 -9999 -9999 -9999 -9999 -9999 -9999 -9999 -9999 -9999 -9999 -9999 -9999 -9999 -9999 -9999 -9999
0.33500012755394 3.58533334732056 5.48404169082642 3.45316648483276 3.85562491416931 6.8493332862854 5.85345840454102 4.47150039672852 5.99737501144409 4.12849998474121 3.29295825958252 4.67845821380615 5.82016658782959 1.65395832061768 0.710000157356262 2.49966669082642 2.80750012397766 7.88041687011719 6.14412498474121 4.20208311080933 5.81358337402344 4.30033349990845 3.87800002098083 2.64958333969116 2.86508321762085 4.49941682815552 2.56012487411499 4.66370820999146 4.35716676712036 6.6977915763855 7.02124977111816 5.71458339691162 3.92895817756653 3.5128333568573 4.21791648864746 3.52004170417786 3.58945822715759 3.63762497901917 4.33495855331421 4.11249971389771 3.92962503433228 4.20866680145264 4.59899997711182 4.270583152771 -9999 -9999 -9999 -9999 -9999 -9999 -9999 -9999 -9999 -9999 -9999 -9999 -9999 -9999 -9999 -9999
-0.26479172706604 -1.72687494754791 1.94808328151703 3.80783319473267 3.86512494087219 4.20695829391479 3.34395837783813 3.34229159355164 2.67674994468689 1.36937499046326 3.38012504577637 3.84491682052612 2.99504160881042 5.19045829772949 0.84229177236557 0.163583278656006 1.55012512207031 3.03904175758362 1.70333349704742 -1.60791671276093 2.761958360672 4.85695838928223 5.526291847229 2.43591666221619 2.18454170227051 5.63341665267944 6.39083337783813 5.81029176712036 4.37708330154419 4.5801248550415 4.36258316040039 0.902249872684479 2.78945827484131 2.6174168586731 3.02691674232483 3.43887495994568 4.60329151153564 5.38237524032593 5.44929170608521 5.05858325958252 5.56379175186157 6.04195833206177 5.5354585647583 5.24733304977417 4.82533311843872 -9999 -9999 -9999 -9999 -9999 -9999 -9999 -9999 -9999 -9999 -9999 -9999 -9999 -9999 -9999
-0.486999988555908 -0.777208268642426 2.31991672515869 3.0167498588562 1.76449990272522 1.24966669082642 2.1727499961853 3.65020823478699 4.63670825958252 2.25616669654846 3.41799998283386 4.68554162979126 6.29620838165283 6.79975032806396 5.85104179382324 2.6877498626709 -0.108791626989841 0.433333367109299 0.445333272218704 0.607083380222321 -0.222375079989433 1.38949978351593 2.4400417804718 2.5892915725708 3.09083318710327 3.65408325195312 2.675541639328 2.04837489128113 2.21808314323425 3.92433333396912 -1.12616670131683 0.96379166841507 2.96029162406921 3.34320831298828 3.52991676330566 4.24895858764648 4.18587493896484 5.25770807266235 5.73220825195312 5.95483350753784 6.02199983596802 5.81429147720337 5.62104177474976 6.12283325195312 5.83974981307983 5.27300024032593 -9999 -9999 -9999 -9999 -9999 -9999 -9999 -9999 -9999 -9999 -9999 -9999 -9999 -9999
-1.51991653442383 -2.0220832824707 1.6214165687561 2.70291662216187 3.40479159355164 3.34608340263367 3.62824988365173 2.86016654968262 2.66112494468689 4.99412488937378 5.57975006103516 5.56291675567627 5.6665415763855 6.34149980545044 7.07870817184448 5.87783336639404 4.92662477493286 3.33775019645691 3.44466662406921 -0.799374997615814 -3.39750003814697 -3.10987496376038 -3.60254168510437 -4.32604169845581 -3.19449996948242 -1.14233326911926 -1.07041656970978 1.72812497615814 1.64287507534027 0.175708293914795 1.99162495136261 3.79816675186157 4.54749965667725 5.04008340835571 4.26037502288818 4.63895845413208 5.28083324432373 5.72137498855591 5.948166847229 5.92262506484985 5.59204149246216 5.72708320617676 5.87725019454956 6.34595823287964 6.36666679382324 5.92304182052612 5.92362499237061 -9999 -9999 -9999 -9999 -9999 -9999 -9999 -9999 -9999 -9999 -9999 -9999 -9999
5.64949989318848 -0.17904157936573 -0.778125047683716 3.66537499427795 2.51558327674866 3.45187520980835 2.20433330535889 1.6342499256134 1.3683750629425 2.68533325195312 2.89908313751221 3.14612507820129 4.44112491607666 5.76404190063477 6.94095849990845 6.9835000038147 6.72379207611084 5.96883344650269 5.16974973678589 4.25208330154419 1.89929163455963 -1.66474997997284 -1.49329173564911 -1.00166666507721 1.50420832633972 -0.279125094413757 1.37054169178009 0.600875079631805 -0.0295416507869959 2.31654167175293 2.32745838165283 2.05829167366028 4.52524995803833 5.52487468719482 5.8687915802002 5.80537509918213 5.82000017166138 5.49695825576782 5.31466674804688 5.86249971389771 6.04991674423218 6.1955418586731 6.30141687393188 6.32670831680298 6.21604156494141 5.99958324432373 5.88749980926514 5.52624988555908 -9999 -9999 -9999 -9999 -9999 -9999 -9999 -9999 -9999 -9999 -9999 -9999
6.2117919921875 2.94929170608521 0.0202916469424963 2.33445835113525 2.73445820808411 2.95587491989136 2.47558331489563 2.33041667938232 2.05787491798401 3.61087512969971 1.24995827674866 3.00683331489563 4.55320835113525 4.81479167938232 6.1169581413269 5.72220802307129 6.62737512588501 7.04966688156128 6.82616662979126 6.44458341598511 5.59200000762939 4.39816665649414 2.67316675186157 4.33837509155273 4.37225008010864 3.26641654968262 4.29250001907349 4.54075002670288 4.80591678619385 3.55383324623108 3.39137506484985 3.21216678619385 4.86704158782959 5.3111252784729 5.29658317565918 5.30787515640259 5.53604173660278 4.92024993896484 4.82329177856445 4.67362499237061 4.58129167556763 5.28908348083496 5.89516687393188 5.91400003433228 5.79045820236206 5.71579170227051 5.61883354187012 5.72629165649414 5.64983320236206 -9999 -9999 -9999 -9999 -9999 -9999 -9999 -9999 -9999 -9999 -9999
3.43195819854736 8.18170833587646 3.35179162025452 -0.634083390235901 1.63854169845581 5.28550004959106 0.54666656255722 0.200958296656609 2.04570841789246 2.79187512397766 2.78804159164429 4.0306248664856 4.60787487030029 4.63237476348877 4.87862491607666 5.83400011062622 5.61366653442383 5.32116651535034 5.63408327102661 5.30137491226196 5.71158313751221 5.28141689300537 3.34049987792969 3.55358338356018 4.25274991989136 5.73541641235352 6.01745843887329 5.29604196548462 5.29754161834717 4.63800001144409 4.45141696929932 3.71579170227051 4.31758308410645 4.70745849609375 5.47874975204468 5.19154167175293 4.35899972915649 4.24900007247925 4.58050012588501 4.79570817947388 5.11508321762085 5.16979169845581 4.51841688156128 5.14837503433228 4.71420812606812 5.03375005722046 5.15233325958252 4.55795812606812 4.21195840835571 4.60891675949097 -9999 -9999 -9999 -9999 -9999 -9999 -9999 -9999 -9999 -9999
9.79891681671143 7.13116693496704 9.64033317565918 -0.0525832958519459 0.363291651010513 4.5870418548584 5.01929140090942 3.45433330535889 3.12899994850159 3.12983345985413 3.56362509727478 4.10125017166138 4.6325831413269 4.98370838165283 4.85754156112671 4.22195816040039 3.32333326339722 4.02412509918213 3.41808342933655 3.3490834236145 3.76020836830139 4.67875003814697 3.80487489700317 4.62129163742065 5.38812494277954 4.9935417175293 4.78591632843018 4.93050003051758 5.03633308410645 4.81816673278809 2.11908340454102 0.872708380222321 4.25799989700317 4.73766660690308 4.82649993896484 4.36450004577637 4.6459584236145 5.44654178619385 5.75616645812988 6.01279163360596 6.20825004577637 4.25945806503296 3.84204149246216 3.85991668701172 3.74116659164429 4.90925025939941 4.27954149246216 4.35279178619385 4.41079187393188 4.0147500038147 4.05912494659424 -9999 -9999 -9999 -9999 -9999 -9999 -9999 -9999 -9999
5.58845806121826 10.4847497940063 13.568416595459 5.09158325195312 -0.406875014305115 1.00070834159851 4.23570823669434 0.524375021457672 2.88479161262512 2.88041663169861 2.32879161834717 2.16750001907349 3.4430832862854 3.67962503433228 3.55266666412354 3.79354166984558 4.22841644287109 4.9937915802002 5.1180419921875 5.36462497711182 4.78141689300537 3.67537498474121 4.14566659927368 4.4765830039978 4.16466665267944 2.06200003623962 4.11737489700317 5.18412494659424 4.49045848846436 4.29391670227051 3.60949993133545 3.74025011062622 4.85833358764648 2.98483347892761 3.64770841598511 2.96799993515015 4.8080415725708 5.51395845413208 5.10679149627686 5.01041698455811 5.31850004196167 3.85945844650269 6.45912504196167 4.98362493515015 4.83566665649414 5.49258327484131 4.84554147720337 3.28479170799255 3.2765417098999 3.01033329963684 2.48612499237061 3.51041650772095 -9999 -9999 -9999 -9999 -9999 -9999 -9999 -9999
3.09066653251648 4.21225023269653 4.97191667556763 10.7327909469604 4.45300006866455 1.15645837783813 6.45862483978271 1.78270852565765 1.34562492370605 3.34679174423218 4.96187496185303 3.00699996948242 3.02170848846436 3.03954172134399 2.01125001907349 2.96783351898193 3.18145823478699 3.13483333587646 2.09962487220764 4.90870809555054 3.52795815467834 2.06183338165283 1.56204164028168 2.28458309173584 3.08470821380615 1.80920827388763 2.16899991035461 4.14929151535034 4.71162509918213 5.26716661453247 4.5535831451416 4.73016691207886 4.77899980545044 3.97758316993713 4.74458360671997 3.66245818138123 4.11087465286255 5.09654140472412 6.66900014877319 6.74362468719482 6.0232081413269 6.25162506103516 7.43937492370605 4.49749994277954 4.3448748588562 4.90183353424072 5.44695806503296 5.24495840072632 5.87541627883911 3.60662508010864 1.05941665172577 3.25904178619385 0.0359584093093872 -9999 -9999 -9999 -9999 -9999 -9999 -9999
-8.88700008392334 9.87750053405762 7.69095849990845 6.46983337402344 7.76254177093506 7.02962493896484 5.75983333587646 3.41758322715759 2.5603334903717 5.39579153060913 4.22645854949951 4.8395414352417 4.41858339309692 3.78145837783813 -0.0686249732971191 4.83554172515869 1.56833326816559 1.69429171085358 3.50608325004578 4.7437915802002 5.12691688537598 4.49683332443237 0.961708307266235 1.79350018501282 3.92133331298828 4.18441677093506 4.76845836639404 3.18724989891052 2.72404170036316 3.55649995803833 6.11899995803833 5.59625005722046 6.23945808410645 5.70166635513306 5.84737491607666 6.10129165649414 5.7519998550415 4.95770835876465 5.02933359146118 6.52150011062622 6.9314169883728 5.62383317947388 4.77495861053467 4.24095821380615 5.10595846176147 6.01599979400635 6.76341676712036 6.81795835494995 6.90216636657715 6.82000017166138 4.29383325576782 3.2170832157135 2.06520843505859 -9999 -9999 -9999 -9999 -9999 -9999 -9999
12.0065422058105 11.2588748931885 -5.65858316421509 10.2860832214355 4.22595834732056 7.89654159545898 6.89366674423218 6.04908323287964 3.81308341026306 1.95291662216187 2.9621250629425 4.24495840072632 4.23233318328857 2.05949997901917 4.88441705703735 5.40008354187012 1.65133333206177 3.85679173469543 5.20108318328857 6.33041667938232 7.0207085609436 8.59408283233643 5.38162469863892 4.76745843887329 5.91745853424072 6.07608318328857 7.10070848464966 6.78779172897339 5.46529150009155 2.82750010490417 4.29583311080933 6.44145822525024 6.41029167175293 6.52375030517578 6.72795820236206 6.34670829772949 6.13641691207886 6.1504168510437 6.91429138183594 6.38308334350586 5.06912517547607 4.18133354187012 4.03612518310547 4.92812490463257 6.54645824432373 6.95666646957397 6.8903751373291 6.44333362579346 6.46204137802124 6.62225008010864 6.02945852279663 5.08583307266235 5.58645820617676 5.7323751449585 -9999 -9999 -9999 -9999 -9999 -9999
