02 cropping and modelling/wc2.1_10m_bio_5.asc
NCOLS 368 
NROWS 210 
XLLCORNER 67.1666666666667 
YLLCORNER 3.5 
CELLSIZE 0.166666666666667 
NODATA_value -9999 
[rows 81 to 107 of 210, columns 240 to 299 of 368]
30.2845001220703 29.488000869751 29.0470008850098 29.3050003051758 30.3017501831055 30.6165008544922 31.8939990997314 30.8087501525879 30.1832504272461 30.7325000762939 31.6944999694824 32.4620018005371 32.3535003662109 31.2105007171631 30.9257507324219 31.0475006103516 30.9724998474121 31.3980007171631 30.8705005645752 31.8007507324219 30.8672504425049 31.4372501373291 29.9244995117188 28.1800003051758 30.9090003967285 32.119499206543 30.7352504730225 30.3272495269775 29.4629993438721 30.2277507781982 31.7514991760254 32.2234992980957 31.6665000915527 27.6877498626709 27.40625 28.8064994812012 29.213249206543 32.5042495727539 33.1637496948242 32.7487487792969 31.7427501678467 32.8790016174316 31.6862506866455 30.9877490997314 30.8810005187988 32.0127487182617 31.693000793457 31.0520000457764 31.8470001220703 30.9204998016357 31.3447494506836 31.4230003356934 30.8374996185303 31.7962493896484 30.9034996032715 31.5112495422363 31.8827495574951 29.8697490692139 31.2189998626709 29.2205009460449
30.3552494049072 29.7897491455078 29.9997501373291 30.5357494354248 31.1364994049072 31.4652500152588 31.4042491912842 31.2784996032715 31.3577499389648 31.4447498321533 31.285249710083 32.2169990539551 32.2615013122559 31.7819995880127 31.5147495269775 31.7602500915527 31.3700008392334 30.1807498931885 29.8592491149902 32.0147514343262 32.3264999389648 32.3154983520508 31.0627498626709 28.7302494049072 30.7832508087158 31.7649993896484 28.6014995574951 29.8980007171631 30.1270008087158 29.2252502441406 31.058500289917 32.1547508239746 30.8732490539551 30.1672496795654 28.1035003662109 29.7462501525879 31.5645008087158 32.8842506408691 33.6137504577637 32.6922492980957 30.0764999389648 30.8247489929199 30.070499420166 31.191499710083 31.5170001983643 31.3444995880127 31.5092506408691 32.1004981994629 31.4085006713867 30.5289993286133 32.1315002441406 31.363000869751 31.4092502593994 31.261999130249 30.849250793457 31.5822505950928 31.8152503967285 30.7115001678467 30.1497497558594 29.5734996795654
29.8097496032715 30.5967502593994 29.3902492523193 30.8122501373291 30.8177509307861 31.4097499847412 31.8907489776611 32.1202507019043 31.6502494812012 31.8877506256104 32.0405006408691 32.1787490844727 32.4314994812012 32.2130012512207 32.2950019836426 32.3157501220703 31.8587493896484 30.2264995574951 30.9890003204346 32.3827514648438 31.9382495880127 31.8225002288818 31.4722499847412 30.4155006408691 31.9777507781982 31.8964996337891 29.8449993133545 30.199499130249 31.2334995269775 30.2924995422363 30.2290000915527 32.369499206543 31.347749710083 31.2457504272461 30.222749710083 30.2877502441406 30.482250213623 31.456750869751 32.9807510375977 30.851749420166 30.6772499084473 31.1707496643066 30.7887496948242 30.1965007781982 30.5284996032715 30.6702499389648 31.0139999389648 31.8212509155273 31.9794998168945 31.8530006408691 31.4962501525879 30.2485008239746 32.3354988098145 32.180248260498 31.3920001983643 32.1437492370605 31.5997505187988 31.2782497406006 29.3917503356934 28.6375007629395
29.5722503662109 29.8285007476807 30.4272499084473 29.7205009460449 31.0952491760254 31.0030002593994 31.623498916626 31.7569999694824 32.0094985961914 31.6222496032715 31.6402492523193 31.5212497711182 32.4029998779297 32.6027488708496 32.5555000305176 32.5217514038086 32.3390007019043 30.6180000305176 31.0582504272461 31.4682502746582 29.7872505187988 30.7560005187988 30.706750869751 31.9300003051758 32.0892486572266 32.5050010681152 32.7610015869141 31.5387496948242 30.1630001068115 30.1707496643066 29.0647506713867 29.6257495880127 31.6534996032715 31.2290000915527 32.1139984130859 31.5575008392334 30.753999710083 31.7462501525879 31.5642490386963 31.6059989929199 31.0132503509521 32.1422500610352 31.4137496948242 30.3132495880127 30.5122509002686 30.0389995574951 31.8552494049072 32.3272514343262 32.4189987182617 32.0212516784668 31.7644996643066 31.6197490692139 32.0662498474121 32.1127510070801 32.4747505187988 31.2762508392334 31.7637500762939 31.1992492675781 29.4332504272461 28.8292503356934
30.9349994659424 30.4050006866455 30.1207504272461 29.1270008087158 30.3985004425049 30.6830005645752 31.0642509460449 31.1415004730225 31.3067493438721 30.931999206543 30.9497509002686 30.9887504577637 32.3810005187988 32.7384986877441 32.2560005187988 32.327751159668 32.3754997253418 30.773250579834 28.0402507781982 30.661750793457 30.7075004577637 30.9519996643066 31.0424995422363 30.7339992523193 32.0125007629395 30.8735008239746 30.6787490844727 31.4892501831055 28.9950008392334 30.5410003662109 29.8705005645752 29.5090007781982 31.7742500305176 31.1765003204346 31.8887500762939 32.9324989318848 32.5327491760254 33.1069984436035 31.8094997406006 32.9785003662109 32.4544982910156 31.7880001068115 30.3742504119873 31.4992504119873 30.4099998474121 31.9895000457764 32.5432510375977 32.375 32.0724983215332 32.3307495117188 32.3515014648438 32.3414993286133 31.6462497711182 32.4852485656738 30.7552490234375 30.5424995422363 31.5252494812012 31.0160007476807 30.4465007781982 29.1162490844727
31.5004997253418 31.5674991607666 30.8880004882812 29.3355007171631 30.7137508392334 31.3754997253418 30.2485008239746 31.402250289917 31.2207508087158 31.1572494506836 31.2612495422363 31.4519996643066 32.1912498474121 32.2915000915527 32.2905006408691 32.5057487487793 32.4715003967285 29.5464992523193 28.2240009307861 30.5020008087158 31.3817501068115 31.2377490997314 30.8897495269775 31.4682502746582 31.2782497406006 30.943000793457 31.2670001983643 32.0714988708496 31.4032497406006 32.4267501831055 31.6049995422363 30.886999130249 30.0629997253418 31.9324989318848 32.3995018005371 32.234001159668 32.2550010681152 31.9747505187988 31.7587490081787 32.6435012817383 31.3077507019043 29.7332496643066 30.9777507781982 31.2520008087158 30.8147506713867 32.489501953125 32.0890007019043 31.121000289917 32.1665000915527 31.6352500915527 32.2272491455078 32.5687484741211 32.2277488708496 31.0405006408691 30.4039993286133 30.9487495422363 30.3920001983643 30.246000289917 30.3387508392334 29.8689994812012
31.6892490386963 31.6884994506836 31.1052494049072 30.7374992370605 31.1887493133545 32.0892486572266 30.6685009002686 30.9897499084473 31.6462497711182 31.5892505645752 31.6679992675781 31.808500289917 32.3079986572266 32.648998260498 32.4997482299805 32.0892486572266 30.9657497406006 28.4220008850098 30.5527496337891 31.5384998321533 31.6684989929199 31.42799949646 31.9010009765625 31.9109992980957 30.1354999542236 31.9277496337891 32.568000793457 33.015998840332 32.0665016174316 32.9452514648438 32.6080017089844 31.3822498321533 30.1280002593994 30.8454990386963 32.4145011901855 31.3460006713867 32.2792510986328 31.6124992370605 31.7712497711182 31.160249710083 30.722749710083 30.5604991912842 30.6592502593994 31.0594997406006 31.7177505493164 31.9077491760254 31.2377490997314 32.0347480773926 31.0652503967285 30.6262493133545 31.6770000457764 32.3662490844727 31.5047492980957 30.2819995880127 30.6070003509521 31.1712493896484 29.29075050354 29.7994995117188 31.1362495422363 30.2849998474121
31.5 31.0592498779297 31.6744995117188 31.3002490997314 31.9289989471436 32.1382484436035 31.1595001220703 30.6382503509521 31.6652488708496 31.8112506866455 32.4285011291504 32.1749992370605 32.5892486572266 32.5764999389648 32.3819999694824 31.3365001678467 29.36549949646 30.6830005645752 31.4144992828369 31.8875007629395 32.2459983825684 32.0567512512207 31.8144989013672 32.3792495727539 31.0335006713867 32.3084983825684 32.59375 32.857250213623 32.2569999694824 31.8929996490479 32.1827507019043 32.0299987792969 31.1044998168945 30.9375 32.0810012817383 32.1110000610352 32.7827491760254 32.6074981689453 31.5617504119873 30.92799949646 30.3659992218018 31.0625 32.1707496643066 31.3882503509521 31.213249206543 32.546501159668 31.5742492675781 30.5014991760254 29.8827495574951 30.3327503204346 31.3197498321533 31.5422496795654 29.0912494659424 30.8197498321533 30.8387508392334 29.9834995269775 31.3295001983643 30.3622493743896 31.414249420166 31.2964992523193
32.7050018310547 31.507999420166 31.4342498779297 31.79075050354 31.8269996643066 32.1092491149902 31.5874996185303 30.113000869751 31.8365001678467 32.0709991455078 32.4384994506836 32.1357498168945 32.4737510681152 32.3352508544922 32.3557510375977 32.3042488098145 30.7054996490479 32.2462501525879 32.84375 32.7849998474121 32.5492515563965 32.6287498474121 31.882999420166 32.5227508544922 32.9132499694824 32.533748626709 32.4124984741211 32.7620010375977 30.9680004119873 31.9517498016357 31.494499206543 32.2337493896484 31.4642505645752 32.2912483215332 32.8440017700195 32.7960014343262 31.8640003204346 32.2647514343262 32.544750213623 31.0382499694824 30.8797492980957 31.6282501220703 31.9755001068115 31.6354999542236 31.9207496643066 32.1232490539551 30.7237491607666 31.0532493591309 30.4457492828369 31.0230007171631 30.9570007324219 29.9042491912842 28.6720008850098 31.1122493743896 32.007251739502 31.808500289917 31.88450050354 31.5820007324219 31.1764125823975 30.7339286804199
31.9977493286133 32.3264999389648 32.0832481384277 32.2022514343262 31.9827499389648 32.1392478942871 32.2049980163574 30.054500579834 31.28125 32.4095001220703 32.3857498168945 32.3257522583008 32.0792503356934 32.0372505187988 32.055248260498 31.873498916626 31.2339992523193 32.2915000915527 32.7362518310547 32.9264984130859 32.7454986572266 32.5309982299805 32.7067489624023 32.9085006713867 33.2192497253418 32.7017517089844 32.6394996643066 31.6515007019043 30.8050003051758 31.9109992980957 31.1342506408691 32.0419998168945 32.4392509460449 32.6312484741211 32.7327499389648 32.6095008850098 32.8950004577637 32.5524978637695 31.9747505187988 32.0002517700195 31.8349990844727 31.5445003509521 30.9542503356934 32.150749206543 32.2182502746582 31.5807495117188 31.7504997253418 30.738000869751 30.1477508544922 29.8549995422363 29.3864994049072 30.5037498474121 31.1217498779297 31.8317489624023 31.3999996185303 31.2749996185303 31.0827503204346 31.5841960906982 30.3223876953125 29.7243251800537
31.2887496948242 31.5302505493164 32.7967491149902 32.2202491760254 31.869499206543 32.6627502441406 32.5620002746582 32.0574989318848 30.8759994506836 32.171501159668 32.5127487182617 32.3870010375977 32.0667495727539 31.7835006713867 31.5335006713867 32.3632507324219 32.6677513122559 32.5482482910156 32.0957489013672 32.1652488708496 32.2222480773926 32.4522514343262 32.4322509765625 32.5652503967285 32.8672485351562 32.7882499694824 32.9790000915527 32.6287498474121 32.2577514648438 32.2942504882812 32.2992515563965 31.5979995727539 31.8544998168945 32.6577491760254 32.7087516784668 32.7164993286133 32.6710014343262 31.9977493286133 32.1612510681152 32.3862495422363 31.9577503204346 31.7490005493164 31.6219997406006 31.1582508087158 31.99049949646 30.599250793457 30.474250793457 30.2127494812012 30.5092506408691 29.1639995574951 30.5547504425049 29.6264991760254 30.3602504730225 30.3232498168945 30.9502506256104 31.3915004730225 30.8083095550537 30.7123374938965 -9999 -9999
31.2269992828369 31.4079990386963 32.2782516479492 32.9442481994629 32.791748046875 32.4232482910156 32.4032516479492 31.6424999237061 30.7417507171631 30.8632507324219 31.8067493438721 31.6517505645752 30.580249786377 32.2572479248047 32.5154991149902 32.510498046875 32.46875 32.2130012512207 31.70924949646 32.0550003051758 32.117748260498 32.109001159668 32.2005004882812 31.6424999237061 31.786750793457 31.9362506866455 31.6639995574951 32.1399993896484 32.0407485961914 32.390251159668 31.9125003814697 32.179500579834 31.9769992828369 32.2120018005371 32.6547508239746 32.8920021057129 32.6404991149902 32.5364990234375 32.5512504577637 32.525749206543 32.6597480773926 32.4217491149902 31.9874992370605 32.1204986572266 32.0354995727539 31.1770000457764 30.8922500610352 30.089750289917 29.8587493896484 31.2910003662109 31.1809997558594 30.0009994506836 30.7684993743896 30.8912506103516 30.3724994659424 30.2272491455078 30.6482753753662 -9999 -9999 -9999
31.3522491455078 30.9484996795654 31.4750003814697 31.6587505340576 32.8807487487793 32.5634994506836 31.9677505493164 31.9545001983643 31.886999130249 31.4417495727539 31.8732490539551 32.0314979553223 31.7112503051758 32.1767501831055 32.0837516784668 32.3194999694824 32.028751373291 31.3802509307861 29.6984996795654 30.4882507324219 32.1752510070801 31.382999420166 32.03125 31.8530006408691 31.9584999084473 31.3452491760254 32.1080017089844 32.7367515563965 31.5084991455078 31.9887504577637 32.3759994506836 32.3185005187988 32.3742485046387 32.28125 32.2724990844727 32.5839996337891 32.4495010375977 32.5387496948242 32.1749992370605 32.1180000305176 32.3595008850098 31.857250213623 31.0562496185303 31.3752498626709 31.6059989929199 31.1997489929199 30.0172500610352 30.16575050354 31.1949996948242 31.3915004730225 31.3190612792969 31.1038455963135 31.2449989318848 31.0707778930664 31.0499992370605 30.6534252166748 30.5727272033691 -9999 -9999 -9999
31.7569999694824 31.6887493133545 32.1157493591309 31.9772491455078 32.6627502441406 32.1167488098145 32.0807495117188 32.2244987487793 32.0097503662109 31.8344993591309 31.8255004882812 31.7894992828369 31.97825050354 32.0480003356934 31.4785003662109 31.3600006103516 31.3987503051758 31.5337505340576 31.5884990692139 31.9167499542236 31.8705005645752 31.0375003814697 31.0345001220703 30.8672504425049 31.2312507629395 32.580249786377 33.2142486572266 32.6679992675781 31.5310001373291 31.4370002746582 32.3102493286133 31.8155002593994 31.9594993591309 31.3642501831055 32.0844993591309 32.1552505493164 32.3712501525879 32.2999992370605 32.0926666259766 32.3524131774902 31.9379997253418 31.9712505340576 31.7532501220703 31.5422496795654 30.9702701568604 30.8493270874023 30.9605884552002 30.8918704986572 30.9249992370605 30.881139755249 30.7176990509033 30.986364364624 31.097297668457 30.7999992370605 -9999 -9999 -9999 -9999 -9999 -9999
32.2397499084473 31.8384990692139 32.3639984130859 32.2857513427734 32.2099990844727 31.9052505493164 31.9025001525879 31.8742504119873 31.7532501220703 31.6057510375977 31.6669998168945 31.6757507324219 31.4440002441406 31.3292503356934 31.1732501983643 30.8907508850098 30.8754997253418 32.1920013427734 31.9219989776611 31.5400009155273 30.2374992370605 31.3612499237061 30.8994998931885 30.7724990844727 29.5657501220703 31.9284992218018 32.3082504272461 31.4752502441406 31.9937496185303 31.2385005950928 30.9582500457764 32.0255012512207 31.9877490997314 31.61549949646 32.017749786377 32.2507514953613 32.2507514953613 32.173999786377 31.9763069152832 32.0676460266113 31.8622703552246 31.7619533538818 30.8222217559814 30.8231887817383 30.3217945098877 31.0648937225342 30.9408168792725 -9999 -9999 31.2000007629395 31.1000003814697 -9999 -9999 -9999 -9999 -9999 -9999 -9999 -9999 -9999
32.283748626709 32.3894996643066 32.2272491455078 32.09375 32.0284996032715 31.7327499389648 31.6977500915527 31.6469993591309 31.5419998168945 31.2597503662109 31.5972499847412 31.5477504730225 31.7087497711182 30.9979991912842 30.5537490844727 30.4067497253418 30.6830005645752 31.7127494812012 31.4222507476807 31.1232509613037 30.9444999694824 30.9362506866455 31.5214996337891 30.7407493591309 29.03125 30.3610000610352 29.974250793457 31.1084995269775 32.3237495422363 30.5114994049072 30.6049995422363 32.0234985351562 32.1334991455078 32.1124992370605 31.835750579834 31.9742488861084 31.9104995727539 31.4627494812012 31.6934013366699 31.5142860412598 31.4325580596924 30.9345512390137 30.6480522155762 30.5941181182861 30.4906978607178 -9999 -9999 -9999 -9999 -9999 -9999 -9999 -9999 -9999 -9999 -9999 -9999 -9999 -9999 -9999
31.9825000762939 31.6182498931885 31.7122497558594 31.1672496795654 30.8372497558594 31.0305004119873 31.191499710083 31.5567493438721 31.7657489776611 31.4309997558594 31.8104991912842 31.668249130249 31.4759998321533 31.1935005187988 31.2495002746582 30.7215003967285 31.7802505493164 31.1052494049072 31.3562507629395 31.13450050354 31.5049991607666 31.8509998321533 32.0154991149902 30.36549949646 28.0844993591309 29.2980003356934 30.4459991455078 31.8017501831055 31.1630001068115 30.3234996795654 31.5737495422363 32.1645011901855 31.9772491455078 32.0125007629395 30.705249786377 31.4088764190674 31.6382503509521 31.5979442596436 31.5611763000488 30.8999996185303 30.3450298309326 30.7489356994629 30.8248481750488 30.7999992370605 -9999 -9999 -9999 -9999 -9999 -9999 -9999 -9999 -9999 -9999 -9999 -9999 -9999 -9999 -9999 -9999
31.5587501525879 31.5469989776611 31.4532508850098 31.5292491912842 30.9652500152588 30.4190006256104 31.0205001831055 31.7257499694824 31.7845001220703 31.8452491760254 31.5887508392334 31.6475009918213 31.5715007781982 31.4747505187988 31.5292491912842 31.6944999694824 31.5967502593994 31.3352508544922 31.7407493591309 31.6477508544922 31.8892498016357 31.9545001983643 32.0242500305176 31.1392498016357 30.539249420166 31.548999786377 31.9125003814697 31.8339996337891 31.4160003662109 30.8955001831055 31.6420001983643 31.3390007019043 31.5214996337891 31.8080005645752 31.4017505645752 31.5858974456787 31.619722366333 31.4176769256592 31.1564712524414 31.1722221374512 31.1666660308838 31.3285713195801 30.1708335876465 -9999 -9999 -9999 -9999 -9999 -9999 -9999 -9999 -9999 -9999 -9999 -9999 -9999 -9999 -9999 -9999 -9999
29.9352493286133 29.7407493591309 30.40625 30.3072509765625 29.4615001678467 29.6127490997314 31.0362491607666 31.6289672851562 31.8238086700439 31.744499206543 31.6387500762939 31.589750289917 31.6055011749268 31.8142490386963 31.673999786377 31.2257499694824 31.3077507019043 31.6544990539551 31.9190006256104 31.8182506561279 31.9424991607666 32.135498046875 32.0125007629395 30.7900009155273 30.964750289917 30.0319995880127 31.3177490234375 31.8247489929199 31.8457508087158 31.625 31.4942493438721 31.3649997711182 31.1476192474365 31.0462970733643 30.8511714935303 30.9163265228271 30.9661769866943 31.3666667938232 -9999 30.5269222259521 31.6000003814697 30.7571430206299 30.3400001525879 -9999 -9999 -9999 -9999 -9999 -9999 -9999 -9999 -9999 -9999 -9999 -9999 -9999 -9999 -9999 -9999 -9999
29.2707500457764 29.2765007019043 28.5672492980957 29.4629993438721 29.8185005187988 30.4757499694824 31.2557792663574 31.5043144226074 31.4567432403564 31.6195125579834 31.6890659332275 31.7670001983643 31.9252490997314 31.8567504882812 31.7946090698242 31.919750213623 31.7657508850098 31.806999206543 31.7969989776611 31.8295001983643 31.9777488708496 32.1544990539551 32.1399993896484 31.6889991760254 31.5749988555908 30.8402500152588 31.8177490234375 31.4146175384521 31.6035480499268 31.632173538208 30.8522624969482 30.9662342071533 31.2414207458496 30.8326530456543 30.3624992370605 32 -9999 -9999 -9999 -9999 -9999 -9999 -9999 -9999 -9999 -9999 -9999 -9999 -9999 -9999 -9999 -9999 -9999 -9999 -9999 -9999 -9999 -9999 -9999 -9999
29.3955001831055 29.2730007171631 28.4559993743896 30.3999996185303 31.0109977722168 31.0876140594482 31.1497745513916 31.4260864257812 31.4159088134766 31.566198348999 31.5934581756592 31.8241195678711 31.8442497253418 31.9002494812012 31.8139915466309 31.8861618041992 32.0222511291504 32.0527496337891 32.0559997558594 31.9155006408691 31.9884986877441 32.0732498168945 32.1985015869141 31.9236354827881 31.5278472900391 31.7134838104248 31.2550296783447 31.0799999237061 31.1491794586182 31.3444442749023 31.6000003814697 30.5333347320557 30.6791667938232 30.6157150268555 31 -9999 -9999 -9999 -9999 -9999 -9999 -9999 -9999 -9999 -9999 -9999 -9999 -9999 -9999 -9999 -9999 -9999 -9999 -9999 -9999 -9999 -9999 -9999 -9999 -9999
30.5707492828369 30.3212509155273 30.4480724334717 31.0908603668213 30.8765621185303 31.0200004577637 -9999 -9999 -9999 -9999 -9999 31.7598285675049 31.7967910766602 31.7852630615234 31.7999992370605 31.8970146179199 31.8966331481934 32.0110015869141 32.0200004577637 31.9779987335205 32.0884971618652 32.0221099853516 31.8986721038818 31.7855415344238 31.536922454834 31.5727272033691 -9999 -9999 -9999 -9999 -9999 -9999 -9999 -9999 -9999 -9999 -9999 -9999 -9999 -9999 -9999 -9999 -9999 -9999 -9999 -9999 -9999 -9999 -9999 -9999 -9999 -9999 -9999 -9999 -9999 -9999 -9999 -9999 -9999 -9999
30.7352504730225 31.0156059265137 30.7530479431152 30.5814819335938 30.5 -9999 -9999 -9999 -9999 -9999 -9999 -9999 -9999 -9999 -9999 31.7963638305664 31.972749710083 31.8242492675781 31.8167495727539 31.8973407745361 31.927209854126 31.8699989318848 -9999 -9999 -9999 -9999 -9999 -9999 -9999 -9999 -9999 -9999 -9999 -9999 -9999 -9999 -9999 -9999 -9999 -9999 -9999 -9999 -9999 -9999 -9999 -9999 -9999 -9999 -9999 -9999 -9999 -9999 -9999 -9999 -9999 -9999 -9999 -9999 -9999 -9999
30.5692501068115 30.9787750244141 30.3866672515869 30.5249996185303 30.6066665649414 -9999 -9999 -9999 -9999 -9999 -9999 31.6781253814697 -9999 -9999 -9999 31.8873481750488 32.0675010681152 32.1232490539551 31.8960456848145 31.846363067627 31.8849563598633 -9999 -9999 -9999 -9999 -9999 -9999 -9999 -9999 -9999 -9999 -9999 -9999 -9999 -9999 -9999 -9999 -9999 -9999 -9999 -9999 -9999 -9999 -9999 -9999 -9999 -9999 -9999 -9999 -9999 -9999 -9999 -9999 -9999 -9999 -9999 -9999 -9999 -9999 -9999
31.0508937835693 30.4780826568604 30.3999996185303 30.6173915863037 -9999 -9999 -9999 -9999 -9999 -9999 -9999 -9999 31.6000003814697 -9999 -9999 31.9297370910645 32.1240005493164 32.2314987182617 31.8247852325439 32.1279983520508 31.7740001678467 -9999 -9999 -9999 -9999 -9999 -9999 -9999 -9999 -9999 -9999 -9999 -9999 -9999 -9999 -9999 -9999 -9999 -9999 -9999 -9999 -9999 -9999 -9999 -9999 -9999 -9999 -9999 -9999 -9999 -9999 -9999 -9999 -9999 -9999 -9999 -9999 -9999 -9999 -9999
31.2000007629395 30.9205131530762 -9999 -9999 -9999 -9999 -9999 -9999 -9999 -9999 -9999 -9999 -9999 -9999 -9999 31.9960975646973 32.130500793457 32.1092491149902 32.061954498291 32.0636367797852 -9999 -9999 -9999 -9999 -9999 -9999 -9999 -9999 -9999 -9999 -9999 -9999 -9999 -9999 -9999 -9999 -9999 -9999 -9999 -9999 -9999 -9999 -9999 -9999 -9999 -9999 -9999 -9999 -9999 -9999 -9999 -9999 -9999 -9999 -9999 -9999 -9999 30.8500003814697 -9999 -9999
-9999 -9999 -9999 -9999 -9999 -9999 -9999 -9999 -9999 -9999 -9999 -9999 -9999 -9999 -9999 32.2178077697754 32.3507537841797 32.1855010986328 32.1469993591309 32.3719520568848 32.3166656494141 -9999 -9999 -9999 -9999 -9999 -9999 -9999 -9999 -9999 -9999 -9999 -9999 -9999 -9999 -9999 -9999 -9999 -9999 -9999 -9999 -9999 -9999 -9999 -9999 -9999 -9999 -9999 -9999 -9999 -9999 -9999 -9999 -9999 -9999 -9999 -9999 -9999 -9999 -9999
