02 cropping and modelling/wc2.1_10m_bio_10.asc
NCOLS 368 
NROWS 210 
XLLCORNER 67.1666666666667 
YLLCORNER 3.5 
CELLSIZE 0.166666666666667 
NODATA_value -9999 
[rows 81 to 107 of 210, columns 240 to 299 of 368]
25.7940006256104 25.0854167938232 24.6806678771973 24.9268341064453 25.9060001373291 26.1620006561279 27.2733325958252 26.3661670684814 25.7946243286133 26.2549171447754 27.0645408630371 27.7444591522217 27.7152080535889 26.7022495269775 26.4553756713867 26.5909576416016 26.5492076873779 26.9019584655762 26.4867515563965 27.2839584350586 26.5069580078125 26.99391746521 25.5953330993652 24.0001678466797 26.4265422821045 27.4154586791992 26.1300010681152 25.7391242980957 24.9965000152588 25.6277923583984 26.9059581756592 27.2507495880127 26.7298755645752 23.2744159698486 22.9955825805664 24.2037086486816 24.617000579834 27.5327911376953 28.1100845336914 27.771541595459 26.8568344116211 27.7361259460449 26.7253742218018 26.1134166717529 26.0324172973633 26.920166015625 26.6147079467773 26.0670413970947 26.7310829162598 25.9008750915527 26.21875 26.2378749847412 25.8345832824707 26.6940841674805 25.8469581604004 26.4188327789307 26.6854591369629 24.8598327636719 25.923957824707 24.1517086029053
25.9146251678467 25.4574584960938 25.5776672363281 26.107292175293 26.6989574432373 27.0154590606689 26.9463329315186 26.8548736572266 26.9130420684814 26.9223327636719 26.7320003509521 27.6172504425049 27.691125869751 27.2810840606689 27.0492916107178 27.2687492370605 26.9710845947266 25.9488754272461 25.6727085113525 27.5105838775635 27.8013343811035 27.7767906188965 26.6456680297852 24.5168743133545 26.4703750610352 27.1958332061768 24.2802505493164 25.417667388916 25.6394157409668 24.7410831451416 26.2929573059082 27.1182498931885 26.0678329467773 25.510082244873 23.6513748168945 25.1264991760254 26.804708480835 27.9069995880127 28.5826663970947 27.7178325653076 25.4600830078125 26.1008758544922 25.3994998931885 26.3003330230713 26.5784168243408 26.4145412445068 26.4820003509521 27.0086669921875 26.4259166717529 25.624584197998 26.9549579620361 26.2903327941895 26.4112491607666 26.3227920532227 25.9194164276123 26.5388336181641 26.8517074584961 25.7670421600342 25.1870002746582 24.6373748779297
25.5320835113525 26.2514991760254 25.1653747558594 26.4389171600342 26.4772090911865 27.0694580078125 27.4545421600342 27.6761245727539 27.3187923431396 27.4848747253418 27.5706672668457 27.6845417022705 27.9186248779297 27.7205410003662 27.78466796875 27.7925415039062 27.4466247558594 25.9962921142578 26.6515426635742 27.7919158935547 27.4825820922852 27.3611240386963 27.0249176025391 26.1052494049072 27.4637908935547 27.3095417022705 25.4598331451416 25.7392082214355 26.6359157562256 25.7157077789307 25.6012496948242 27.3562507629395 26.5239582061768 26.496166229248 25.5634994506836 25.6317920684814 25.8492088317871 26.7757091522217 28.0847091674805 26.1913757324219 25.9869995117188 26.418083190918 26.0641250610352 25.5120830535889 25.7404594421387 25.8232498168945 26.1842918395996 26.8510837554932 26.9917507171631 26.8925838470459 26.5557079315186 25.4133338928223 27.2428741455078 27.1533336639404 26.4747924804688 27.1127910614014 26.736499786377 26.4006252288818 24.6265411376953 23.8905410766602
25.3844165802002 25.6492919921875 26.2205009460449 25.589958190918 26.8328323364258 26.8208332061768 27.3704166412354 27.4330425262451 27.6570835113525 27.3098335266113 27.2758331298828 27.2064590454102 27.9986248016357 28.1678333282471 28.0925827026367 28.0279579162598 27.8422508239746 26.3865833282471 26.7370834350586 27.1076259613037 25.6081657409668 26.4946250915527 26.4186668395996 27.470832824707 27.5481662750244 27.8182907104492 28.0118751525879 26.9517078399658 25.7207088470459 25.6233329772949 24.6119995117188 25.101749420166 26.8783760070801 26.5632095336914 27.3393325805664 26.8377914428711 26.1798324584961 27.0973739624023 26.9141254425049 26.898250579834 26.3636245727539 27.3100414276123 26.6745834350586 25.6707496643066 25.7883338928223 25.4230003356934 27.0176658630371 27.4031677246094 27.4580001831055 27.1483345031738 26.8598327636719 26.7312088012695 27.1140422821045 27.1573753356934 27.480583190918 26.5282497406006 26.9917087554932 26.4821243286133 24.8102073669434 24.2219161987305
26.6702079772949 26.2390003204346 26.0363750457764 25.1153335571289 26.2837924957275 26.5929584503174 26.9942512512207 26.9998741149902 27.0976257324219 26.7357902526855 26.677791595459 26.7210826873779 27.9659996032715 28.3429164886475 27.9331665039062 27.9524574279785 27.9334583282471 26.5534992218018 24.0613327026367 26.3681678771973 26.4285411834717 26.7052917480469 26.7877502441406 26.4736671447754 27.4190826416016 26.4012908935547 26.2477493286133 26.9436664581299 24.6525001525879 25.9673748016357 25.3748340606689 25.0485420227051 27.0374164581299 26.5332088470459 27.2042922973633 28.158374786377 27.8308753967285 28.3545417785645 27.1613750457764 28.1050415039062 27.6744155883789 27.0529174804688 25.8361663818359 26.7910003662109 25.8536243438721 27.1806659698486 27.6652088165283 27.5167922973633 27.3033752441406 27.4686241149902 27.4730834960938 27.4890003204346 26.8694171905518 27.6039161682129 26.1440830230713 25.9615821838379 26.9186668395996 26.4309997558594 25.8854579925537 24.6622505187988
27.2238330841064 27.3424587249756 26.8038330078125 25.3530826568604 26.6526660919189 27.2916259765625 26.2996673583984 27.3047904968262 27.0539169311523 26.9861259460449 27.0158748626709 27.1736660003662 27.839916229248 28.0168762207031 27.9720840454102 28.1675834655762 28.0804576873779 25.5013332366943 24.2551670074463 26.3148326873779 27.0814170837402 26.9623336791992 26.6546249389648 27.0991249084473 26.832124710083 26.5030422210693 26.7889995574951 27.5067081451416 26.8813743591309 27.6822090148926 26.9932079315186 26.3529586791992 25.5797920227051 27.2623329162598 27.677417755127 27.5573329925537 27.652042388916 27.4427089691162 27.1831665039062 27.9029159545898 26.7769584655762 25.3343334197998 26.4422492980957 26.6963748931885 26.3377914428711 27.7341251373291 27.3829574584961 26.5782089233398 27.4830417633057 26.9797077178955 27.5161666870117 27.7944164276123 27.5014991760254 26.5343322753906 25.9493751525879 26.4252910614014 25.9802913665771 25.8517074584961 25.9625415802002 25.597957611084
27.504415512085 27.5358333587646 27.0464992523193 26.714958190918 27.1790828704834 27.9680004119873 26.7556247711182 26.9747085571289 27.5091667175293 27.3993759155273 27.4079170227051 27.5668334960938 28.0429992675781 28.3599166870117 28.2335834503174 27.8423328399658 26.8195838928223 24.4862499237061 26.4133758544922 27.2923336029053 27.4052085876465 27.1477508544922 27.5559158325195 27.4746246337891 25.8569164276123 27.3805828094482 27.8552513122559 28.2223320007324 27.4497089385986 28.1700839996338 27.9210414886475 26.8587913513184 25.740291595459 26.3473739624023 27.7600421905518 26.8838329315186 27.7534160614014 27.1140003204346 27.2767505645752 26.7086658477783 26.3199157714844 26.1790828704834 26.2447910308838 26.7098751068115 27.3616256713867 27.3935832977295 26.8161659240723 27.5343742370605 26.6407508850098 26.2077503204346 27.175874710083 27.7562084197998 26.9902496337891 25.9693336486816 26.2385005950928 26.8704586029053 25.1194171905518 25.6552925109863 26.9841251373291 26.2182502746582
27.40625 27.0875415802002 27.6006660461426 27.3052501678467 27.857666015625 28.0493335723877 27.2144165039062 26.6927509307861 27.5386257171631 27.6213760375977 28.1707496643066 27.9447917938232 28.3104991912842 28.3592090606689 28.2148742675781 27.2057495117188 25.4010829925537 26.6142082214355 27.2735004425049 27.6293754577637 27.933666229248 27.7060832977295 27.4282913208008 27.877124786377 26.6671257019043 27.7136669158936 27.9766254425049 28.1913757324219 27.6707077026367 27.3665409088135 27.650707244873 27.5019989013672 26.6617088317871 26.5082092285156 27.5858745574951 27.658374786377 28.202917098999 28.0169162750244 27.162166595459 26.6184997558594 26.113374710083 26.7611675262451 27.6854591369629 27.171667098999 27.0392913818359 28.0261249542236 27.2392082214355 26.3294582366943 25.7362079620361 26.0796661376953 26.9712505340576 27.2113742828369 25.0289993286133 26.6618328094482 26.6835422515869 25.9561672210693 27.2906665802002 26.4208755493164 27.4976673126221 27.4778747558594
28.5366249084473 27.5239582061768 27.4444999694824 27.7246246337891 27.7628326416016 27.9843330383301 27.5909576416016 26.2078342437744 27.7124576568604 27.9182910919189 28.2616672515869 27.929666519165 28.2199993133545 28.10325050354 28.2182922363281 28.1335830688477 26.6785411834717 28.0462074279785 28.5687503814697 28.4788761138916 28.2287502288818 28.2280006408691 27.5245418548584 27.9869155883789 28.2330837249756 27.8988742828369 27.8939170837402 28.1489582061768 26.6232089996338 27.429666519165 27.0766658782959 27.7326240539551 27.0632076263428 27.8015823364258 28.3736248016357 28.3021659851074 27.511791229248 27.8137512207031 28.0556678771973 26.7608337402344 26.6670417785645 27.3543338775635 27.6130409240723 27.3757915496826 27.6127910614014 27.8252906799316 26.6126251220703 26.9240417480469 26.3865413665771 26.8966674804688 26.8521251678467 25.9466667175293 24.798791885376 27.1840839385986 28.0092506408691 27.8557910919189 27.9302082061768 27.7643756866455 27.6172752380371 27.2325401306152
28.0184574127197 28.2857913970947 28.054666519165 28.117000579834 27.9049167633057 28.0509166717529 28.138708114624 26.1889171600342 27.2197494506836 28.2512092590332 28.2428760528564 28.1602096557617 27.9500827789307 27.8985004425049 27.9047088623047 27.8366661071777 27.2845420837402 28.1780014038086 28.4581680297852 28.6502494812012 28.478832244873 28.258207321167 28.3427085876465 28.3987083435059 28.5790424346924 28.1408348083496 28.0918750762939 27.1986656188965 26.5081253051758 27.45924949646 26.8238334655762 27.6274585723877 28.021541595459 28.2564163208008 28.4198760986328 28.2887496948242 28.4802494049072 28.1712913513184 27.7120418548584 27.7798347473145 27.6532077789307 27.3955001831055 26.8942089080811 27.9737071990967 28.0699577331543 27.5182075500488 27.6537075042725 26.7855415344238 26.3012504577637 26.0315837860107 25.6286239624023 26.7114162445068 27.3230419158936 27.9467926025391 27.6499176025391 27.5955829620361 27.5948753356934 27.9806518554688 27.0716419219971 26.565315246582
27.4288749694824 27.6710834503174 28.7043342590332 28.2087917327881 27.9050006866455 28.5142917633057 28.4248332977295 28.0075416564941 26.9667091369629 28.0502910614014 28.3369998931885 28.2792930603027 28.0072078704834 27.7692909240723 27.4985008239746 28.240291595459 28.5383739471436 28.4660415649414 28.0457916259766 28.0789585113525 28.0557079315186 28.2246246337891 28.1812496185303 28.15966796875 28.3521251678467 28.2712497711182 28.464958190918 28.1188335418701 27.8392505645752 27.8824577331543 27.9501247406006 27.3290004730225 27.6424999237061 28.5197505950928 28.5571670532227 28.5147094726562 28.4698753356934 27.8150825500488 28.0088348388672 28.2519989013672 27.8483333587646 27.7248344421387 27.6384162902832 27.2513751983643 28.0187091827393 26.8116245269775 26.6785011291504 26.4788341522217 26.8246250152588 25.5763339996338 26.9185009002686 26.0917911529541 26.8099174499512 26.7739582061768 27.3936252593994 27.8583335876465 27.5806083679199 27.4829006195068 -9999 -9999
27.3894996643066 27.5872077941895 28.2969169616699 28.8282909393311 28.6776237487793 28.3691253662109 28.3369178771973 27.6951675415039 26.9042091369629 27.015209197998 27.8007907867432 27.6956253051758 26.7672080993652 28.2337074279785 28.4879989624023 28.4763336181641 28.4441661834717 28.1538753509521 27.6941261291504 27.9481658935547 28.0226669311523 28.0342922210693 28.0450000762939 27.466459274292 27.6189994812012 27.701208114624 27.447416305542 27.8957500457764 27.83766746521 28.1377506256104 27.7803325653076 28.0699577331543 27.902042388916 28.2287502288818 28.568416595459 28.7034168243408 28.5827083587646 28.4726257324219 28.5272922515869 28.6088333129883 28.6822910308838 28.5007915496826 28.1666660308838 28.2979164123535 28.1590423583984 27.4570426940918 27.2179164886475 26.5932502746582 26.3749160766602 27.7759170532227 27.6620407104492 26.6169166564941 27.3474578857422 27.4875411987305 27.064790725708 27.0487079620361 27.48606300354 -9999 -9999 -9999
27.5289993286133 27.1918754577637 27.6284580230713 27.8350009918213 28.7140007019043 28.4808750152588 28.0400428771973 28.001708984375 27.9212493896484 27.5950832366943 27.9596672058105 28.1012077331543 27.8194580078125 28.226375579834 28.2112503051758 28.3182907104492 28.0666675567627 27.4827919006348 25.9242496490479 26.6473331451416 28.0825004577637 27.4381656646729 27.9403343200684 27.7297496795654 27.7761249542236 27.2366256713867 27.8518753051758 28.382999420166 27.3470840454102 27.8436660766602 28.2552490234375 28.2844161987305 28.3500003814697 28.3384590148926 28.3877906799316 28.6257495880127 28.5425415039062 28.5868339538574 28.4172077178955 28.3063335418701 28.4937496185303 28.1044578552246 27.4317092895508 27.7295417785645 27.9426250457764 27.6543750762939 26.5816669464111 26.7567081451416 27.7880821228027 27.996166229248 27.9918518066406 27.7975730895996 27.8872089385986 27.8174705505371 27.8275489807129 27.5215759277344 27.5106067657471 -9999 -9999 -9999
27.8719596862793 27.8374576568604 28.2032909393311 28.1065406799316 28.622917175293 28.2242088317871 28.1994171142578 28.2469158172607 28.0680847167969 27.9662075042725 28.0456256866455 28.019624710083 28.1349582672119 28.2003326416016 27.7500419616699 27.556999206543 27.570125579834 27.5857086181641 27.5544586181641 27.8975410461426 27.8413753509521 27.1202926635742 27.0716247558594 26.9213752746582 27.2413749694824 28.3207492828369 28.8053741455078 28.365083694458 27.443416595459 27.4761257171631 28.3090419769287 27.9185829162598 28.0777912139893 27.5562496185303 28.2360000610352 28.4299163818359 28.6321678161621 28.5537910461426 28.4529457092285 28.624828338623 28.2605838775635 28.3216667175293 28.1387920379639 27.9707489013672 27.5654449462891 27.4814643859863 27.6454410552979 27.6020317077637 27.759895324707 27.724437713623 27.6679935455322 27.8958339691162 27.9173431396484 27.7083339691162 -9999 -9999 -9999 -9999 -9999 -9999
28.224250793457 28.0157508850098 28.4555416107178 28.425500869751 28.3099994659424 27.966833114624 28.0262088775635 28.023624420166 27.9400424957275 27.8249168395996 27.9337921142578 27.9950008392334 27.7726669311523 27.6426658630371 27.5068740844727 27.2428340911865 27.1712493896484 28.193042755127 27.9414157867432 27.6088333129883 26.4390411376953 27.3718757629395 26.9417915344238 26.8040828704834 25.777042388916 27.8219585418701 28.1148338317871 27.4915409088135 28.0049591064453 27.4101676940918 27.2046241760254 28.2678756713867 28.2456245422363 27.8522491455078 28.2842082977295 28.576208114624 28.6702079772949 28.6207084655762 28.5174350738525 28.4769611358643 28.3430480957031 28.2952880859375 27.4627513885498 27.4852657318115 27.131196975708 27.8062057495117 27.7637748718262 -9999 -9999 28.533332824707 28.466667175293 -9999 -9999 -9999 -9999 -9999 -9999 -9999 -9999 -9999
28.2627086639404 28.4119167327881 28.3677082061768 28.1769580841064 28.1675834655762 27.9272079467773 27.9219169616699 27.8748741149902 27.8168754577637 27.6189994812012 27.9317092895508 27.8914585113525 28.013500213623 27.4225826263428 26.994499206543 26.8705005645752 27.1421241760254 27.9327907562256 27.6197090148926 27.3004169464111 27.0808753967285 27.0374164581299 27.4825420379639 26.7835006713867 25.2819156646729 26.5284576416016 26.1992073059082 27.3034572601318 28.3881664276123 26.8386669158936 26.945291519165 28.3146667480469 28.4867916107178 28.5207500457764 28.3166255950928 28.4777088165283 28.4947910308838 28.0365829467773 28.3572769165039 28.5642852783203 28.1197662353516 27.6757488250732 27.4745140075684 27.5450973510742 27.4015502929688 -9999 -9999 -9999 -9999 -9999 -9999 -9999 -9999 -9999 -9999 -9999 -9999 -9999 -9999 -9999
27.9898338317871 27.7693748474121 27.9097080230713 27.4340419769287 27.2190837860107 27.4125423431396 27.613374710083 27.8712921142578 28.0720825195312 27.8267078399658 28.191499710083 28.0702075958252 27.9082508087158 27.6723747253418 27.6732921600342 27.2275009155273 28.1655426025391 27.5300407409668 27.6306247711182 27.3937911987305 27.6451663970947 27.8959999084473 27.9638328552246 26.5612506866455 24.4681243896484 25.6222496032715 26.716667175293 28.0296249389648 27.5319995880127 26.8661251068115 28.006290435791 28.5336666107178 28.4713745117188 28.4919166564941 27.3156242370605 28.0754566192627 28.3505840301514 28.3843612670898 28.3593139648438 28.0777778625488 27.3394737243652 27.7654266357422 27.7988891601562 27.9166660308838 -9999 -9999 -9999 -9999 -9999 -9999 -9999 -9999 -9999 -9999 -9999 -9999 -9999 -9999 -9999 -9999
27.7002925872803 27.7779159545898 27.7657928466797 27.8039169311523 27.3700008392334 26.9711666107178 27.4852504730225 28.0905838012695 28.1553325653076 28.2065410614014 28.0110836029053 28.076000213623 28.0504169464111 27.9743747711182 28.1148338317871 28.1455421447754 28.05299949646 27.7793750762939 28.0335826873779 27.9560432434082 28.0977916717529 28.1146240234375 28.1651248931885 27.4483757019043 26.8617496490479 27.8105411529541 28.1765823364258 28.2094573974609 27.8971252441406 27.5088329315186 28.2374591827393 28.0512084960938 28.1865844726562 28.4315414428711 28.0658760070801 28.4596157073975 28.4436569213867 28.315824508667 28.1064701080322 28.4240741729736 28.4611110687256 28.6380958557129 27.4895839691162 -9999 -9999 -9999 -9999 -9999 -9999 -9999 -9999 -9999 -9999 -9999 -9999 -9999 -9999 -9999 -9999 -9999
26.3803329467773 26.2984580993652 26.919750213623 26.8985004425049 26.1805419921875 26.3550834655762 27.6199989318848 28.1482791900635 28.3401031494141 28.1811656951904 28.1415824890137 28.1535835266113 28.136791229248 28.2994155883789 28.2327919006348 27.8094997406006 27.8461666107178 28.097957611084 28.2747077941895 28.1803340911865 28.2665004730225 28.3922920227051 28.2564163208008 27.1231250762939 27.3123741149902 26.5364170074463 27.7876243591309 28.3057079315186 28.3863334655762 28.2896251678467 28.1951656341553 28.1797504425049 27.8988304138184 27.8569450378418 27.6453132629395 27.9037418365479 27.8720588684082 28.2722225189209 -9999 27.6980762481689 28.9500007629395 28.0845241546631 27.5766677856445 -9999 -9999 -9999 -9999 -9999 -9999 -9999 -9999 -9999 -9999 -9999 -9999 -9999 -9999 -9999 -9999 -9999
25.8427085876465 25.9150829315186 25.3247489929199 26.2313747406006 26.5831260681152 27.2918338775635 27.9533081054688 28.1731815338135 28.215425491333 28.255012512207 28.3069343566895 28.3628749847412 28.4835414886475 28.4340000152588 28.4307727813721 28.4225826263428 28.3192920684814 28.3149585723877 28.3117084503174 28.2840003967285 28.398832321167 28.5139579772949 28.4883327484131 28.0477504730225 28.0074157714844 27.3838748931885 28.2995834350586 28.1368217468262 28.3613986968994 28.3882598876953 27.7044582366943 27.8535709381104 28.1768245697021 27.8180274963379 27.4072914123535 29.1666660308838 -9999 -9999 -9999 -9999 -9999 -9999 -9999 -9999 -9999 -9999 -9999 -9999 -9999 -9999 -9999 -9999 -9999 -9999 -9999 -9999 -9999 -9999 -9999 -9999
26.0185413360596 25.9614582061768 25.3084163665771 27.2666244506836 27.9428825378418 28.0594673156738 28.0291862487793 28.2753620147705 28.2450752258301 28.3084506988525 28.394702911377 28.5720252990723 28.5232086181641 28.554708480835 28.5611801147461 28.5275459289551 28.5607490539551 28.5782909393311 28.5517921447754 28.3950843811035 28.5032920837402 28.5582084655762 28.6308746337891 28.3956279754639 28.0952320098877 28.3449440002441 27.9696254730225 27.8839683532715 28.0658473968506 28.3999996185303 28.8666667938232 27.7333335876465 27.7828712463379 27.687858581543 28.1833343505859 -9999 -9999 -9999 -9999 -9999 -9999 -9999 -9999 -9999 -9999 -9999 -9999 -9999 -9999 -9999 -9999 -9999 -9999 -9999 -9999 -9999 -9999 -9999 -9999 -9999
27.2036666870117 27.0491256713867 27.3026142120361 28.0599460601807 28.1355476379395 28.2666664123535 -9999 -9999 -9999 -9999 -9999 28.6874656677246 28.6514263153076 28.585262298584 28.6333332061768 28.6487560272217 28.5896739959717 28.5766677856445 28.5646667480469 28.5496253967285 28.5672912597656 28.5739269256592 28.4747791290283 28.4835338592529 28.3538455963135 28.3893947601318 -9999 -9999 -9999 -9999 -9999 -9999 -9999 -9999 -9999 -9999 -9999 -9999 -9999 -9999 -9999 -9999 -9999 -9999 -9999 -9999 -9999 -9999 -9999 -9999 -9999 -9999 -9999 -9999 -9999 -9999 -9999 -9999 -9999 -9999
27.4523334503174 27.9467086791992 27.8394298553467 27.8265438079834 27.8833332061768 -9999 -9999 -9999 -9999 -9999 -9999 -9999 -9999 -9999 -9999 28.5499992370605 28.6071662902832 28.4685840606689 28.4358749389648 28.6592197418213 28.5927429199219 28.5516662597656 -9999 -9999 -9999 -9999 -9999 -9999 -9999 -9999 -9999 -9999 -9999 -9999 -9999 -9999 -9999 -9999 -9999 -9999 -9999 -9999 -9999 -9999 -9999 -9999 -9999 -9999 -9999 -9999 -9999 -9999 -9999 -9999 -9999 -9999 -9999 -9999 -9999 -9999
27.4416255950928 27.9556465148926 27.6186103820801 27.8451385498047 27.9377784729004 -9999 -9999 -9999 -9999 -9999 -9999 28.8833332061768 -9999 -9999 -9999 28.6078815460205 28.6424160003662 28.6654586791992 28.605131149292 28.5969696044922 28.623893737793 -9999 -9999 -9999 -9999 -9999 -9999 -9999 -9999 -9999 -9999 -9999 -9999 -9999 -9999 -9999 -9999 -9999 -9999 -9999 -9999 -9999 -9999 -9999 -9999 -9999 -9999 -9999 -9999 -9999 -9999 -9999 -9999 -9999 -9999 -9999 -9999 -9999 -9999 -9999
28.1572914123535 27.7368717193604 27.6456985473633 27.9289855957031 -9999 -9999 -9999 -9999 -9999 -9999 -9999 -9999 28.8166675567627 -9999 -9999 28.6495170593262 28.7066669464111 28.7550010681152 28.6299152374268 28.8913326263428 28.5071659088135 -9999 -9999 -9999 -9999 -9999 -9999 -9999 -9999 -9999 -9999 -9999 -9999 -9999 -9999 -9999 -9999 -9999 -9999 -9999 -9999 -9999 -9999 -9999 -9999 -9999 -9999 -9999 -9999 -9999 -9999 -9999 -9999 -9999 -9999 -9999 -9999 -9999 -9999 -9999
28.3972225189209 28.1777782440186 -9999 -9999 -9999 -9999 -9999 -9999 -9999 -9999 -9999 -9999 -9999 -9999 -9999 28.665771484375 28.6248340606689 28.5894165039062 28.5407447814941 28.6980304718018 -9999 -9999 -9999 -9999 -9999 -9999 -9999 -9999 -9999 -9999 -9999 -9999 -9999 -9999 -9999 -9999 -9999 -9999 -9999 -9999 -9999 -9999 -9999 -9999 -9999 -9999 -9999 -9999 -9999 -9999 -9999 -9999 -9999 -9999 -9999 -9999 -9999 28.5 -9999 -9999
-9999 -9999 -9999 -9999 -9999 -9999 -9999 -9999 -9999 -9999 -9999 -9999 -9999 -9999 -9999 28.7648391723633 28.7007961273193 28.4295425415039 28.3324584960938 28.6791152954102 28.658332824707 -9999 -9999 -9999 -9999 -9999 -9999 -9999 -9999 -9999 -9999 -9999 -9999 -9999 -9999 -9999 -9999 -9999 -9999 -9999 -9999 -9999 -9999 -9999 -9999 -9999 -9999 -9999 -9999 -9999 -9999 -9999 -9999 -9999 -9999 -9999 -9999 -9999 -9999 -9999
