02 cropping and modelling/wc2.1_10m_bio_16.asc
NCOLS 368 
NROWS 210 
XLLCORNER 67.1666666666667 
YLLCORNER 3.5 
CELLSIZE 0.166666666666667 
NODATA_value -9999 
[rows 72 to 107 of 210, columns 243 to 323 of 368]
551 557 556 579 545 539 557 554 562 577 595 605 624 637 669 668 684 701 661 685 666 625 606 594 592 595 601 605 609 614 618 620 627 628 630 653 655 718 760 663 649 631 637 665 695 690 703 736 749 761 776 792 791 809 798 803 800 796 787 786 768 765 776 763 737 719 718 727 729 679 656 635 597 569 553 526 506 505 -9999 -9999 -9999
564 567 572 576 555 545 566 570 576 597 616 622 639 664 703 694 706 719 680 713 658 626 610 598 602 634 632 632 629 635 629 626 625 628 646 693 686 749 735 652 646 650 655 635 662 668 692 718 722 737 751 764 776 782 772 776 779 770 749 747 757 752 743 723 715 719 696 674 666 666 623 597 581 540 515 -9999 -9999 -9999 -9999 -9999 -9999
576 567 578 566 556 562 580 581 601 615 635 654 669 694 720 721 733 720 723 708 676 646 634 621 634 703 671 658 661 656 643 630 626 632 673 688 752 753 733 678 678 649 639 627 648 661 689 691 719 732 741 745 774 774 760 746 746 742 723 743 734 724 711 702 714 704 662 677 651 602 613 567 537 514 -9999 -9999 -9999 -9999 -9999 -9999 -9999
586 580 582 576 565 576 593 597 616 639 662 680 701 721 737 742 749 741 733 696 682 682 690 668 654 668 654 638 638 638 634 638 632 653 657 713 735 740 736 663 654 635 627 617 632 663 670 694 709 721 723 748 757 757 750 749 744 717 712 729 707 694 680 688 683 668 670 636 627 599 572 553 537 486 -9999 -9999 -9999 -9999 -9999 -9999 -9999
602 596 594 596 601 596 603 616 638 660 686 712 739 755 767 776 773 762 739 722 708 707 700 698 671 664 655 647 640 641 645 646 659 709 673 701 702 734 685 664 667 641 625 632 655 684 703 692 705 713 734 738 727 753 722 736 712 717 706 688 687 670 676 675 650 657 635 639 625 594 567 560 525 -9999 -9999 -9999 -9999 -9999 -9999 -9999 -9999
616 612 617 630 635 633 647 654 668 694 721 752 775 779 809 813 802 785 770 772 747 727 707 679 673 666 668 666 655 666 678 701 685 692 701 707 712 697 705 715 692 661 649 658 673 702 700 696 701 719 748 717 711 724 712 748 729 701 670 666 667 664 664 649 644 658 625 605 596 568 541 532 535 527 -9999 -9999 -9999 -9999 -9999 -9999 -9999
630 630 636 638 650 663 689 691 703 730 753 793 823 825 859 852 836 813 796 789 756 763 722 693 690 694 697 679 678 699 685 682 658 694 737 737 717 729 724 704 693 688 681 672 681 700 700 714 705 726 735 712 712 713 724 719 690 663 647 638 649 635 626 614 603 584 575 566 540 534 531 535 542 537 -9999 -9999 -9999 -9999 -9999 -9999 -9999
641 652 652 655 667 686 699 710 732 756 782 825 857 878 900 890 861 832 810 789 779 747 729 712 734 758 744 723 724 679 671 659 673 701 721 735 707 723 749 723 707 703 702 696 701 727 721 752 717 741 730 725 697 701 714 724 683 647 638 625 652 622 588 579 569 569 554 536 520 525 520 526 537 -9999 -9999 -9999 -9999 -9999 -9999 -9999 -9999
662 666 668 673 689 703 722 733 752 774 811 839 887 918 931 905 874 837 818 789 770 753 738 729 739 753 745 725 728 703 691 700 719 728 698 716 715 738 756 727 739 734 729 724 733 747 751 763 730 741 713 701 680 691 696 684 659 684 652 613 633 598 559 550 531 527 525 506 499 -9999 520 -9999 -9999 -9999 -9999 -9999 -9999 -9999 -9999 -9999 598
679 681 689 692 705 722 733 749 763 788 824 859 896 922 929 895 874 842 813 796 794 761 736 742 742 748 737 726 719 719 769 775 757 757 729 729 738 758 753 766 775 771 757 756 761 745 759 751 737 728 696 703 678 660 683 647 667 645 636 586 602 596 565 535 507 500 489 486 475 -9999 519 -9999 -9999 -9999 -9999 -9999 -9999 -9999 -9999 645 666
696 702 707 714 723 737 748 763 773 794 823 850 875 897 888 871 855 827 802 786 788 757 739 770 754 748 761 748 739 744 751 781 761 753 751 753 767 803 796 809 797 789 785 777 757 755 765 734 732 712 698 693 669 645 654 651 647 613 586 552 532 541 494 486 477 469 460 -9999 -9999 -9999 -9999 -9999 -9999 -9999 -9999 -9999 -9999 -9999 -9999 709 830
718 727 727 731 738 749 754 764 778 788 807 825 841 853 852 848 827 809 789 773 766 741 738 758 755 744 757 764 749 756 759 775 779 788 788 780 811 817 819 823 827 822 814 796 771 753 739 730 741 687 672 673 648 639 632 658 659 602 545 523 500 496 464 443 439 437 424 -9999 -9999 -9999 -9999 -9999 -9999 -9999 -9999 -9999 -9999 -9999 738 916 1137
745 746 748 747 755 761 767 770 776 775 785 794 802 811 814 812 802 798 776 764 738 731 729 729 741 760 766 783 781 767 777 781 797 816 813 818 824 833 830 839 850 842 835 798 770 746 731 721 707 682 663 644 654 631 626 650 648 588 549 534 497 469 461 413 401 -9999 -9999 -9999 -9999 -9999 -9999 -9999 -9999 -9999 -9999 -9999 -9999 748 970 1219 1205
767 770 770 766 771 774 775 776 770 761 763 758 762 770 782 794 778 769 755 740 735 720 739 747 740 781 770 781 792 776 793 797 804 824 822 834 825 835 846 865 860 859 839 805 776 749 723 707 682 677 646 668 663 628 628 624 637 584 588 528 512 493 479 -9999 -9999 -9999 -9999 -9999 -9999 -9999 -9999 -9999 -9999 -9999 -9999 -9999 724 834 1089 1289 1280
789 792 790 792 783 787 784 775 759 742 730 724 723 729 761 778 755 743 733 727 710 719 733 739 736 754 750 765 780 800 791 799 818 831 839 841 832 850 871 870 874 874 852 826 796 746 732 699 675 662 667 669 651 651 644 624 626 575 583 548 525 504 -9999 -9999 -9999 -9999 -9999 -9999 -9999 -9999 -9999 -9999 -9999 -9999 -9999 -9999 755 861 1089 1301 1119
803 811 811 813 807 800 791 771 744 717 697 684 687 711 759 732 723 720 720 708 703 739 723 731 736 751 751 757 777 800 804 792 818 815 833 830 842 853 866 875 884 884 872 838 787 764 744 703 673 672 680 665 642 691 668 614 636 637 591 561 522 -9999 -9999 -9999 -9999 -9999 -9999 -9999 -9999 -9999 -9999 -9999 -9999 -9999 -9999 711 754 1018 1224 1301 1179
819 827 831 834 825 814 795 761 730 699 665 646 661 716 701 702 704 706 709 711 706 734 727 734 739 754 766 765 771 791 799 786 796 792 801 818 828 846 850 859 879 894 898 845 805 776 743 703 681 720 670 666 689 650 672 633 628 613 591 564 555 -9999 -9999 -9999 -9999 -9999 -9999 -9999 -9999 -9999 -9999 476 503 -9999 698 744 846 1136 1347 1265 1116
825 836 845 847 836 835 796 758 724 683 646 611 618 669 664 672 688 698 704 715 717 724 738 745 749 778 772 782 771 784 774 765 772 787 782 783 811 822 822 842 862 878 873 834 793 769 732 711 718 750 674 666 682 694 688 658 645 628 608 -9999 -9999 -9999 -9999 -9999 -9999 -9999 -9999 -9999 -9999 -9999 472 495 523 -9999 723 830 995 1318 1308 1261 1606
824 839 840 844 839 831 788 753 719 685 646 617 617 646 654 671 683 694 704 714 725 737 750 758 778 793 783 793 780 775 769 763 760 760 764 769 777 791 817 845 849 851 850 825 802 776 756 750 710 695 689 702 716 719 735 689 691 -9999 -9999 -9999 -9999 -9999 -9999 -9999 -9999 -9999 -9999 -9999 -9999 558 570 553 -9999 -9999 782 912 1141 1469 1281 1544 1445
813 823 819 813 805 795 763 737 716 696 668 653 643 645 653 672 686 703 712 728 745 755 770 772 786 796 801 799 807 803 779 779 763 751 767 772 776 792 814 834 861 845 852 833 808 765 788 733 752 734 743 745 752 744 738 -9999 -9999 -9999 -9999 -9999 -9999 -9999 -9999 -9999 -9999 -9999 -9999 -9999 -9999 -9999 655 697 705 -9999 941 1068 1377 1645 1350 1409 1389
800 797 779 758 752 756 742 725 714 715 700 691 672 662 666 680 693 705 723 745 769 781 795 809 812 817 820 825 823 822 802 798 782 776 777 790 800 830 851 863 870 852 844 823 811 801 741 735 760 742 743 765 772 758 -9999 -9999 -9999 -9999 -9999 -9999 -9999 -9999 -9999 -9999 -9999 -9999 -9999 -9999 -9999 -9999 -9999 -9999 -9999 -9999 1143 1351 1537 1795 1537 1603 1138
805 784 750 713 692 705 720 719 721 723 725 716 695 678 676 719 717 715 743 762 784 801 822 830 837 854 859 853 849 844 833 819 809 801 814 808 856 898 927 936 922 891 866 860 830 778 758 743 741 752 750 758 761 756 -9999 -9999 -9999 -9999 -9999 -9999 -9999 -9999 -9999 -9999 -9999 -9999 -9999 -9999 -9999 -9999 -9999 -9999 -9999 -9999 1289 1428 1578 1814 1780 1523 1261
806 789 753 711 690 707 724 728 729 732 731 723 710 694 685 695 709 730 761 788 808 826 834 851 867 881 888 882 882 873 873 860 842 839 839 848 880 942 1008 1008 972 928 876 849 811 773 776 759 739 754 746 -9999 -9999 -9999 -9999 -9999 -9999 -9999 -9999 -9999 -9999 -9999 -9999 -9999 -9999 -9999 -9999 -9999 -9999 -9999 -9999 -9999 -9999 -9999 -9999 1349 1550 1801 2024 1706 1178
832 825 804 768 745 745 753 753 750 750 745 736 725 718 701 702 720 764 776 808 829 865 866 880 899 905 915 922 905 900 903 892 894 875 882 880 905 948 1000 1022 974 949 872 855 -9999 -9999 763 727 -9999 -9999 -9999 -9999 -9999 -9999 -9999 -9999 -9999 -9999 -9999 -9999 -9999 -9999 -9999 -9999 -9999 -9999 -9999 -9999 -9999 -9999 -9999 -9999 -9999 -9999 -9999 1289 1546 1944 2237 1715 1250
888 887 871 841 820 805 794 784 780 773 767 759 751 739 724 731 745 772 801 826 850 884 895 915 928 933 949 952 933 927 923 919 915 912 924 920 902 988 1027 1050 997 931 -9999 -9999 -9999 -9999 -9999 -9999 -9999 -9999 -9999 -9999 -9999 -9999 -9999 -9999 -9999 -9999 -9999 -9999 -9999 -9999 -9999 -9999 -9999 -9999 -9999 -9999 -9999 -9999 -9999 -9999 -9999 -9999 -9999 -9999 1569 1893 2339 1645 -9999
937 948 945 919 891 865 839 821 808 795 785 773 768 753 758 760 771 784 811 838 867 907 921 938 949 969 977 971 960 951 949 955 943 950 948 942 880 923 1007 1043 962 -9999 -9999 -9999 -9999 -9999 -9999 -9999 -9999 -9999 -9999 -9999 -9999 -9999 -9999 -9999 -9999 -9999 -9999 -9999 -9999 -9999 -9999 -9999 -9999 -9999 -9999 -9999 -9999 -9999 -9999 -9999 -9999 -9999 -9999 -9999 1436 1725 1910 1497 -9999
1029 1042 1026 1005 970 925 884 856 834 816 800 783 779 775 776 778 788 798 819 847 874 905 924 950 977 1000 1007 996 982 970 959 959 946 957 960 952 880 876 900 874 -9999 -9999 -9999 -9999 -9999 -9999 -9999 -9999 -9999 -9999 -9999 -9999 -9999 -9999 -9999 -9999 -9999 -9999 -9999 -9999 -9999 -9999 -9999 -9999 -9999 -9999 -9999 -9999 -9999 -9999 -9999 -9999 -9999 -9999 -9999 -9999 -9999 -9999 1509 1392 -9999
1084 1080 1095 1103 1042 971 922 881 848 830 815 800 797 795 793 794 803 818 834 855 885 911 941 966 992 1027 1032 1010 987 981 969 963 948 959 962 -9999 895 914 879 862 -9999 -9999 -9999 -9999 -9999 -9999 -9999 -9999 -9999 -9999 -9999 -9999 -9999 -9999 -9999 -9999 -9999 -9999 -9999 -9999 -9999 -9999 -9999 -9999 -9999 -9999 -9999 -9999 -9999 -9999 -9999 -9999 -9999 -9999 -9999 -9999 -9999 -9999 1276 1192 -9999
1167 1225 1255 1193 1088 993 933 888 860 840 822 805 807 803 804 806 819 830 846 869 887 911 942 962 983 1005 1015 1011 994 967 958 960 951 -9999 -9999 -9999 -9999 -9999 -9999 -9999 -9999 -9999 -9999 -9999 -9999 -9999 -9999 -9999 -9999 -9999 -9999 -9999 -9999 -9999 -9999 -9999 -9999 -9999 -9999 -9999 -9999 -9999 -9999 -9999 -9999 -9999 -9999 -9999 -9999 -9999 -9999 -9999 -9999 -9999 -9999 -9999 -9999 -9999 -9999 -9999 -9999
1367 1523 1409 1218 1077 1024 915 872 846 844 827 810 806 813 813 820 830 839 853 879 895 916 931 961 979 988 991 992 964 963 955 941 -9999 -9999 -9999 -9999 -9999 -9999 -9999 -9999 -9999 -9999 -9999 -9999 -9999 -9999 -9999 -9999 -9999 -9999 -9999 -9999 -9999 -9999 -9999 -9999 -9999 -9999 -9999 -9999 -9999 -9999 -9999 -9999 -9999 -9999 -9999 -9999 -9999 -9999 -9999 -9999 -9999 -9999 -9999 -9999 -9999 -9999 -9999 -9999 -9999
1473 1505 1488 -9999 -9999 -9999 -9999 -9999 858 832 817 819 792 804 817 824 830 847 858 876 884 901 920 -9999 -9999 -9999 -9999 -9999 -9999 -9999 -9999 -9999 -9999 -9999 -9999 -9999 -9999 -9999 -9999 -9999 -9999 -9999 -9999 -9999 -9999 -9999 -9999 -9999 -9999 -9999 -9999 -9999 -9999 -9999 -9999 -9999 -9999 -9999 -9999 -9999 -9999 -9999 -9999 -9999 -9999 -9999 -9999 -9999 -9999 -9999 -9999 -9999 -9999 -9999 -9999 -9999 -9999 -9999 -9999 -9999 -9999
1329 1140 -9999 -9999 -9999 -9999 -9999 -9999 -9999 -9999 -9999 -9999 801 812 814 826 833 841 851 -9999 -9999 -9999 -9999 -9999 -9999 -9999 -9999 -9999 -9999 -9999 -9999 -9999 -9999 -9999 -9999 -9999 -9999 -9999 -9999 -9999 -9999 -9999 -9999 -9999 -9999 -9999 -9999 -9999 -9999 -9999 -9999 -9999 -9999 -9999 -9999 -9999 -9999 -9999 -9999 -9999 -9999 -9999 -9999 -9999 -9999 -9999 -9999 -9999 -9999 -9999 -9999 -9999 -9999 -9999 -9999 -9999 -9999 -9999 -9999 -9999 -9999
1010 980 -9999 -9999 -9999 -9999 -9999 -9999 777 -9999 -9999 -9999 802 813 817 806 823 843 -9999 -9999 -9999 -9999 -9999 -9999 -9999 -9999 -9999 -9999 -9999 -9999 -9999 -9999 -9999 -9999 -9999 -9999 -9999 -9999 -9999 -9999 -9999 -9999 -9999 -9999 -9999 -9999 -9999 -9999 -9999 -9999 -9999 -9999 -9999 -9999 -9999 -9999 -9999 -9999 -9999 -9999 -9999 -9999 -9999 -9999 -9999 -9999 -9999 -9999 -9999 -9999 -9999 -9999 -9999 -9999 -9999 -9999 -9999 -9999 -9999 -9999 -9999
987 -9999 -9999 -9999 -9999 -9999 -9999 -9999 -9999 765 -9999 -9999 791 807 811 793 805 817 -9999 -9999 -9999 -9999 -9999 -9999 -9999 -9999 -9999 -9999 -9999 -9999 -9999 -9999 -9999 -9999 -9999 -9999 -9999 -9999 -9999 -9999 -9999 -9999 -9999 -9999 -9999 -9999 -9999 -9999 -9999 -9999 -9999 -9999 -9999 -9999 -9999 -9999 -9999 -9999 -9999 -9999 -9999 -9999 -9999 -9999 -9999 -9999 -9999 -9999 -9999 -9999 -9999 -9999 -9999 -9999 -9999 -9999 -9999 -9999 -9999 -9999 -9999
-9999 -9999 -9999 -9999 -9999 -9999 -9999 -9999 -9999 -9999 -9999 -9999 781 799 810 816 812 -9999 -9999 -9999 -9999 -9999 -9999 -9999 -9999 -9999 -9999 -9999 -9999 -9999 -9999 -9999 -9999 -9999 -9999 -9999 -9999 -9999 -9999 -9999 -9999 -9999 -9999 -9999 -9999 -9999 -9999 -9999 -9999 -9999 -9999 -9999 -9999 -9999 1119 -9999 -9999 -9999 -9999 -9999 -9999 -9999 -9999 -9999 -9999 -9999 -9999 -9999 -9999 -9999 -9999 -9999 -9999 -9999 -9999 -9999 -9999 -9999 -9999 -9999 -9999
-9999 -9999 -9999 -9999 -9999 -9999 -9999 -9999 -9999 -9999 -9999 -9999 780 798 818 826 826 809 -9999 -9999 -9999 -9999 -9999 -9999 -9999 -9999 -9999 -9999 -9999 -9999 -9999 -9999 -9999 -9999 -9999 -9999 -9999 -9999 -9999 -9999 -9999 -9999 -9999 -9999 -9999 -9999 -9999 -9999 -9999 -9999 -9999 -9999 -9999 -9999 -9999 -9999 -9999 -9999 -9999 -9999 -9999 -9999 -9999 -9999 -9999 -9999 -9999 -9999 -9999 -9999 -9999 -9999 -9999 -9999 -9999 -9999 -9999 -9999 -9999 -9999 -9999
