02 cropping and modelling/wc2.1_10m_bio_19.asc
NCOLS 368 
NROWS 210 
XLLCORNER 67.1666666666667 
YLLCORNER 3.5 
CELLSIZE 0.166666666666667 
NODATA_value -9999 
[rows 37 to 73 of 210, columns 85 to 169 of 368]
7 6 7 8 9 9 9 8 9 9 8 9 9 9 10 10 10 12 12 13 12 12 12 12 12 12 12 12 11 11 11 12 11 11 10 11 10 9 9 8 8 8 7 7 7 7 7 7 7 -9999 -9999 -9999 -9999 -9999 -9999 -9999 -9999 -9999 -9999 -9999 -9999 -9999 -9999 -9999 -9999 -9999 -9999 -9999 -9999 -9999 -9999 -9999 -9999 -9999 -9999 -9999 -9999 -9999 -9999 -9999 -9999 -9999 -9999 -9999 -9999
10 10 12 12 11 10 10 10 9 11 10 10 12 13 12 13 13 13 13 13 14 14 14 14 14 14 14 14 14 14 14 14 12 12 12 11 11 11 11 10 8 8 8 8 7 7 7 7 7 7 7 -9999 -9999 -9999 -9999 -9999 -9999 -9999 -9999 -9999 -9999 -9999 -9999 -9999 -9999 -9999 -9999 -9999 -9999 -9999 -9999 -9999 -9999 -9999 -9999 -9999 -9999 -9999 -9999 -9999 -9999 -9999 -9999 -9999 -9999
16 15 16 15 16 15 13 13 13 13 15 15 14 15 16 15 16 16 17 16 17 17 17 17 17 17 17 16 16 15 15 15 15 15 13 13 12 12 11 11 11 9 8 8 8 7 7 7 7 7 7 6 6 6 -9999 -9999 -9999 -9999 -9999 -9999 -9999 -9999 -9999 -9999 -9999 -9999 -9999 -9999 -9999 -9999 -9999 -9999 -9999 -9999 -9999 -9999 -9999 -9999 -9999 -9999 -9999 -9999 -9999 -9999 -9999
20 20 20 20 20 17 19 17 17 19 19 19 17 18 18 18 19 19 19 19 19 19 19 19 18 18 18 17 18 18 18 16 16 15 15 15 13 12 11 12 11 11 9 8 8 7 7 7 7 7 6 6 6 6 6 7 -9999 -9999 -9999 -9999 -9999 -9999 -9999 -9999 -9999 -9999 -9999 -9999 -9999 -9999 -9999 -9999 -9999 -9999 -9999 -9999 -9999 -9999 -9999 -9999 -9999 -9999 -9999 -9999 -9999
27 24 25 25 21 24 25 23 24 24 24 23 20 23 21 23 24 24 23 23 22 22 21 22 21 20 20 20 21 20 19 18 18 17 16 15 15 14 13 12 11 10 10 9 8 7 7 7 7 7 6 6 6 6 6 7 7 7 7 -9999 -9999 -9999 -9999 -9999 -9999 -9999 -9999 -9999 -9999 -9999 -9999 -9999 -9999 -9999 -9999 -9999 -9999 -9999 -9999 -9999 -9999 -9999 -9999 -9999 -9999
34 32 30 30 30 32 31 30 31 29 28 27 27 26 29 29 30 28 28 28 26 26 26 25 26 26 24 24 23 22 20 21 19 18 18 16 14 14 14 13 11 10 10 9 8 7 7 7 7 7 6 6 6 6 6 6 6 6 7 8 8 -9999 -9999 -9999 -9999 -9999 -9999 -9999 -9999 -9999 -9999 -9999 -9999 -9999 -9999 -9999 -9999 -9999 -9999 -9999 -9999 -9999 -9999 -9999 -9999
39 40 37 38 37 35 35 35 36 35 34 33 34 32 32 33 34 33 34 32 31 32 31 30 30 30 29 28 26 26 24 23 23 20 19 18 17 15 14 13 11 11 10 10 8 7 7 7 7 6 6 6 6 6 6 6 6 7 7 8 8 -9999 -9999 -9999 -9999 -9999 -9999 -9999 -9999 -9999 -9999 -9999 -9999 -9999 -9999 -9999 -9999 -9999 -9999 -9999 -9999 -9999 -9999 -9999 -9999
50 48 46 46 44 45 38 40 41 40 38 39 36 36 37 38 39 39 36 37 37 36 35 35 35 33 33 31 30 29 27 27 24 23 21 20 18 16 14 14 13 11 11 10 7 7 7 7 6 6 6 6 6 6 6 6 6 6 7 7 9 9 -9999 -9999 -9999 -9999 -9999 -9999 -9999 -9999 -9999 -9999 -9999 -9999 -9999 -9999 -9999 -9999 -9999 -9999 -9999 -9999 -9999 -9999 -9999
77 65 63 54 52 53 48 46 45 44 44 46 41 44 43 42 44 44 42 42 41 40 41 40 40 38 37 35 34 33 31 29 26 25 24 20 19 17 16 14 12 11 10 9 7 7 7 6 6 6 5 5 6 6 6 6 6 6 7 9 12 11 12 -9999 -9999 -9999 -9999 -9999 -9999 -9999 -9999 -9999 -9999 -9999 -9999 -9999 -9999 -9999 -9999 -9999 -9999 -9999 -9999 -9999 -9999
98 91 78 73 66 58 58 55 52 54 53 51 48 51 49 48 48 50 50 48 48 47 46 45 44 42 42 40 38 36 33 32 29 26 25 23 20 19 16 14 12 11 10 10 7 7 6 6 6 6 5 5 5 5 6 6 6 6 6 9 11 9 12 -9999 -9999 -9999 -9999 -9999 -9999 -9999 -9999 -9999 -9999 -9999 -9999 -9999 -9999 -9999 -9999 -9999 -9999 -9999 -9999 20 16
107 102 92 78 74 76 70 68 65 60 60 59 57 58 56 55 54 55 55 52 53 52 52 50 50 48 47 44 42 41 35 35 32 29 27 23 22 19 17 15 13 12 10 8 7 6 6 6 6 5 5 4 3 5 6 6 6 9 7 6 7 9 10 12 -9999 -9999 -9999 -9999 -9999 -9999 -9999 -9999 -9999 -9999 -9999 -9999 -9999 -9999 -9999 -9999 -9999 -9999 29 27 26
92 106 95 88 86 86 84 83 79 77 72 72 70 68 64 61 62 61 61 58 57 57 58 56 56 54 51 49 47 43 41 38 35 32 29 26 22 20 18 15 13 11 10 7 7 6 6 6 5 4 3 3 3 3 6 9 6 5 6 7 9 10 9 10 13 14 15 -9999 -9999 -9999 -9999 -9999 -9999 -9999 -9999 -9999 -9999 -9999 -9999 -9999 24 24 27 26 24
119 121 112 102 97 91 94 92 90 87 84 81 80 78 75 72 68 69 68 67 66 62 63 60 60 58 56 54 50 47 47 41 38 35 31 27 24 22 18 15 12 11 10 7 6 6 6 4 5 4 4 4 4 6 7 6 5 6 6 6 7 9 10 12 13 14 16 17 18 19 18 21 22 23 24 23 25 23 23 21 20 22 24 24 22
152 145 132 123 117 104 102 100 98 97 94 92 88 86 85 83 80 77 75 75 71 69 69 66 65 65 61 59 56 51 51 46 41 37 34 30 27 23 19 16 13 11 9 8 6 6 3 3 4 4 4 3 5 6 3 3 6 6 6 6 6 7 7 10 10 13 14 15 17 14 15 20 18 18 20 18 19 23 21 20 21 22 21 23 22
153 154 143 127 129 123 116 110 104 105 104 100 99 95 93 91 89 87 84 80 80 77 75 76 70 70 68 65 61 57 54 50 45 41 37 31 28 24 20 16 13 11 9 8 6 4 3 4 3 4 3 4 4 3 3 6 3 5 3 3 5 6 6 7 10 13 12 13 13 14 14 14 14 14 15 18 18 20 20 19 16 20 22 25 24
172 159 135 117 114 133 127 122 112 109 110 110 107 104 102 99 97 95 94 88 88 88 85 82 78 75 74 68 65 65 56 52 49 44 39 34 30 25 21 17 14 12 8 6 6 5 3 3 3 3 3 3 4 4 3 6 3 5 5 5 3 5 6 7 10 10 12 14 17 17 17 14 15 15 14 12 12 13 18 19 16 22 22 27 26
160 158 120 116 114 118 126 129 126 123 120 114 115 112 110 106 104 102 101 98 97 96 94 92 88 86 83 78 72 72 64 60 53 49 43 37 33 27 23 19 15 10 8 6 6 5 3 3 3 1 3 3 3 3 4 6 6 3 3 5 6 10 10 10 12 10 11 14 15 14 16 17 15 15 15 18 18 16 12 16 18 16 25 27 38
143 156 126 129 134 140 147 138 134 133 130 126 120 120 116 112 113 111 109 107 105 103 101 100 95 93 91 88 82 78 72 69 63 56 49 42 36 30 24 20 14 11 8 5 4 3 2 1 0 1 3 3 3 3 4 4 3 3 5 6 6 7 8 8 10 8 10 14 14 12 15 14 14 15 15 15 16 16 13 13 16 20 23 30 41
147 141 141 129 127 126 140 149 145 139 138 135 130 125 120 118 118 118 116 114 111 110 108 107 104 102 99 96 89 84 76 75 67 60 53 47 39 33 27 21 15 11 8 5 3 2 2 1 2 2 1 2 3 3 3 3 3 3 3 5 4 5 5 5 5 8 9 10 11 10 12 13 11 10 14 12 12 13 15 19 19 27 44 47 29
122 128 136 154 155 153 147 131 138 141 145 141 138 133 128 112 124 125 124 122 119 118 114 114 113 109 107 102 95 89 82 76 70 64 56 49 42 36 30 23 17 13 8 5 5 3 3 2 1 1 2 3 4 4 3 5 5 6 6 6 7 7 5 7 6 7 7 3 5 6 6 9 8 11 10 12 15 15 18 20 25 50 42 27 27
106 107 113 131 131 108 122 124 145 135 147 146 143 139 122 124 131 129 125 127 127 124 122 119 119 118 110 104 98 99 95 80 75 67 57 50 43 36 30 23 19 15 10 7 5 3 3 3 3 3 3 3 4 7 4 5 5 6 7 7 8 8 9 9 9 10 10 8 8 8 9 11 9 13 12 13 16 19 20 37 62 62 50 28 32
86 100 106 108 99 91 99 129 136 143 157 149 144 136 122 139 139 134 130 133 128 127 129 124 123 125 122 118 111 106 102 89 85 75 67 57 46 39 32 27 23 18 14 11 6 5 3 3 3 3 3 3 4 6 5 6 6 7 8 10 10 10 11 13 10 12 10 12 11 13 10 11 12 14 14 15 17 27 23 40 63 75 45 39 35
82 84 93 96 78 80 91 96 107 136 149 127 116 104 127 141 131 116 110 132 112 120 126 127 128 123 124 121 118 107 105 102 91 82 73 63 56 46 39 31 23 18 14 10 10 7 5 3 3 4 4 4 6 6 7 8 9 10 12 13 13 13 13 11 11 12 11 10 9 9 12 14 14 17 18 17 26 30 40 63 56 61 81 62 43
71 75 72 79 89 88 100 94 107 118 102 96 73 62 89 85 86 104 68 121 124 64 123 112 105 128 113 124 124 107 100 103 91 86 78 65 58 52 43 34 26 20 14 11 10 9 6 5 4 4 5 4 8 7 8 9 10 10 13 13 12 14 14 15 13 10 9 9 12 9 11 14 20 26 38 44 39 26 35 66 80 82 88 78 66
62 62 60 61 67 71 81 77 72 83 79 70 73 54 50 48 50 50 49 53 54 46 82 96 81 134 129 131 125 110 103 98 87 85 75 69 65 48 46 37 31 23 18 14 10 8 6 5 6 5 7 8 10 13 11 13 13 11 14 13 16 17 16 18 18 15 11 11 13 14 18 23 23 33 34 41 63 54 43 89 117 111 89 88 88
57 55 53 50 50 43 44 65 57 60 66 58 60 53 52 51 46 46 54 55 52 43 37 34 95 103 111 127 131 121 118 97 84 76 74 75 69 53 46 39 32 26 21 17 14 11 8 7 6 8 7 8 8 11 14 14 15 15 14 16 19 19 19 20 20 18 15 21 20 18 22 38 50 59 59 51 76 79 80 101 115 99 95 112 129
53 52 50 47 45 40 37 37 44 46 60 60 59 54 53 49 43 47 53 56 58 54 47 47 32 35 45 58 110 95 118 108 104 84 78 85 86 61 49 41 36 30 24 20 18 14 9 10 9 10 15 9 12 12 13 13 16 17 22 20 20 23 20 22 22 22 21 24 22 23 35 41 47 53 53 66 60 96 99 92 97 107 116 127 133
51 50 48 46 42 39 37 35 32 33 34 40 48 57 58 55 52 48 45 52 57 50 48 42 37 46 47 46 53 60 110 113 101 94 91 91 88 67 58 49 39 34 30 33 24 15 13 12 11 12 30 27 19 15 17 17 18 20 31 26 24 24 24 24 23 23 26 28 32 37 43 39 48 58 59 74 72 86 95 99 104 115 121 128 134
50 50 48 46 42 40 36 32 28 25 22 22 24 29 40 41 40 38 38 40 48 54 41 41 38 44 45 43 46 49 69 86 73 90 84 74 84 81 76 67 44 46 56 54 35 25 17 22 19 21 40 56 32 26 30 24 22 22 29 33 30 32 32 30 24 27 29 34 44 50 52 35 39 51 53 48 67 100 105 108 111 116 119 125 129
50 48 47 45 42 40 37 35 31 27 25 23 24 28 32 37 40 40 42 44 44 46 47 44 41 42 43 43 44 44 54 51 52 70 56 56 76 65 66 69 65 58 61 61 41 38 28 33 37 36 34 52 36 31 36 38 25 27 33 36 37 40 38 29 32 40 40 43 46 49 54 40 40 55 65 68 95 108 108 106 108 107 110 115 120
48 48 46 44 41 39 38 36 34 31 29 28 28 30 34 36 36 35 35 34 35 37 36 36 35 34 36 38 40 41 40 42 42 51 50 44 60 56 44 54 67 51 58 67 62 53 56 47 45 43 35 55 64 46 38 53 41 37 39 44 45 44 38 38 37 41 43 46 51 55 52 48 52 59 74 94 104 105 104 103 100 98 101 104 107
47 45 44 42 40 39 38 37 35 34 32 32 33 34 36 36 35 32 32 32 32 32 32 31 30 28 28 30 32 36 37 36 36 38 39 38 45 38 43 56 56 47 55 62 70 83 80 79 71 59 58 63 63 54 57 57 57 51 49 53 54 54 49 52 51 48 49 51 53 53 55 57 63 72 85 92 98 99 100 99 94 90 92 93 95
45 43 41 39 38 37 37 37 36 36 34 34 35 36 36 35 33 32 31 31 32 31 31 30 29 26 24 22 24 27 30 32 32 32 33 33 34 35 36 35 40 43 47 51 55 61 76 85 80 82 75 63 59 57 57 62 64 62 63 64 64 62 57 54 52 49 47 46 48 50 55 61 67 74 80 86 90 93 92 91 88 84 84 82 81
43 41 39 38 37 35 36 36 37 36 34 35 37 36 35 32 32 30 29 30 31 30 30 31 30 27 23 19 21 24 26 28 27 26 27 29 30 30 30 31 31 30 30 33 37 41 45 48 46 58 53 42 41 37 39 44 52 48 46 50 50 47 46 43 41 41 41 40 40 45 52 58 62 68 74 78 82 84 83 80 78 74 74 73 73
42 41 38 36 35 34 36 35 36 36 36 37 36 36 34 31 29 28 29 30 30 30 31 31 30 28 23 21 21 24 25 25 24 23 23 25 26 27 25 26 25 25 26 28 31 32 33 33 33 32 30 28 29 31 33 37 38 38 40 41 42 41 38 36 35 35 35 34 35 39 47 52 55 60 65 71 74 75 72 69 66 66 66 66 68
41 40 38 35 34 35 34 35 36 36 36 35 36 33 32 30 28 28 30 31 30 30 30 30 29 27 25 22 22 23 25 25 22 21 20 21 22 24 23 24 24 23 23 26 26 28 28 26 26 25 24 24 26 28 31 33 34 35 36 38 38 36 34 32 30 29 29 29 31 36 42 48 52 56 61 65 67 66 62 61 60 60 60 62 63
41 40 37 36 34 34 34 35 36 36 35 36 34 32 31 28 28 29 31 31 30 30 29 29 28 27 24 23 23 24 24 23 21 18 18 19 21 22 22 22 23 23 23 25 26 26 25 24 24 23 21 22 24 25 28 30 31 32 34 35 36 35 33 31 28 26 24 26 29 34 41 47 51 55 59 60 62 58 56 56 56 56 56 59 59
