02 cropping and modelling/wc2.1_10m_bio_19.asc
NCOLS 368 
NROWS 210 
XLLCORNER 67.1666666666667 
YLLCORNER 3.5 
CELLSIZE 0.166666666666667 
NODATA_value -9999 
[rows 74 to 110 of 210, columns 170 to 254 of 368]
49 47 55 67 70 65 68 80 80 83 85 82 89 97 102 105 104 95 95 89 89 85 79 80 74 77 67 62 61 55 50 45 42 40 37 32 27 22 22 19 24 29 31 28 32 28 29 32 34 33 34 37 40 44 46 52 57 61 60 62 63 61 62 62 62 63 63 66 69 71 76 78 83 86 88 96 98 101 107 116 121 133 141 151 159
44 43 46 60 58 66 63 66 71 86 72 75 85 87 97 95 96 93 88 89 88 85 79 78 74 74 69 60 56 55 50 45 42 38 36 32 25 18 20 22 28 31 32 33 34 31 32 34 34 37 39 40 40 45 52 55 57 62 61 61 63 62 62 62 63 64 63 67 70 72 76 78 84 86 91 95 99 101 107 116 123 133 144 154 162
41 41 44 56 56 52 57 60 67 83 67 70 70 79 79 87 87 84 88 85 85 79 79 76 71 71 69 62 55 50 46 46 42 38 35 33 28 19 22 27 30 34 35 36 34 33 35 36 37 39 39 41 44 47 52 55 58 62 63 62 64 62 63 63 64 65 65 67 70 73 75 80 84 88 92 96 101 107 111 117 125 137 148 158 166
41 41 44 46 49 50 55 58 61 68 56 63 61 66 73 84 78 82 83 80 80 74 74 73 72 69 66 63 56 53 47 45 43 40 35 35 29 24 24 33 33 36 34 36 38 36 38 39 39 39 41 41 45 49 54 57 63 63 64 64 65 63 61 61 63 63 65 69 71 73 76 81 85 90 93 98 107 115 118 125 134 142 153 163 172
41 44 48 48 50 50 53 51 50 49 50 53 56 62 73 78 78 77 76 76 74 71 70 66 66 64 64 60 58 53 46 46 43 39 38 37 34 31 33 37 36 34 36 38 38 39 39 42 41 41 44 46 47 51 58 63 64 65 67 66 64 62 60 60 62 64 65 68 71 73 78 82 87 91 95 101 105 114 124 134 140 150 159 169 178
43 50 54 52 49 53 51 46 46 45 46 49 52 66 74 75 73 73 71 72 67 66 65 63 64 62 60 58 54 52 49 45 43 41 39 38 35 35 38 37 36 39 39 41 42 42 44 45 45 46 45 48 52 53 58 64 66 67 68 65 63 59 59 61 63 63 64 67 69 74 79 84 90 93 99 103 108 116 127 135 143 153 164 174 186
43 44 45 50 58 53 45 46 43 42 44 46 50 61 70 68 67 68 67 68 62 61 60 64 61 60 58 55 56 52 46 44 47 42 38 39 38 38 35 35 40 41 42 43 43 44 43 44 45 45 47 48 56 59 60 61 66 67 68 64 61 59 57 57 56 58 60 65 71 76 81 86 92 96 100 105 112 121 133 142 149 159 169 182 191
42 44 43 48 51 44 45 40 40 41 41 45 47 62 66 64 63 59 63 62 59 59 59 59 61 61 59 55 51 50 50 47 46 43 41 41 39 38 36 37 40 41 44 43 43 44 44 45 44 46 50 51 57 61 59 59 65 66 67 63 62 58 54 53 52 54 60 65 71 76 82 88 94 100 103 108 114 127 139 148 156 165 174 186 196
41 38 40 44 43 42 38 38 41 39 40 42 47 61 54 54 54 58 57 59 57 56 59 56 54 58 58 52 50 52 53 51 49 45 46 42 42 38 39 40 41 42 41 40 45 44 44 45 48 50 51 51 58 63 64 64 63 63 63 62 56 52 51 49 48 55 61 66 72 78 83 90 96 101 105 112 122 134 145 154 164 172 180 188 198
40 40 39 36 38 40 36 39 39 38 37 38 48 49 50 55 52 53 56 56 60 54 57 53 54 53 56 53 51 50 51 48 48 51 51 49 47 45 40 40 40 43 43 45 42 45 45 50 51 50 51 55 61 62 63 62 61 60 55 56 53 47 45 44 49 54 60 66 74 81 87 93 100 105 112 121 130 143 154 162 170 176 184 191 194
38 38 35 34 36 34 34 35 35 35 35 35 42 47 46 48 48 47 49 54 54 52 52 49 50 48 50 50 48 50 48 52 47 51 54 56 51 47 44 41 43 46 44 44 44 43 46 48 49 51 53 55 56 58 59 61 60 59 56 52 48 45 42 47 52 58 61 68 76 85 91 99 105 114 121 131 142 153 164 171 176 182 187 191 192
36 40 33 32 33 31 33 34 35 35 34 35 49 40 40 42 42 48 53 56 52 50 51 49 48 50 53 49 49 51 46 50 49 46 53 64 61 51 45 46 45 44 44 43 46 43 46 44 49 49 50 52 51 52 50 54 56 53 52 49 44 44 46 47 52 57 63 70 79 89 97 105 113 120 131 145 156 165 173 179 185 188 191 193 190
34 36 30 29 29 28 32 34 32 33 32 36 39 38 38 38 44 43 44 49 51 50 50 47 52 50 42 42 48 47 45 50 48 50 48 57 65 51 46 43 43 44 43 44 44 41 45 42 42 48 49 50 50 50 48 49 48 47 48 45 43 42 45 51 54 59 65 72 81 90 100 111 120 128 143 158 165 175 184 188 192 192 193 191 187
31 28 27 29 27 29 32 32 33 33 33 39 39 42 36 37 41 40 44 47 45 48 50 51 48 44 48 47 52 50 48 49 46 49 50 52 62 63 51 47 44 46 45 41 43 41 40 38 40 44 47 48 48 48 47 48 45 45 44 44 41 43 46 52 55 61 67 74 83 93 104 115 126 140 156 171 178 187 195 197 197 195 193 188 184
25 25 26 28 27 29 32 31 31 33 34 37 40 42 37 39 39 40 44 45 42 48 52 45 45 49 50 49 52 49 48 51 48 50 50 50 52 61 55 47 44 44 44 43 39 40 38 44 45 45 46 45 48 49 48 52 51 50 45 43 44 45 47 51 54 60 68 76 85 95 106 119 134 149 166 182 190 196 206 206 202 197 191 185 181
21 22 24 25 26 28 28 30 30 33 34 36 39 35 35 39 36 37 39 40 42 43 44 45 45 51 43 49 49 49 51 51 53 53 48 52 51 58 58 52 45 41 39 39 39 39 38 44 51 50 47 45 48 48 52 52 53 52 49 47 45 47 48 52 58 63 70 78 87 98 109 122 137 154 171 189 201 196 218 212 203 196 188 182 176
19 20 22 23 25 25 28 29 31 35 39 39 36 33 36 37 32 37 39 42 43 38 48 42 44 44 48 52 52 53 54 54 54 57 54 55 52 54 55 53 51 47 47 46 52 51 42 43 56 57 52 48 47 50 53 55 59 52 49 51 54 55 54 57 62 70 76 85 91 101 111 123 139 156 173 188 201 195 209 210 199 190 183 177 171
18 19 19 20 22 25 26 30 35 37 40 38 37 33 30 31 35 40 36 36 37 36 47 45 46 47 50 51 52 54 57 57 54 56 58 55 57 52 53 54 51 53 52 53 50 52 55 53 62 66 65 55 49 53 54 56 62 59 54 55 55 57 59 63 68 76 83 89 95 104 113 125 137 150 165 179 185 192 191 194 187 180 174 168 167
15 16 17 18 23 24 26 27 31 37 38 37 36 31 29 30 34 36 35 34 28 33 40 45 50 51 49 55 57 56 65 65 58 58 60 59 58 57 53 52 53 52 50 53 56 61 66 69 70 75 71 61 55 56 52 54 64 62 62 61 58 58 61 68 75 82 89 94 102 108 116 124 133 142 151 156 159 164 171 174 173 170 167 162 160
13 13 14 18 25 29 31 31 33 35 35 33 31 29 28 29 29 35 42 32 29 29 36 46 51 51 52 55 62 63 66 68 59 60 60 63 60 60 61 58 59 54 56 48 53 64 68 73 76 80 76 66 59 53 55 59 78 72 63 61 57 60 66 69 82 88 93 95 103 107 114 122 126 134 137 137 136 139 147 154 157 158 156 154 153
10 11 12 15 20 24 28 30 31 31 31 31 31 26 25 26 25 31 37 29 29 28 34 42 44 54 55 55 62 63 65 66 62 65 63 64 61 62 62 61 56 54 58 54 50 57 61 76 80 84 81 77 63 56 57 57 77 81 69 64 64 66 69 65 78 92 96 97 97 103 109 117 120 125 125 124 121 122 132 140 144 146 146 147 146
7 7 10 12 16 23 28 28 29 28 28 29 28 25 24 30 22 23 35 25 27 31 33 38 45 53 55 56 57 62 66 65 67 64 66 65 66 61 61 66 64 58 54 57 59 54 57 66 82 86 86 80 65 59 60 63 82 76 70 64 65 66 78 77 77 86 87 95 94 98 105 111 114 117 118 121 118 119 124 130 134 138 139 139 142
7 6 7 11 15 23 26 26 27 28 29 26 24 24 23 24 26 23 39 35 29 32 36 40 47 49 55 59 62 68 70 71 68 70 66 68 66 64 60 60 60 57 56 56 57 61 63 66 80 90 89 87 80 73 76 77 84 76 70 67 62 67 80 91 92 95 87 83 87 93 100 106 112 116 118 117 118 119 121 124 129 131 133 134 137
6 6 6 9 12 23 25 26 27 26 26 25 24 26 23 23 24 26 42 32 30 39 41 39 46 50 56 61 60 61 67 74 73 72 73 71 70 69 66 63 63 59 54 56 59 61 69 74 78 81 86 81 86 80 77 83 81 72 74 70 69 77 82 96 98 94 81 83 87 93 99 106 111 115 116 116 117 119 119 121 122 125 126 128 129
5 6 8 10 15 26 28 23 28 26 26 24 25 25 23 23 23 25 32 28 30 42 37 45 44 50 57 57 62 62 67 73 80 80 74 70 78 82 76 72 68 60 60 60 63 65 67 72 76 72 77 76 76 76 75 80 79 79 74 70 70 75 84 95 96 90 69 83 86 90 98 104 109 113 114 115 118 117 116 117 118 119 120 122 123
7 7 8 11 15 24 24 22 25 26 25 24 25 25 24 24 23 24 29 29 32 35 38 43 44 48 52 55 62 63 66 72 79 76 81 77 78 81 77 72 74 64 61 60 59 61 67 73 74 71 68 69 65 68 74 79 82 76 71 69 73 75 81 86 94 98 79 88 91 93 102 107 111 115 115 119 120 117 115 112 112 113 114 115 116
8 9 10 12 14 19 20 25 25 25 24 26 23 24 26 25 25 26 34 31 33 33 40 42 44 51 54 65 65 63 69 73 77 76 76 76 82 78 78 78 76 62 59 59 60 60 68 69 73 71 69 66 61 60 63 76 87 76 72 70 74 78 77 78 82 91 88 92 96 96 102 107 109 122 124 124 121 115 110 109 108 109 109 109 111
8 10 11 13 15 18 21 22 23 25 24 26 23 23 26 27 27 29 35 32 36 37 40 45 48 52 57 58 59 63 68 70 74 76 77 75 79 74 71 70 72 65 59 58 57 62 67 69 75 64 60 61 58 56 52 62 80 80 78 71 72 79 78 73 73 74 75 86 89 88 100 106 111 133 135 126 116 109 108 104 104 104 103 103 105
10 10 11 14 16 18 21 23 24 23 24 25 25 24 25 27 28 29 41 33 40 41 38 42 49 49 52 58 62 65 68 71 74 76 85 76 77 70 72 70 66 62 59 56 58 58 69 68 74 66 59 51 55 54 53 56 65 88 91 80 72 73 75 72 68 67 68 69 76 81 97 109 125 142 130 125 -9999 -9999 -9999 -9999 -9999 97 98 99 101
10 12 14 15 18 22 22 23 22 22 22 23 24 24 25 26 28 33 35 41 35 39 40 42 47 47 56 58 61 72 67 68 71 81 82 73 70 66 67 64 63 62 59 54 53 55 62 65 65 64 59 50 46 48 49 48 56 68 75 73 69 68 70 69 66 67 70 71 76 84 98 108 116 125 105 -9999 -9999 -9999 -9999 -9999 -9999 -9999 -9999 -9999 -9999
12 14 16 17 19 21 24 22 22 23 24 24 24 24 26 26 28 46 40 43 31 35 39 41 47 47 55 56 63 76 67 65 71 75 75 77 67 63 60 65 66 60 57 53 52 56 56 61 62 58 57 50 45 44 45 44 47 54 53 56 60 63 67 70 68 71 76 78 77 81 87 93 93 82 85 -9999 -9999 -9999 -9999 -9999 -9999 79 -9999 -9999 -9999
13 15 17 19 21 22 24 24 23 23 23 23 25 24 25 26 30 42 45 36 33 37 37 42 45 51 51 54 59 63 61 62 67 69 76 82 66 63 59 61 58 55 54 52 49 52 52 56 56 56 51 49 47 43 42 42 44 45 47 50 55 61 67 73 77 78 82 77 67 75 74 74 78 75 -9999 -9999 -9999 -9999 -9999 -9999 -9999 -9999 82 -9999 -9999
13 14 16 19 20 22 23 25 23 24 23 24 24 25 26 28 29 36 38 34 33 35 38 40 43 46 47 58 61 58 60 62 62 64 66 72 67 60 59 56 55 54 54 49 48 45 49 54 51 49 47 46 45 43 43 43 44 44 47 48 51 59 68 81 86 88 88 78 57 62 69 67 -9999 -9999 -9999 -9999 -9999 -9999 -9999 -9999 -9999 -9999 -9999 -9999 -9999
13 14 15 18 20 22 23 24 24 24 24 24 25 27 25 28 29 32 39 31 33 33 37 39 43 47 43 49 51 53 56 55 58 59 61 73 61 55 54 55 55 58 60 49 47 43 49 49 46 43 40 42 43 42 41 42 43 44 48 50 51 54 60 83 92 92 87 80 -9999 78 -9999 -9999 -9999 -9999 -9999 -9999 -9999 -9999 -9999 -9999 -9999 -9999 -9999 -9999 -9999
14 14 16 18 21 22 23 23 24 25 25 26 26 27 27 28 29 29 32 31 31 34 37 37 40 41 40 44 45 48 47 49 51 57 58 59 53 51 53 53 57 58 51 47 46 40 49 46 44 37 37 38 39 40 39 41 44 45 47 54 56 59 62 84 93 92 88 -9999 -9999 -9999 -9999 -9999 -9999 -9999 -9999 -9999 -9999 -9999 -9999 -9999 -9999 -9999 -9999 -9999 -9999
13 14 16 19 22 22 22 22 24 25 25 25 27 27 29 28 26 27 29 29 29 31 36 35 39 39 39 39 76 78 72 48 48 53 52 50 49 51 54 53 55 52 47 45 41 40 43 44 46 38 35 36 35 38 38 39 42 44 51 56 61 71 80 91 92 91 87 -9999 -9999 -9999 -9999 -9999 -9999 -9999 -9999 -9999 -9999 -9999 -9999 -9999 -9999 -9999 -9999 -9999 -9999
12 13 17 19 22 21 23 23 24 26 25 25 26 27 27 26 27 26 27 29 29 32 36 34 37 75 73 73 72 71 66 45 41 47 45 46 45 49 51 53 54 46 45 42 41 38 39 35 45 41 34 30 32 36 37 37 38 44 53 59 69 77 88 97 92 87 -9999 -9999 -9999 -9999 -9999 -9999 -9999 69 -9999 -9999 -9999 -9999 -9999 -9999 -9999 -9999 -9999 -9999 -9999
