02 cropping and modelling/wc2.1_10m_bio_17.asc
NCOLS 368 
NROWS 210 
XLLCORNER 67.1666666666667 
YLLCORNER 3.5 
CELLSIZE 0.166666666666667 
NODATA_value -9999 
[rows 37 to 73 of 210, columns 85 to 169 of 368]
5 5 5 6 6 7 7 5 7 7 7 7 7 7 7 8 8 9 9 10 9 9 9 9 9 9 9 10 9 9 9 9 9 9 9 9 9 9 9 8 8 8 7 7 7 7 7 7 7 -9999 -9999 -9999 -9999 -9999 -9999 -9999 -9999 -9999 -9999 -9999 -9999 -9999 -9999 -9999 -9999 -9999 -9999 -9999 -9999 -9999 -9999 -9999 -9999 -9999 -9999 -9999 -9999 -9999 -9999 -9999 -9999 -9999 -9999 -9999 -9999
6 6 7 8 8 6 6 7 6 8 8 8 9 10 10 10 10 10 10 10 10 10 10 10 10 10 11 11 11 11 11 12 10 10 10 10 10 10 10 10 8 8 8 8 7 7 7 7 7 7 7 -9999 -9999 -9999 -9999 -9999 -9999 -9999 -9999 -9999 -9999 -9999 -9999 -9999 -9999 -9999 -9999 -9999 -9999 -9999 -9999 -9999 -9999 -9999 -9999 -9999 -9999 -9999 -9999 -9999 -9999 -9999 -9999 -9999 -9999
8 7 9 9 9 9 8 7 8 8 11 10 9 11 12 12 12 12 12 12 12 12 12 13 13 13 13 12 12 11 12 12 12 12 11 11 11 11 11 11 11 9 8 8 8 7 7 7 7 7 7 6 6 6 -9999 -9999 -9999 -9999 -9999 -9999 -9999 -9999 -9999 -9999 -9999 -9999 -9999 -9999 -9999 -9999 -9999 -9999 -9999 -9999 -9999 -9999 -9999 -9999 -9999 -9999 -9999 -9999 -9999 -9999 -9999
8 9 9 9 9 9 9 9 9 10 10 10 9 11 11 12 13 14 14 14 14 14 14 15 14 14 14 13 13 14 14 13 13 12 13 13 12 11 11 11 11 11 9 8 8 7 7 7 7 7 6 6 6 6 6 7 -9999 -9999 -9999 -9999 -9999 -9999 -9999 -9999 -9999 -9999 -9999 -9999 -9999 -9999 -9999 -9999 -9999 -9999 -9999 -9999 -9999 -9999 -9999 -9999 -9999 -9999 -9999 -9999 -9999
8 8 9 9 9 9 10 9 10 11 10 10 8 11 10 13 13 14 14 15 15 14 14 15 16 15 15 15 16 16 15 14 14 14 14 13 13 13 12 11 11 10 10 9 8 7 7 7 7 7 6 6 6 6 6 7 7 7 7 -9999 -9999 -9999 -9999 -9999 -9999 -9999 -9999 -9999 -9999 -9999 -9999 -9999 -9999 -9999 -9999 -9999 -9999 -9999 -9999 -9999 -9999 -9999 -9999 -9999 -9999
8 9 8 8 9 10 10 10 10 10 11 11 11 11 13 14 16 15 15 15 15 15 16 15 17 19 18 18 18 17 16 16 15 14 15 14 12 13 13 12 11 10 10 9 8 7 7 7 7 7 6 6 6 6 6 6 6 6 7 8 8 -9999 -9999 -9999 -9999 -9999 -9999 -9999 -9999 -9999 -9999 -9999 -9999 -9999 -9999 -9999 -9999 -9999 -9999 -9999 -9999 -9999 -9999 -9999 -9999
8 8 7 9 9 9 8 9 10 10 10 11 12 10 11 14 15 15 15 16 16 18 17 16 20 21 21 20 19 19 18 17 18 16 16 15 15 13 13 12 11 11 10 10 8 7 7 7 7 6 6 6 6 6 6 6 6 7 7 8 8 -9999 -9999 -9999 -9999 -9999 -9999 -9999 -9999 -9999 -9999 -9999 -9999 -9999 -9999 -9999 -9999 -9999 -9999 -9999 -9999 -9999 -9999 -9999 -9999
9 9 7 8 8 9 7 8 9 9 9 10 9 9 11 13 16 16 13 16 14 18 18 20 20 20 20 21 22 21 20 20 19 18 16 17 15 14 13 13 13 11 11 10 7 7 7 7 6 6 6 6 6 6 6 6 6 6 7 7 9 9 -9999 -9999 -9999 -9999 -9999 -9999 -9999 -9999 -9999 -9999 -9999 -9999 -9999 -9999 -9999 -9999 -9999 -9999 -9999 -9999 -9999 -9999 -9999
20 12 12 8 8 9 8 8 8 8 8 10 9 11 10 10 15 14 14 17 15 14 18 19 21 23 23 22 24 24 22 22 20 19 19 16 16 15 14 13 12 11 10 9 7 7 7 6 6 6 5 5 6 6 6 6 6 6 7 9 12 11 12 -9999 -9999 -9999 -9999 -9999 -9999 -9999 -9999 -9999 -9999 -9999 -9999 -9999 -9999 -9999 -9999 -9999 -9999 -9999 -9999 -9999 -9999
28 24 15 14 11 7 7 7 7 8 9 8 7 10 9 9 10 14 16 14 16 19 18 18 17 19 23 21 24 24 24 24 22 20 19 18 16 16 14 13 12 11 10 10 7 7 6 6 6 6 5 5 5 5 6 6 6 6 6 9 11 9 12 -9999 -9999 -9999 -9999 -9999 -9999 -9999 -9999 -9999 -9999 -9999 -9999 -9999 -9999 -9999 -9999 -9999 -9999 -9999 -9999 19 16
27 25 19 11 10 12 9 10 9 7 7 9 7 7 9 8 8 10 14 10 13 15 16 16 18 19 20 20 21 24 18 26 24 22 21 18 18 16 15 14 12 11 10 8 7 6 6 6 6 5 5 4 3 5 6 6 6 9 7 6 7 9 10 12 -9999 -9999 -9999 -9999 -9999 -9999 -9999 -9999 -9999 -9999 -9999 -9999 -9999 -9999 -9999 -9999 -9999 -9999 28 27 25
10 20 13 10 11 12 15 14 15 14 11 14 15 11 8 7 8 8 13 8 8 12 14 15 16 17 19 21 19 19 22 26 26 24 22 20 18 17 16 13 12 11 10 7 7 6 6 6 5 4 3 3 3 3 6 9 6 5 6 7 9 9 9 10 12 13 14 -9999 -9999 -9999 -9999 -9999 -9999 -9999 -9999 -9999 -9999 -9999 -9999 -9999 24 24 27 26 23
25 27 21 14 13 9 14 15 16 18 16 16 16 16 13 10 7 9 11 12 10 8 11 12 13 14 14 18 16 13 28 21 24 26 23 21 19 18 16 14 12 11 10 7 6 6 6 4 5 4 4 4 4 6 7 6 5 6 6 6 7 9 10 12 12 13 15 15 17 17 16 19 21 21 22 21 24 22 22 21 19 21 24 24 22
47 56 48 28 25 12 12 12 15 18 20 21 20 16 19 20 14 10 9 13 9 8 9 9 9 13 12 14 15 13 25 20 20 22 25 23 21 18 16 14 12 11 9 8 6 6 3 3 4 4 4 3 5 6 3 3 6 6 6 6 6 7 7 10 10 12 13 14 16 13 14 18 17 17 19 18 18 22 21 20 21 21 20 23 22
38 48 64 67 39 31 19 15 11 15 21 22 24 24 19 18 20 16 11 8 12 8 8 11 8 11 12 12 14 14 16 20 18 23 21 23 21 19 17 14 12 11 9 8 6 4 3 3 3 3 3 3 4 3 3 6 3 5 3 3 5 6 6 7 10 12 11 13 13 14 14 14 14 14 15 18 18 20 20 19 16 20 20 23 24
87 64 73 69 66 40 27 28 12 11 17 23 25 26 25 21 24 20 20 10 13 16 13 12 11 11 14 10 13 21 14 12 18 23 24 25 23 19 17 14 13 11 8 6 6 5 3 3 3 3 3 3 4 4 3 6 3 5 5 5 3 5 6 7 10 10 11 13 15 16 16 14 15 14 14 12 12 13 18 19 16 22 22 23 24
88 84 75 71 68 68 61 47 39 32 22 16 22 24 23 23 31 29 27 24 22 19 17 15 14 14 15 15 17 24 20 23 21 21 25 21 23 20 19 16 13 10 8 6 6 5 3 3 3 1 3 3 3 3 4 6 6 3 3 5 6 9 9 10 11 10 10 13 14 14 15 16 15 15 15 18 18 16 12 16 18 16 25 25 28
90 85 78 74 74 76 47 28 32 38 40 30 16 20 15 24 31 24 29 30 24 25 23 20 17 18 18 20 22 26 25 35 39 39 34 30 26 22 19 16 13 11 8 5 4 3 2 1 0 1 3 3 3 3 4 4 3 3 5 6 6 7 8 8 10 8 10 13 13 12 14 14 14 15 15 15 16 16 13 13 16 20 23 25 30
92 87 84 76 75 75 80 43 35 43 35 32 21 15 13 39 38 22 35 37 35 31 27 25 27 23 27 28 26 30 27 44 45 41 37 33 28 24 20 16 13 10 8 5 3 2 2 1 2 2 1 2 3 3 3 3 3 3 3 5 4 5 5 5 5 8 9 10 11 10 12 13 11 10 14 12 12 13 15 19 19 24 32 33 25
81 82 85 87 87 87 85 82 85 79 41 36 36 19 16 79 43 24 30 27 28 25 32 29 28 26 27 29 27 27 28 31 35 41 39 34 30 26 22 18 14 12 8 5 5 3 3 2 1 1 2 3 4 4 3 5 5 6 6 6 7 7 5 7 6 7 7 3 5 6 6 9 8 11 10 12 15 15 18 20 23 35 31 25 26
71 71 73 86 87 71 84 87 91 91 82 58 45 29 85 81 27 19 16 25 27 23 26 40 31 36 27 27 27 42 53 28 33 35 30 31 31 26 22 18 16 13 10 7 5 3 3 3 3 3 3 3 4 7 4 5 5 6 7 7 8 8 8 9 9 10 10 8 8 8 9 11 9 13 12 13 16 19 20 28 43 41 35 26 28
57 67 69 70 65 61 67 91 94 95 52 30 38 81 87 54 38 49 23 35 53 49 32 55 35 45 43 43 41 49 65 47 56 50 45 39 27 27 24 20 18 14 12 10 6 5 3 3 3 3 3 3 4 6 5 6 6 7 8 9 9 10 10 12 10 12 10 12 11 13 10 11 12 14 14 15 17 23 22 32 42 49 35 32 31
55 57 62 64 54 55 62 66 75 97 100 91 82 74 91 46 72 81 76 50 77 70 62 60 38 31 39 43 48 38 57 67 60 55 48 42 38 32 27 22 18 14 12 9 9 7 5 3 3 4 4 4 6 6 7 8 9 9 11 12 12 12 12 10 10 12 11 10 9 9 12 14 14 17 18 17 23 25 31 44 39 42 52 43 35
48 52 50 54 60 59 68 65 75 84 73 68 52 45 63 60 61 73 47 84 85 43 71 75 70 41 19 45 61 37 34 68 56 57 52 44 40 35 29 24 20 16 12 10 9 9 6 5 4 4 5 4 8 7 8 9 9 9 12 12 11 12 13 13 12 10 9 9 12 9 11 14 20 24 31 35 31 25 29 46 53 54 57 51 46
42 42 42 44 48 50 56 53 50 58 56 50 52 40 38 37 38 37 36 37 38 32 56 65 54 67 41 63 62 40 39 42 39 57 51 47 44 34 31 26 22 17 14 12 9 8 6 5 6 5 7 8 9 12 10 12 12 10 12 11 14 15 14 16 16 14 11 11 13 14 18 23 23 29 30 33 45 40 35 60 81 75 58 58 58
40 38 37 36 38 30 35 46 41 42 46 42 43 39 39 39 37 37 42 42 39 31 27 24 64 69 74 85 87 80 78 39 27 24 44 50 46 37 32 28 24 19 17 14 12 10 8 7 6 8 7 8 8 10 12 13 14 14 12 14 16 17 17 17 17 16 14 19 20 18 22 31 40 45 45 40 54 57 57 71 80 68 63 71 81
38 37 35 34 33 29 28 30 33 34 43 42 42 40 40 38 35 39 42 44 44 40 35 34 24 26 33 42 73 65 79 72 69 47 53 56 57 41 34 30 25 23 18 16 15 12 8 9 8 10 13 9 11 11 12 12 15 15 19 17 17 20 17 19 19 19 19 22 22 23 30 34 38 42 42 50 45 70 71 65 67 70 75 81 85
37 35 35 34 32 30 29 27 25 25 26 30 36 42 43 41 41 38 37 41 44 39 36 32 28 34 36 36 41 46 74 75 68 64 61 62 66 45 39 34 29 25 21 22 17 13 11 11 10 10 24 22 17 14 16 16 16 18 25 21 20 20 20 21 20 21 24 26 29 32 36 33 39 46 46 56 54 62 67 69 71 76 80 86 91
32 33 33 32 32 30 27 24 21 19 18 19 22 25 33 34 33 32 32 33 38 43 32 32 30 34 36 35 38 40 52 61 57 63 65 65 63 55 53 45 32 31 38 35 23 18 14 16 14 16 29 41 26 22 26 21 20 19 23 26 24 24 24 24 21 24 27 30 36 41 43 32 35 43 43 41 53 74 76 77 78 80 82 88 92
29 29 31 30 30 29 29 27 24 21 20 20 21 25 28 31 33 33 34 36 36 38 38 36 33 34 35 35 37 38 44 44 48 56 53 54 62 57 55 53 43 41 42 41 26 24 19 21 25 25 26 38 29 26 29 31 22 24 26 28 28 28 28 25 28 32 33 35 39 41 46 37 37 46 53 56 75 83 82 79 79 77 79 85 91
26 26 26 27 27 27 28 28 27 24 23 23 25 27 29 31 31 30 30 30 30 31 31 31 30 30 31 33 35 37 37 40 40 47 49 42 55 52 43 47 49 42 43 45 39 33 34 29 28 29 26 39 46 36 31 40 32 29 31 32 31 32 31 32 32 34 36 38 44 48 45 43 45 51 61 76 84 83 82 80 77 76 79 82 85
24 24 23 24 24 24 27 29 28 27 26 26 27 29 31 31 30 28 28 28 28 28 28 28 27 26 27 28 29 33 35 35 35 38 39 38 45 38 41 47 45 38 41 43 45 51 47 47 43 37 40 44 46 40 43 42 41 37 36 36 37 40 39 40 40 40 42 46 50 49 50 52 57 63 72 77 82 81 81 80 76 74 76 78 79
23 22 21 22 22 23 25 29 28 28 27 27 29 30 31 30 29 28 27 27 28 27 27 27 26 26 24 22 23 26 28 32 32 32 32 33 34 35 35 33 36 35 36 38 41 46 51 53 52 51 49 44 43 42 42 44 45 42 42 42 44 44 42 43 43 44 45 46 48 50 55 61 64 67 71 74 77 79 78 77 75 73 74 72 71
22 21 20 21 21 22 25 29 29 28 27 28 30 30 30 28 28 27 26 27 27 26 26 28 28 27 23 19 21 24 26 27 27 26 26 28 29 29 28 27 26 25 25 28 32 35 37 38 36 41 38 32 32 31 33 37 41 39 38 40 40 40 42 42 41 41 41 40 40 45 52 58 62 65 67 70 72 73 73 71 71 68 69 68 67
22 21 19 20 20 21 25 28 29 29 29 30 30 30 29 27 26 25 26 27 27 26 27 29 29 28 23 21 21 24 25 25 24 23 23 24 24 25 23 23 21 21 22 24 28 29 31 30 29 27 26 25 26 29 31 35 37 37 38 37 38 39 38 36 35 35 35 34 35 39 47 52 55 60 62 64 66 68 67 66 64 66 65 65 66
23 21 21 19 19 22 24 26 29 30 30 30 30 29 27 27 25 24 27 28 27 28 28 28 28 27 25 22 22 23 25 25 22 21 20 21 22 23 21 21 21 19 20 22 24 26 27 26 24 23 22 23 25 28 31 33 34 35 36 37 37 36 34 32 30 29 29 29 31 36 42 48 52 56 59 60 62 62 61 61 60 60 60 62 63
21 22 21 20 20 21 23 25 27 28 29 29 28 27 27 25 24 25 27 28 28 28 27 27 27 27 24 23 23 24 24 23 21 18 18 19 21 22 21 20 19 19 19 22 23 25 25 24 23 22 21 22 24 25 28 30 31 32 34 35 36 35 33 31 28 26 24 26 29 34 41 47 51 55 58 59 60 58 56 56 56 56 56 59 59
