02 cropping and modelling/wc2.1_10m_bio_12.asc
NCOLS 368 
NROWS 210 
XLLCORNER 67.1666666666667 
YLLCORNER 3.5 
CELLSIZE 0.166666666666667 
NODATA_value -9999 
[rows 70 to 104 of 210, columns 79 to 157 of 368]
949 966 980 986 969 972 1008 1042 1062 1074 1075 1082 1115 1141 1144 1131 1131 1165 1194 1207 1232 1258 1253 1222 1210 1214 1223 1273 1339 1372 1391 1408 1391 1352 1334 1321 1293 1263 1267 1344 1496 1711 1881 2160 2488 2619 2763 3044 3417 3670 3762 3733 3704 3678 3537 3456 3205 3037 3159 3387 3630 3787 3727 3329 3076 3020 3043 2832 2537 2263 2136 2089 2055 2017 2036 2133 2273 2373 2349
914 937 947 958 964 976 994 1007 1013 1030 1040 1056 1075 1085 1088 1090 1097 1125 1155 1173 1181 1173 1145 1119 1115 1133 1147 1173 1200 1208 1219 1232 1211 1179 1176 1210 1277 1323 1352 1432 1595 1858 2166 2421 2519 2501 2495 2623 2971 3261 3371 3349 3255 3246 3314 3290 3185 3103 3137 3274 3394 3394 3215 2921 2706 2589 2501 2326 2092 1862 1756 1741 1768 1783 1814 1911 2070 2120 2132
906 927 934 940 953 968 975 977 979 994 1015 1028 1036 1045 1056 1070 1085 1111 1147 1160 1149 1111 1067 1058 1071 1087 1093 1089 1082 1076 1086 1099 1086 1073 1078 1133 1250 1336 1373 1444 1595 1825 2070 2255 2332 2320 2308 2398 2632 2874 3005 3034 3015 3078 3235 3291 3240 3165 3121 3150 3199 3171 2891 2562 2311 2193 2103 1960 1808 1664 1570 1557 1611 1653 1678 1786 1964 2019 1985
938 953 948 937 938 948 953 956 967 984 1000 1005 1006 1016 1036 1064 1081 1112 1156 1161 1118 1068 1045 1060 1082 1085 1076 1054 1016 992 1012 1030 1030 1030 1049 1102 1196 1287 1332 1393 1515 1696 1885 2033 2112 2131 2151 2235 2393 2567 2694 2779 2858 2988 3158 3231 3184 3112 3022 2956 2933 2885 2648 2270 1990 1896 1843 1771 1713 1675 1517 1500 1558 1597 1610 1743 1673 1804 1893
971 990 957 930 928 934 935 943 963 982 991 992 987 990 1013 1052 1076 1115 1177 1154 1075 1030 1031 1062 1087 1093 1087 1057 1016 989 1008 1018 1023 1032 1055 1094 1157 1221 1261 1309 1402 1542 1686 1805 1888 1939 1986 2066 2187 2313 2429 2535 2658 2802 2950 3033 3018 2934 2830 2744 2763 2836 2601 2132 1839 1780 1773 1900 2120 1854 1827 1671 1807 1595 1532 1512 1497 1569 1699
929 960 939 919 923 926 927 940 960 985 990 985 975 976 994 1028 1058 1108 1150 1107 1021 985 1005 1046 1073 1088 1087 1069 1040 1015 1007 1009 1023 1046 1073 1100 1136 1171 1199 1231 1301 1410 1513 1607 1685 1753 1817 1892 1988 2087 2195 2308 2428 2562 2699 2789 2802 2761 2717 2741 2994 2915 2777 2678 2065 2170 2152 2870 2924 3037 2877 2539 2191 1840 1564 1466 1428 1436 1467
846 891 901 896 907 914 919 934 954 977 986 978 969 972 991 1012 1038 1080 1095 1056 993 957 971 1011 1043 1063 1072 1071 1057 1024 997 987 1005 1045 1079 1098 1119 1146 1169 1197 1249 1323 1390 1455 1522 1592 1662 1732 1806 1887 1992 2105 2221 2340 2468 2567 2606 2630 2892 3311 3601 3184 3629 4480 5111 5267 4634 4603 4381 3950 3438 2955 2577 2195 1744 1512 1436 1429 1466
852 875 875 864 880 893 901 920 940 954 968 968 964 972 997 1017 1036 1055 1053 1023 979 946 956 988 1012 1029 1042 1047 1046 1011 979 970 983 1026 1057 1081 1103 1126 1150 1183 1225 1268 1304 1349 1403 1467 1536 1601 1654 1731 1840 1958 2065 2174 2286 2379 2439 2521 2985 4448 4800 3921 3959 5562 6837 6907 5825 4816 4039 3564 3783 3136 2858 2514 2022 1666 1551 1581 1583
919 893 871 869 885 894 904 915 918 919 931 944 954 978 1007 1030 1038 1031 1020 998 967 954 968 986 991 988 991 994 991 977 971 970 980 1001 1028 1048 1077 1101 1121 1148 1192 1239 1279 1295 1320 1375 1444 1504 1550 1634 1752 1860 1956 2052 2146 2233 2303 2495 2678 3419 4673 4425 3733 4528 5972 7863 7089 5963 4762 4519 4160 3521 3208 2833 2429 1962 1693 1704 1924
963 906 887 920 919 920 931 928 905 878 881 908 938 979 1021 1045 1040 1017 994 976 970 978 989 997 987 972 964 955 949 949 969 983 980 989 1008 1031 1063 1077 1080 1100 1146 1214 1270 1276 1280 1311 1370 1435 1487 1581 1690 1783 1862 1951 2036 2109 2175 2273 2411 2548 2677 2837 3541 4230 4144 5092 5607 6270 6143 5560 4884 4357 3666 3113 2851 2275 1941 2352 2677
995 943 933 944 939 948 959 946 906 860 858 889 935 984 1031 1062 1052 1028 1003 991 1002 1012 1021 1023 999 977 966 958 950 949 971 984 982 986 1005 1056 1083 1050 1053 1072 1118 1187 1255 1282 1277 1279 1311 1368 1433 1524 1610 1691 1768 1855 1936 1998 2060 2123 2189 2260 2330 2415 2521 2637 2784 2985 3221 3464 3650 3739 3680 3672 3516 3195 2771 2445 2433 2313 2264
1054 1009 988 980 980 986 987 994 961 883 872 890 940 1001 1056 1089 1095 1082 1068 1049 1041 1043 1053 1044 1013 991 992 995 983 971 971 977 982 1002 1030 1036 1063 1061 1073 1077 1124 1198 1304 1309 1301 1284 1295 1332 1403 1468 1534 1598 1678 1768 1848 1897 1954 2014 2084 2165 2253 2363 2488 2638 2806 3005 3235 3485 3730 3896 3802 3663 3384 2955 2563 2260 2047 2037 2324
1101 1046 1008 995 1006 1030 1048 1041 1011 978 969 936 948 1002 1056 1094 1110 1104 1104 1114 1107 1112 1059 1063 1037 1017 1018 1028 1006 980 967 985 1014 1045 1068 1061 1100 1120 1117 1122 1170 1250 1353 1378 1328 1311 1313 1335 1395 1444 1496 1544 1614 1698 1761 1807 1859 1923 2005 2085 2181 2300 2433 2573 2727 2897 3089 3298 3494 3589 3558 3490 3231 2884 2537 2261 2092 2146 2254
1091 1054 1027 1029 1057 1089 1098 1080 1051 1013 970 944 960 1005 1037 1071 1105 1121 1120 1115 1101 1062 1059 1093 1096 1079 1045 1032 1004 983 989 1018 1046 1053 1118 1142 1165 1180 1178 1197 1241 1311 1395 1377 1369 1344 1338 1351 1408 1452 1505 1548 1592 1644 1687 1729 1775 1849 1947 2026 2123 2239 2359 2474 2582 2703 2822 2949 3057 3151 3088 3051 2869 2661 2447 2221 2108 2051 2146
1091 1090 1064 1065 1099 1132 1135 1099 1050 1010 978 957 995 1026 1049 1064 1077 1076 1064 1058 1044 1059 1085 1114 1132 1107 1091 1071 1036 1028 1037 1053 1079 1114 1155 1190 1201 1201 1217 1256 1272 1330 1399 1387 1379 1369 1358 1364 1409 1474 1539 1574 1600 1618 1636 1667 1723 1805 1910 2013 2091 2194 2293 2367 2428 2477 2516 2586 2633 2670 2704 2601 2577 2465 2351 2204 2013 1925 2005
1098 1107 1077 1089 1115 1132 1122 1108 1092 1050 1021 1008 1028 1060 1070 1086 1101 1089 1081 1067 1059 1057 1087 1130 1159 1171 1174 1174 1127 1097 1094 1086 1086 1113 1153 1199 1226 1221 1226 1280 1294 1316 1370 1393 1382 1382 1371 1375 1420 1489 1551 1594 1606 1606 1612 1638 1704 1794 1897 2013 2103 2177 2249 2285 2300 2290 2284 2280 2338 2398 2403 2392 2438 2334 2341 2092 1853 1676 1778
1083 1098 1085 1084 1095 1106 1107 1107 1109 1074 1067 1064 1065 1054 1072 1098 1132 1115 1112 1104 1084 1063 1067 1106 1155 1201 1241 1245 1220 1220 1226 1210 1171 1153 1193 1187 1202 1234 1239 1277 1303 1329 1351 1371 1382 1398 1396 1390 1425 1485 1539 1582 1594 1592 1607 1634 1704 1809 1911 2015 2105 2172 2228 2243 2225 2171 2201 2101 2259 2270 2253 2323 2347 2266 2265 1973 1706 1548 1656
1101 1097 1091 1089 1087 1090 1097 1109 1133 1137 1152 1111 1137 1098 1122 1155 1177 1172 1169 1153 1140 1118 1112 1140 1205 1243 1271 1263 1238 1257 1276 1280 1220 1203 1222 1220 1215 1205 1225 1261 1295 1314 1331 1348 1372 1393 1397 1399 1423 1469 1518 1553 1561 1582 1620 1661 1725 1844 1948 2046 2121 2179 2219 2222 2190 2136 2115 2133 2240 2238 2279 2332 2423 2272 2148 1903 1684 1688 1595
1150 1143 1122 1112 1098 1083 1101 1121 1146 1173 1187 1187 1215 1217 1183 1207 1222 1225 1224 1191 1173 1161 1168 1201 1235 1250 1277 1249 1231 1227 1233 1219 1218 1202 1183 1152 1171 1184 1194 1247 1278 1293 1315 1330 1345 1353 1364 1380 1404 1449 1494 1530 1551 1599 1655 1712 1775 1878 1987 2068 2145 2199 2234 2237 2190 2131 2086 2183 2241 2289 2332 2373 2467 2310 2127 1904 1738 1719 1666
1219 1200 1170 1139 1110 1086 1100 1137 1170 1215 1257 1271 1284 1297 1260 1277 1292 1298 1293 1265 1226 1237 1237 1274 1298 1324 1309 1306 1316 1312 1310 1266 1257 1295 1233 1193 1174 1183 1194 1205 1223 1268 1310 1326 1327 1330 1323 1347 1381 1426 1480 1524 1557 1617 1696 1769 1834 1926 2009 2087 2149 2203 2258 2281 2230 2157 2105 2134 2245 2283 2334 2313 2543 2372 2173 2061 1824 1841 1758
1283 1274 1257 1188 1133 1100 1095 1132 1172 1212 1235 1283 1307 1325 1298 1318 1339 1356 1351 1342 1301 1326 1282 1328 1351 1354 1338 1351 1372 1398 1393 1354 1282 1283 1290 1269 1259 1231 1188 1185 1207 1228 1282 1322 1329 1328 1307 1321 1363 1425 1487 1537 1576 1644 1732 1813 1871 1950 2032 2089 2126 2177 2270 2344 2319 2233 2257 2273 2273 2302 2252 2299 2410 2541 2426 2218 2020 1897 1823
1360 1366 1345 1303 1216 1165 1120 1143 1176 1203 1216 1230 1283 1310 1330 1349 1391 1415 1414 1389 1358 1336 1344 1379 1390 1382 1377 1381 1381 1385 1376 1266 1228 1267 1366 1320 1292 1266 1223 1201 1199 1224 1261 1280 1304 1326 1314 1318 1372 1455 1522 1571 1608 1675 1759 1838 1901 1964 2040 2088 2118 2126 2288 2434 2432 2424 2454 2411 2397 2374 2320 2329 2499 2812 2616 2388 2209 2063 1987
-9999 1428 1391 1341 1316 1255 1222 1215 1198 1206 1205 1197 1251 1298 1347 1387 1430 1466 1465 1454 1424 1410 1416 1426 1451 1437 1414 1388 1362 1362 1327 1246 1231 1253 1293 1313 1295 1274 1261 1244 1236 1240 1248 1240 1254 1296 1338 1371 1430 1515 1573 1612 1651 1705 1774 1847 1923 1985 2047 2070 2084 2140 2373 2574 2633 2657 2617 2575 2456 2469 2443 2446 2539 2763 2879 2606 2460 2195 2010
-9999 -9999 1408 1354 1295 1268 1277 1340 1302 1250 1220 1194 1237 1301 1369 1419 1462 1492 1483 1471 1469 1475 1481 1491 1492 1492 1446 1405 1357 1353 1337 1313 1317 1309 1279 1329 1315 1294 1293 1277 1270 1270 1259 1227 1213 1265 1349 1419 1511 1579 1602 1632 1688 1727 1767 1842 1928 2013 2090 2118 2114 2218 2443 2706 2864 2850 2733 2666 2549 2640 2564 2582 2649 2786 3111 2786 2548 2327 2147
-9999 -9999 -9999 1359 1312 1287 1266 1310 1371 1286 1258 1235 1271 1336 1394 1437 1480 1492 1480 1472 1494 1511 1525 1510 1481 1477 1458 1403 1355 1328 1353 1309 1280 1273 1269 1269 1286 1332 1328 1300 1331 1328 1298 1241 1236 1303 1393 1481 1577 1619 1619 1630 1710 1723 1755 1848 1927 2045 2141 2178 2210 2337 2540 2770 2939 2893 2795 2828 2697 2745 2720 2700 2775 2893 2981 2937 2701 2499 2222
-9999 -9999 -9999 -9999 1293 1286 1301 1319 1296 1271 1280 1317 1340 1392 1438 1459 1439 1438 1448 1460 1478 1497 1517 1486 1457 1436 1425 1387 1353 1332 1320 1315 1306 1287 1297 1306 1307 1295 1303 1303 1355 1384 1326 1270 1289 1363 1460 1560 1637 1642 1646 1668 1737 1758 1810 1900 1991 2097 2218 2288 2372 2496 2626 2809 2935 2941 2893 2816 2871 2803 2848 2776 2986 2892 3057 3041 2790 2489 2312
-9999 -9999 -9999 -9999 1290 1241 1223 1217 1249 1271 1270 1316 1372 1428 1444 1451 1419 1414 1426 1451 1460 1474 1490 1478 1444 1418 1403 1374 1360 1337 1333 1333 1316 1304 1329 1403 1352 1313 1316 1323 1367 1417 1376 1319 1350 1414 1515 1619 1697 1714 1707 1722 1796 1824 1905 1999 2114 2210 2345 2459 2569 2664 2793 2866 2963 2977 2941 2933 2959 2908 2930 3026 3092 2982 3128 2962 2893 2548 2339
-9999 -9999 -9999 -9999 -9999 1170 1155 1177 1208 1238 1270 1313 1370 1407 1429 1431 1403 1398 1396 1431 1454 1467 1465 1473 1460 1438 1420 1400 1390 1392 1369 1359 1370 1376 1363 1437 1492 1358 1364 1383 1403 1419 1396 1383 1427 1488 1549 1653 1741 1736 1749 1781 1838 1885 1970 2087 2195 2334 2463 2604 2714 2785 2902 2964 3036 3039 -9999 -9999 3017 3053 3130 3166 3387 3186 3012 2916 2860 2545 2212
-9999 -9999 -9999 -9999 -9999 1119 1112 1144 1178 1209 1251 1289 1333 1374 1400 1403 1384 1369 1374 1412 1442 1458 1473 1483 1492 1491 1466 1435 1432 1446 1420 1386 1384 1420 1455 1572 1557 1456 1502 1526 1491 1439 1416 1435 1510 1576 1624 1699 1762 1770 1786 1827 1880 1945 2035 2152 2267 2399 2536 2685 2784 2885 2957 3025 3065 -9999 -9999 -9999 3091 3205 3233 3429 3480 3492 2997 2841 2786 2454 2208
-9999 -9999 -9999 -9999 -9999 1090 1095 1131 1161 1184 1217 1252 1288 1320 1342 1350 1341 1342 1364 1409 1455 1482 1497 1515 1522 1524 1495 1449 1449 1483 1464 1418 1409 1448 1577 1904 2115 1765 1603 1608 1579 1513 1503 1520 1582 1649 1684 1750 1760 1778 1812 1852 1912 1983 2074 2188 2312 2420 2596 2703 2830 2916 3001 3026 -9999 -9999 -9999 -9999 -9999 3311 3435 3597 3576 3844 3062 2804 2710 2446 2347
-9999 -9999 -9999 -9999 -9999 1095 1116 1156 1169 1176 1203 1230 1247 1264 1282 1301 1301 1318 1357 1414 1477 1527 1552 1561 1560 1539 1507 1457 1460 1511 1493 1465 1449 1481 1633 2139 2296 1703 1647 1648 1584 1545 1536 1557 1602 1647 1749 1756 1761 1775 1811 1856 1910 1991 2093 2212 2272 2381 2636 2691 2873 2927 -9999 -9999 -9999 -9999 -9999 -9999 -9999 3412 3533 3663 3876 3825 3215 2912 2676 2386 2305
-9999 -9999 -9999 -9999 -9999 -9999 1163 1202 1216 1216 1231 1247 1259 1270 1287 1296 1307 1320 1354 1430 1507 1578 1602 1595 1578 1549 1504 1454 1437 1468 1514 1539 1495 1492 1580 2012 1989 1659 1665 1612 1538 1517 1514 1530 1560 -9999 1724 1727 1736 1745 1789 1831 1889 1975 -9999 -9999 -9999 -9999 -9999 -9999 -9999 -9999 -9999 -9999 -9999 -9999 -9999 -9999 -9999 3536 3659 3930 3948 3795 3433 3167 2754 2444 2316
-9999 -9999 -9999 -9999 -9999 -9999 1214 1261 1278 1276 1281 1295 1318 1316 1320 1329 1330 1334 1347 1417 1511 1588 1613 1600 1566 1536 1485 1427 1389 1393 1422 1523 1523 1505 1559 1694 1738 1834 1718 1563 1515 -9999 -9999 -9999 -9999 -9999 -9999 -9999 -9999 -9999 -9999 -9999 -9999 -9999 -9999 -9999 -9999 -9999 -9999 -9999 -9999 -9999 -9999 -9999 -9999 -9999 -9999 -9999 -9999 3629 3803 3971 4165 4075 3684 3299 2898 2639 2510
-9999 -9999 -9999 -9999 -9999 -9999 1259 1308 1318 1313 1328 1353 1363 1356 1350 1348 1347 1341 1346 1408 1488 1550 1578 1569 1541 1500 1453 1408 1368 1346 1364 1436 1546 1507 1508 1617 1650 1638 1577 1523 -9999 -9999 -9999 -9999 -9999 -9999 -9999 -9999 -9999 -9999 -9999 -9999 -9999 -9999 -9999 -9999 -9999 -9999 -9999 -9999 -9999 -9999 -9999 -9999 -9999 -9999 -9999 -9999 -9999 -9999 3988 4198 4446 4334 4051 3488 3141 2884 2574
-9999 -9999 -9999 -9999 -9999 -9999 1259 1282 1300 1319 1356 1380 1388 1378 1369 1359 1355 1349 1360 1405 1455 1500 1521 1514 1491 1468 1421 1374 1345 1337 1350 1378 1478 1506 1517 1568 1620 1621 1555 1497 -9999 -9999 -9999 -9999 -9999 -9999 -9999 -9999 -9999 -9999 -9999 -9999 -9999 -9999 -9999 -9999 -9999 -9999 -9999 -9999 -9999 -9999 -9999 -9999 -9999 -9999 -9999 -9999 -9999 -9999 4115 4281 4571 4548 4319 3737 3503 3193 2817
