02 cropping and modelling/wc2.1_10m_bio_9.asc
NCOLS 368 
NROWS 210 
XLLCORNER 67.1666666666667 
YLLCORNER 3.5 
CELLSIZE 0.166666666666667 
NODATA_value -9999 
[rows 0 to 26 of 210, columns 60 to 119 of 368]
-9999 -9999 -9999 -9999 -9999 -9999 -9999 -9999 -9999 -9999 -9999 -9999 -9999 -9999 -9999 -9999 -9999 -9999 -9999 -9999 -9999 -9999 -9999 -9999 -9999 -9999 -9999 -9999 -9999 -9999 -9999 -9999 -9999 -9999 -9999 -9999 -9999 -9999 -9999 -9999 -9999 -9999 -9999 -9999 -9999 -9999 -9999 -9999 -9999 -9999 -9999 -9999 -9999 -9999 -9999 -9999 -9999 -9999 -9999 -9999
5.06112480163574 5.03191661834717 4.84345817565918 4.74479198455811 4.63625001907349 4.42704200744629 4.21624994277954 -9999 -9999 -9999 -9999 -9999 -9999 -9999 -9999 -9999 -9999 -9999 -9999 -9999 -9999 -9999 -9999 -9999 -9999 -9999 -9999 -9999 -9999 -9999 -9999 -9999 -9999 -9999 -9999 -9999 -9999 -9999 -9999 -9999 -9999 -9999 -9999 -9999 -9999 -9999 -9999 -9999 -9999 -9999 -9999 -9999 -9999 -9999 -9999 -9999 -9999 -9999 -9999 -9999
5.13379144668579 5.03499984741211 4.80729198455811 4.89233303070068 4.69837522506714 4.42595815658569 4.15374994277954 3.88508319854736 3.80316686630249 3.94875001907349 3.9595832824707 3.98258328437805 3.89837503433228 3.85487461090088 3.7418749332428 3.65666675567627 -9999 -9999 -9999 -9999 -9999 -9999 -9999 -9999 -9999 -9999 -9999 -9999 -9999 -9999 -9999 -9999 -9999 -9999 -9999 -9999 -9999 -9999 -9999 -9999 -9999 -9999 -9999 -9999 -9999 -9999 -9999 -9999 -9999 -9999 -9999 -9999 -9999 -9999 -9999 -9999 -9999 -9999 -9999 -9999
5.13175010681152 4.85858345031738 4.79983329772949 4.79370832443237 4.66524982452393 4.45349979400635 4.12837505340576 3.89612531661987 3.84345865249634 3.90504169464111 3.94962477684021 4.06070852279663 4.03025007247925 3.92691659927368 3.80166673660278 3.76712489128113 3.68512463569641 3.70716643333435 3.81008338928223 3.90941667556763 3.83958315849304 -9999 -9999 -9999 -9999 -9999 -9999 -9999 -9999 -9999 -9999 -9999 -9999 -9999 -9999 -9999 -9999 -9999 -9999 -9999 -9999 -9999 -9999 -9999 -9999 -9999 -9999 -9999 -9999 -9999 -9999 -9999 -9999 -9999 -9999 -9999 -9999 -9999 -9999 -9999
4.42170858383179 4.61112499237061 4.66479158401489 4.61354160308838 4.58091688156128 4.44820833206177 4.12645816802979 4.03333330154419 3.9625415802002 3.97387504577637 4.00524997711182 4.1442084312439 4.19045829772949 4.05129146575928 3.91487503051758 3.89083313941956 3.85195803642273 3.9486665725708 4.06708335876465 4.12366676330566 3.93529176712036 3.79733324050903 3.75141668319702 3.72258353233337 3.77062511444092 -9999 -9999 -9999 -9999 -9999 -9999 -9999 -9999 -9999 -9999 -9999 -9999 -9999 -9999 -9999 -9999 -9999 -9999 -9999 -9999 -9999 -9999 -9999 -9999 -9999 -9999 -9999 -9999 -9999 -9999 -9999 -9999 -9999 -9999 -9999
3.79258322715759 3.82350015640259 3.6737916469574 3.51175022125244 3.69916677474976 4.06491661071777 4.35449981689453 4.22695827484131 4.17512512207031 4.18875026702881 4.15204191207886 4.3658332824707 4.52579164505005 4.30683326721191 4.18591690063477 4.21141672134399 4.25387525558472 4.32270812988281 4.3602499961853 4.12679147720337 3.99683332443237 3.88891649246216 3.85941648483276 3.80495810508728 3.76174998283386 3.88737487792969 4.0890417098999 3.99804139137268 -9999 -9999 -9999 -9999 -9999 -9999 -9999 -9999 -9999 -9999 -9999 -9999 -9999 -9999 -9999 -9999 -9999 -9999 -9999 -9999 -9999 -9999 -9999 -9999 -9999 -9999 -9999 -9999 -9999 -9999 -9999 -9999
2.36391663551331 2.81500005722046 10.4792919158936 10.3512086868286 10.4505834579468 10.946457862854 11.4640827178955 12.1206245422363 12.2019166946411 12.4186668395996 4.32379150390625 4.49545860290527 4.62516641616821 4.62349987030029 4.59324979782104 4.45833349227905 4.51112508773804 4.5354585647583 4.41712474822998 4.21295833587646 4.10349988937378 3.9908332824707 3.92716670036316 3.92154145240784 3.87600016593933 4.03600025177002 4.08141660690308 3.89616656303406 3.65012502670288 3.53854179382324 3.36854195594788 -9999 -9999 -9999 -9999 -9999 -9999 -9999 -9999 -9999 -9999 -9999 -9999 -9999 -9999 -9999 -9999 -9999 -9999 -9999 -9999 -9999 -9999 -9999 -9999 -9999 -9999 -9999 -9999 -9999
0.649166703224182 0.598458230495453 8.0352087020874 7.79262495040894 8.92904186248779 9.8082914352417 9.56754207611084 10.326958656311 11.4007081985474 12.15012550354 12.2725410461426 12.3819999694824 12.5089998245239 12.7313747406006 12.2963333129883 12.1316251754761 4.68520832061768 4.61100006103516 12.56862449646 4.35816669464111 4.24220848083496 4.19179153442383 4.10954141616821 4.02691698074341 4.01016664505005 4.08183336257935 4.24091672897339 3.98000001907349 3.74595832824707 3.59608292579651 3.39050006866455 3.15645837783813 3.24795794487 -9999 -9999 -9999 -9999 -9999 -9999 -9999 -9999 -9999 -9999 -9999 -9999 -9999 -9999 -9999 -9999 -9999 -9999 -9999 -9999 -9999 -9999 -9999 -9999 -9999 -9999 -9999
-2.96904158592224 -1.28179156780243 -2.81679177284241 -2.17866659164429 -1.54383325576782 -0.805166661739349 6.78283357620239 7.70787525177002 8.95062446594238 9.15670871734619 10.1654586791992 9.93900012969971 10.0822496414185 11.4676246643066 12.1157913208008 12.1127920150757 12.1765003204346 12.1282501220703 12.4187078475952 12.5302505493164 12.5301666259766 4.41995811462402 4.36058330535889 4.25191688537598 4.1832914352417 4.22516679763794 4.29391670227051 4.12729167938232 3.88891649246216 3.71849989891052 3.52954196929932 3.39312505722046 3.43116664886475 3.40895819664001 3.26833295822144 -9999 -9999 -9999 -9999 -9999 -9999 -9999 -9999 -9999 -9999 -9999 -9999 -9999 -9999 -9999 -9999 -9999 -9999 -9999 -9999 -9999 -9999 -9999 -9999 -9999
-11.0442085266113 -3.63074994087219 -9.67195892333984 -10.5989170074463 -9.72404193878174 -12.0047082901001 -2.85979175567627 -6.85254192352295 -6.1910834312439 -5.2207498550415 -4.42791652679443 -3.18829154968262 8.4149169921875 10.13112449646 10.8977499008179 10.9333333969116 11.4447917938232 3.4860417842865 4.10254192352295 4.50962495803833 4.52062511444092 4.2810001373291 4.34729146957397 4.348708152771 4.36687517166138 4.42866659164429 4.38791656494141 4.19595861434937 3.97487497329712 3.82237505912781 3.5186665058136 3.15708303451538 2.84016680717468 2.7139585018158 2.54037499427795 2.21479177474976 -4.00737524032593 -9999 -9999 -9999 -9999 -9999 -9999 -9999 -9999 -9999 -9999 -9999 -9999 -9999 -9999 -9999 -9999 -9999 -9999 -9999 -9999 -9999 -9999 -9999
-12.8963756561279 -12.1479167938232 -7.98587512969971 -17.626916885376 -15.672625541687 -14.7984161376953 -12.0731248855591 -16.3549175262451 -11.7670421600342 -9.22216701507568 -7.3473334312439 -5.61124992370605 -4.07574987411499 -2.95433330535889 -3.27679181098938 -2.88620829582214 9.48008346557617 -2.44324994087219 8.86595821380615 2.59658336639404 2.99429178237915 3.29979181289673 3.96745824813843 4.13066625595093 4.19175004959106 4.16104173660278 4.16545867919922 4.11766672134399 3.75637483596802 3.08874988555908 2.34075021743774 -3.65149998664856 -4.08008337020874 0.989291608333588 0.492833286523819 0.0306251887232065 -3.61541676521301 -4.74662494659424 -9999 -9999 -9999 -9999 -9999 -9999 -9999 -9999 -9999 -9999 -9999 -9999 -9999 -9999 -9999 -9999 -9999 -9999 -9999 -9999 -9999 -9999
-18.0556659698486 -19.9149990081787 -20.3017082214355 -18.9640007019043 -16.2777500152588 -14.1055002212524 -12.7212495803833 -12.8798332214355 -9.27974987030029 -7.7977499961853 -5.64616680145264 -3.40933322906494 -3.96341681480408 -3.79245853424072 -4.11212491989136 -3.28387498855591 -4.23533344268799 -7.35475015640259 -10.2859582901001 -7.49391651153564 -4.43908309936523 2.69320845603943 3.50558352470398 3.74204182624817 3.63095831871033 3.36533355712891 3.34029173851013 2.98799991607666 2.00483345985413 -4.29883337020874 -4.0147500038147 -6.61770820617676 -7.2865834236145 -5.96704149246216 -7.01404190063477 -7.91495847702026 -9.02987480163574 -11.0412082672119 -10.761791229248 -11.5103330612183 -9999 -9999 -9999 -9999 -9999 -9999 -9999 -9999 -9999 -9999 -9999 -9999 -9999 -9999 -9999 -9999 -9999 -9999 -9999 -9999
-16.1370410919189 -16.1788749694824 -18.4135837554932 -16.4319171905518 -13.7865829467773 -14.9967918395996 -17.5283336639404 -13.7623338699341 -13.5812082290649 -17.0601654052734 -11.1986246109009 -7.20174980163574 -7.94291687011719 -10.9734582901001 -7.78070831298828 -4.96020841598511 -4.38108348846436 -4.72462511062622 -8.05066680908203 -6.52508306503296 -2.62124991416931 1.20045828819275 2.3451247215271 2.73483324050903 2.57733345031738 2.07562494277954 -4.24758338928223 -4.17899990081787 -3.8540415763855 -8.2368335723877 -12.6084585189819 -13.2834587097168 -15.6357498168945 -12.0422496795654 -13.7623329162598 -16.2910003662109 -15.9190835952759 -15.4383754730225 -16.6924171447754 -16.6824989318848 -17.6630420684814 -9999 -9999 -9999 -9999 -9999 -9999 -9999 -9999 -9999 -9999 -9999 -9999 -9999 -9999 -9999 -9999 -9999 -9999 -9999
-19.103458404541 -18.7369575500488 -16.0580406188965 -17.5108337402344 -17.6348342895508 -17.0490417480469 -14.4120836257935 -14.8064165115356 -14.9204587936401 -15.7670412063599 -15.2642078399658 -16.6807498931885 -16.0360832214355 -14.7151670455933 -9.65808391571045 -5.75724983215332 -5.98516654968262 -7.60799980163574 -7.51916694641113 -5.47670841217041 -5.00400018692017 -3.57558345794678 -3.37383317947388 -4.61112499237061 -5.32216644287109 -4.03166675567627 -4.63483333587646 -6.57383346557617 -11.4477081298828 -18.1044998168945 -15.9612913131714 -18.1711673736572 -17.6120834350586 -16.0014591217041 -17.7755832672119 -17.4850406646729 -17.4640426635742 -17.8812923431396 -17.8351249694824 -18.4332504272461 -18.296667098999 -17.9767074584961 -9999 -9999 -9999 -9999 -9999 -9999 -9999 -9999 -9999 -9999 -9999 -9999 -9999 -9999 -9999 -9999 -9999 -9999
-19.0210418701172 -18.6421241760254 -16.4942092895508 -16.292667388916 -16.2256660461426 -18.0790824890137 -19.7486667633057 -18.5582504272461 -17.6709995269775 -17.7249164581299 -17.312707901001 -15.4587497711182 -20.2800827026367 -22.2962913513184 -19.3165416717529 -13.3587913513184 -10.2088747024536 -15.6342496871948 -14.9850835800171 -9.86837482452393 -10.1813335418701 -7.81804132461548 -6.5180835723877 -8.58549976348877 -9.046875 -10.0200414657593 -13.6187086105347 -13.2102918624878 -13.4937915802002 -14.6638336181641 -16.7380828857422 -14.8598747253418 -14.9954166412354 -15.5174589157104 -16.8860836029053 -17.3194580078125 -17.9857921600342 -19.2725830078125 -18.986499786377 -18.8979587554932 -19.0237083435059 -18.4233341217041 -18.2390422821045 -9999 -9999 -9999 -9999 -9999 -9999 -9999 -9999 -9999 -9999 -9999 -9999 -9999 -9999 -9999 -9999 -9999
-21.519832611084 -18.5163745880127 -16.6262912750244 -18.5526256561279 -18.056791305542 -15.567458152771 -16.6399173736572 -17.4351673126221 -16.1940841674805 -17.8455009460449 -18.296875 -17.1580410003662 -16.288875579834 -20.0608329772949 -20.6984996795654 -18.5586242675781 -17.9575004577637 -12.8082504272461 -14.6170835494995 -16.839750289917 -14.9681243896484 -16.4594993591309 -16.8899593353271 -18.217041015625 -18.2054176330566 -16.5886249542236 -18.2552509307861 -16.398624420166 -16.7747917175293 -14.5243330001831 -14.2599582672119 -15.5908336639404 -17.4316673278809 -18.0269165039062 -17.5828742980957 -18.6231670379639 -18.5219993591309 -18.4407501220703 -18.0400829315186 -18.4320411682129 -18.4839992523193 -18.1648330688477 -17.9698333740234 -18.1792087554932 -9999 -9999 -9999 -9999 -9999 -9999 -9999 -9999 -9999 -9999 -9999 -9999 -9999 -9999 -9999 -9999
-22.3564167022705 -23.6902084350586 -20.4181671142578 -18.5659580230713 -18.1496658325195 -17.8973331451416 -18.739875793457 -18.6158332824707 -19.201000213623 -20.5228328704834 -18.6069583892822 -18.1627502441406 -18.8686676025391 -17.0284175872803 -20.9235420227051 -21.3449172973633 -19.6362915039062 -18.1099166870117 -19.2450828552246 -22.7380828857422 -18.2156257629395 -16.0505409240723 -15.497917175293 -18.5343742370605 -18.8234577178955 -15.6621246337891 -15.109375 -15.6917915344238 -16.8001670837402 -16.3994159698486 -17.0085411071777 -20.222957611084 -18.2156677246094 -18.8414573669434 -18.6310844421387 -18.3081665039062 -16.9122085571289 -16.9006671905518 -17.1811256408691 -17.6620407104492 -17.1544170379639 -16.9439582824707 -17.2596664428711 -17.4290008544922 -17.7634162902832 -9999 -9999 -9999 -9999 -9999 -9999 -9999 -9999 -9999 -9999 -9999 -9999 -9999 -9999 -9999
-22.8249168395996 -23.2450008392334 -20.7296676635742 -19.9321250915527 -20.6759586334229 -21.4577083587646 -20.4690837860107 -18.7075004577637 -17.5346240997314 -19.5745830535889 -18.5185413360596 -17.3579578399658 -15.9540414810181 -15.7143335342407 -16.4377918243408 -19.1966667175293 -21.9109573364258 -21.1807079315186 -20.9921245574951 -20.726749420166 -21.5209999084473 -19.5786666870117 -18.6536254882812 -18.4304161071777 -17.8313331604004 -17.3512916564941 -18.4715423583984 -18.835542678833 -18.6817092895508 -17.0965404510498 -22.2709579467773 -19.9369163513184 -18.3061656951904 -17.7999992370605 -18.207124710083 -17.3174591064453 -17.5719585418701 -16.8972511291504 -16.8379993438721 -16.7971248626709 -16.7309169769287 -16.791166305542 -16.9572505950928 -16.636791229248 -16.9587078094482 -17.3291664123535 -9999 -9999 -9999 -9999 -9999 -9999 -9999 -9999 -9999 -9999 -9999 -9999 -9999 -9999
-24.2508754730225 -24.4230422973633 -21.5219993591309 -20.5707092285156 -20.0902080535889 -19.6781673431396 -19.285249710083 -19.7020835876465 -19.6696243286133 -17.2937507629395 -16.6322917938232 -16.6325416564941 -16.4202499389648 -15.983208656311 -15.4997501373291 -16.392333984375 -17.1424579620361 -18.4920825958252 -18.263708114624 -22.5647087097168 -24.9435424804688 -25.0321254730225 -25.1833324432373 -25.8843746185303 -24.9449996948242 -22.7313747406006 -22.363000869751 -19.3838329315186 -19.4341659545898 -20.7207908630371 -19.0657081604004 -17.3756256103516 -16.7919578552246 -16.4711246490479 -17.7313327789307 -17.2017917633057 -17.0443744659424 -16.781042098999 -15.941333770752 -15.8452501296997 -16.1678333282471 -16.6097507476807 -16.4479999542236 -16.2841663360596 -16.1477088928223 -16.5393753051758 -16.5088329315186 -9999 -9999 -9999 -9999 -9999 -9999 -9999 -9999 -9999 -9999 -9999 -9999 -9999
-17.7029590606689 -22.9901256561279 -23.2931671142578 -19.9205417633057 -21.0913333892822 -19.8356666564941 -20.6677913665771 -21.1356239318848 -21.2537078857422 -19.6971244812012 -19.2650413513184 -18.9406242370605 -17.6027507781982 -16.2932090759277 -15.4742918014526 -15.3141250610352 -15.5501670837402 -16.0978336334229 -16.6089172363281 -17.4541244506836 -19.7968330383301 -23.3310413360596 -23.1522922515869 -22.5846252441406 -20.05299949646 -22.0223751068115 -20.0500411987305 -20.7365837097168 -21.1707496643066 -19.0340003967285 -19.1190414428711 -18.8897495269775 -16.3782920837402 -15.8971252441406 -15.793041229248 -16.3797073364258 -16.1227073669434 -16.3492908477783 -16.8987083435059 -16.5914173126221 -16.4277496337891 -16.3733329772949 -16.2787914276123 -16.2479572296143 -16.3602085113525 -16.5237922668457 -16.5188751220703 -16.8406257629395 -9999 -9999 -9999 -9999 -9999 -9999 -9999 -9999 -9999 -9999 -9999 -9999
-15.6145000457764 -19.8558750152588 -22.7319164276123 -20.3185005187988 -19.8474578857422 -20.2667922973633 -20.7521667480469 -21.0697498321533 -21.3158340454102 -19.1839160919189 -21.1457920074463 -19.3957080841064 -17.6690826416016 -17.0510406494141 -15.9935827255249 -16.2857913970947 -15.422625541687 -15.0349578857422 -15.1263332366943 -15.5246248245239 -16.3950424194336 -17.5378341674805 -18.4484996795654 -17.1700420379639 -17.5256671905518 -18.4191246032715 -17.2688331604004 -17.1048336029053 -16.8694171905518 -18.2548332214355 -18.2043342590332 -18.0224170684814 -16.4993743896484 -16.158166885376 -16.1599998474121 -16.4789581298828 -16.6411247253418 -17.2063331604004 -17.1348323822021 -17.1153755187988 -17.1256675720215 -16.6681671142578 -16.3605842590332 -16.2740421295166 -16.476749420166 -16.5981254577637 -16.7685413360596 -16.5708751678467 -16.6765003204346 -9999 -9999 -9999 -9999 -9999 -9999 -9999 -9999 -9999 -9999 -9999
-19.8085422515869 -8.14400005340576 -19.6523342132568 -22.9576663970947 -20.9959163665771 -17.4655418395996 -21.9587917327881 -22.5644588470459 -21.0436248779297 -20.4876670837402 -20.166374206543 -18.718542098999 -18.0343341827393 -17.8104991912842 -17.2701244354248 -16.2941665649414 -16.4143333435059 -16.4385414123535 -16.164041519165 -16.3797492980957 -16.1269588470459 -16.6086254119873 -18.3899593353271 -17.9106674194336 -17.2049579620361 -15.7936668395996 -15.7857084274292 -16.5814170837402 -16.3430004119873 -17.0532493591309 -17.1082916259766 -17.6709995269775 -16.871374130249 -16.3457908630371 -15.8857078552246 -16.6717071533203 -17.5232925415039 -17.6322917938232 -17.4777088165283 -17.3237915039062 -16.9764156341553 -16.9753322601318 -17.218957901001 -16.7353744506836 -17.1054573059082 -16.7358341217041 -16.8482913970947 -17.202709197998 -17.3777084350586 -16.6928749084473 -9999 -9999 -9999 -9999 -9999 -9999 -9999 -9999 -9999 -9999
-5.80504179000854 -13.4557495117188 -6.11766672134399 -22.7908325195312 -22.1435832977295 -18.0545425415039 -17.5072498321533 -18.7218742370605 -19.302583694458 -20.1275405883789 -19.111499786377 -18.1118755340576 -17.7245826721191 -17.5129585266113 -17.5634155273438 -17.945499420166 -18.5499591827393 -17.6870002746582 -18.2199592590332 -18.2049579620361 -17.8797092437744 -16.9783744812012 -17.7348747253418 -16.7264575958252 -16.1741256713867 -16.4949588775635 -16.5612487792969 -16.3950424194336 -16.5714588165283 -17.127124786377 -19.5344581604004 -20.1319160461426 -16.9920825958252 -16.7727909088135 -16.7172088623047 -17.1942920684814 -17.0573329925537 -16.3906669616699 -16.3207092285156 -16.062084197998 -15.9820003509521 -17.5292091369629 -17.7993755340576 -17.7338752746582 -17.8955001831055 -16.8449172973633 -17.5161666870117 -17.3427085876465 -17.4153327941895 -17.2037925720215 -17.0575008392334 -9999 -9999 -9999 -9999 -9999 -9999 -9999 -9999 -9999
-10.4115409851074 -5.41920852661133 4.43583345413208 -16.9068336486816 -22.8337497711182 -21.4738750457764 -17.9069995880127 -22.0925827026367 -20.1717910766602 -20.1861667633057 -20.4029159545898 -20.2066669464111 -18.7055416107178 -18.3830833435059 -18.2853336334229 -18.0015830993652 -17.5648326873779 -16.785249710083 -16.6151657104492 -16.3362922668457 -17.0706672668457 -18.076208114624 -17.4850826263428 -17.0784587860107 -17.4363327026367 -19.4306678771973 -16.820499420166 -15.9835414886475 -17.1705837249756 -17.4792079925537 -17.941333770752 -17.6569175720215 -16.7404174804688 -18.4206657409668 -17.7356662750244 -18.2447509765625 -16.6188335418701 -16.2070827484131 -16.595666885376 -16.6469173431396 -16.7377510070801 -17.661792755127 -15.5354585647583 -16.8899993896484 -16.9838752746582 -16.5471668243408 -17.0864582061768 -18.0012092590332 -18.001708984375 -18.111457824707 -18.0256671905518 -17.3520412445068 -9999 -9999 -9999 -9999 -9999 -9999 -9999 -9999
-20.0797500610352 -18.7957077026367 -17.6394577026367 -4.828125 -17.5008754730225 -21.5123748779297 -15.9530830383301 -20.5057907104492 -21.5797080993652 -19.5340423583984 -17.7005424499512 -19.5640830993652 -19.4887084960938 -18.5663757324219 -19.3149166107178 -18.9925003051758 -18.5861663818359 -18.6644172668457 -19.5232925415039 -16.753791809082 -18.3883323669434 -19.8460006713867 -19.9057922363281 -19.2011241912842 -18.6631240844727 -20.1464157104492 -18.8904571533203 -17.0747089385986 -16.59987449646 -16.0872497558594 -16.9581661224365 -17.0152492523193 -16.8855838775635 -17.4188747406006 -16.7987499237061 -17.6277923583984 -17.1943340301514 -16.314790725708 -15.3080835342407 -15.4314584732056 -16.0891666412354 -15.7083749771118 -14.7702913284302 -16.8240833282471 -17.0995006561279 -16.6634159088135 -16.2289161682129 -15.8612499237061 -15.6568336486816 -16.9675407409668 -19.7779579162598 -17.3169593811035 -20.5750007629395 -9999 -9999 -9999 -9999 -9999 -9999 -9999
-2.25275015830994 -5.5739164352417 -7.7602915763855 -9.44725036621094 -8.09949970245361 -8.73195838928223 -15.9323329925537 -19.3744163513184 -20.1602077484131 -17.0721244812012 -18.0431671142578 -17.6830425262451 -18.1691246032715 -18.0736255645752 -21.8452091217041 -17.3189582824707 -19.6088752746582 -19.4934577941895 -18.3273334503174 -17.5599575042725 -16.5961246490479 -16.9981250762939 -19.9787502288818 -19.3112907409668 -17.60325050354 -17.4071655273438 -16.9219589233398 -18.4577922821045 -18.9952926635742 -17.7436676025391 -15.0918750762939 -15.8237495422363 -15.4632921218872 -15.9897918701172 -15.9414167404175 -15.5329999923706 -15.9969997406006 -16.5982494354248 -16.2785415649414 -15.1326246261597 -15.105583190918 -16.1234169006348 -16.6077499389648 -16.683500289917 -16.3156261444092 -15.6545829772949 -14.5112085342407 -14.4938745498657 -14.4146671295166 -14.4620418548584 -16.2572078704834 -17.4225425720215 -18.3342914581299 -9999 -9999 -9999 -9999 -9999 -9999 -9999
-3.22066688537598 -4.11658334732056 -0.110041536390781 -4.99645853042603 -18.4342079162598 -7.96608352661133 -9.04941654205322 -16.2345409393311 -18.8341255187988 -20.3615417480469 -19.1252918243408 -18.1310844421387 -18.3849582672119 -14.7427501678467 -16.8793754577637 -16.6482925415039 -19.2414588928223 -18.160041809082 -16.6755409240723 -15.2418746948242 -14.9292917251587 -13.1814584732056 -15.8638334274292 -16.6946659088135 -15.8196249008179 -15.5288333892822 -14.1867084503174 -14.9591245651245 -16.3267917633057 -18.3154163360596 -16.4021244049072 -14.7374582290649 -15.1175003051758 -15.1983337402344 -15.1088333129883 -15.3763332366943 -15.5420417785645 -15.5172920227051 -14.9169588088989 -15.1951665878296 -16.3456249237061 -16.7722072601318 -16.8204154968262 -15.9476251602173 -14.7256669998169 -14.4390001296997 -14.2985000610352 -14.9111251831055 -14.6152496337891 -14.3914165496826 -14.4643335342407 -15.3460836410522 -14.7383327484131 -14.6091251373291 -9999 -9999 -9999 -9999 -9999 -9999
