02 cropping and modelling/wc2.1_10m_bio_17.asc
NCOLS 368 
NROWS 210 
XLLCORNER 67.1666666666667 
YLLCORNER 3.5 
CELLSIZE 0.166666666666667 
NODATA_value -9999 
[rows 0 to 36 of 210, columns 0 to 84 of 368]
-9999.000000000000000 -9999 -9999 -9999 -9999 -9999 -9999 -9999 -9999 -9999 -9999 -9999 -9999 -9999 -9999 -9999 -9999 -9999 -9999 -9999 -9999 -9999 -9999 -9999 -9999 -9999 -9999 -9999 -9999 -9999 -9999 63 48 46 47 43 60 65 53 42 23 10 10 8 8 11 8 3 10 7 3 1 0 0 0 0 -9999 -9999 -9999 -9999 -9999 -9999 -9999 -9999 -9999 -9999 -9999 -9999 -9999 -9999 -9999 -9999 -9999 -9999 -9999 -9999 -9999 -9999 -9999 -9999 -9999 -9999 -9999 -9999 -9999
-9999 -9999 -9999 -9999 -9999 -9999 -9999 -9999 -9999 -9999 -9999 -9999 -9999 -9999 -9999 -9999 -9999 -9999 -9999 -9999 -9999 -9999 36 53 35 24 32 57 63 58 35 40 41 49 43 45 45 35 36 33 21 9 9 11 13 8 5 22 13 10 4 2 0 0 0 0 0 1 2 2 2 2 2 2 2 2 2 -9999 -9999 -9999 -9999 -9999 -9999 -9999 -9999 -9999 -9999 -9999 -9999 -9999 -9999 -9999 -9999 -9999 -9999
-9999 -9999 -9999 -9999 -9999 -9999 -9999 -9999 -9999 -9999 -9999 -9999 -9999 -9999 -9999 -9999 -9999 23 24 25 31 46 46 53 26 36 47 46 31 32 42 59 59 58 50 58 54 46 28 20 12 12 7 5 5 10 9 3 7 8 4 0 0 0 0 0 0 1 2 2 2 2 2 2 2 2 2 2 2 2 2 2 2 2 2 2 -9999 -9999 -9999 -9999 -9999 -9999 -9999 -9999 -9999
-9999 -9999 -9999 -9999 -9999 -9999 -9999 -9999 -9999 -9999 -9999 -9999 -9999 -9999 -9999 6 14 19 17 27 27 31 43 31 19 24 21 33 36 56 64 67 57 49 41 54 49 43 30 26 20 15 12 10 6 7 12 5 2 5 5 1 0 0 0 0 1 1 2 2 2 2 2 2 2 2 2 2 2 2 2 2 2 2 2 2 2 2 2 2 2 -9999 -9999 -9999 -9999
-9999 -9999 -9999 -9999 -9999 -9999 -9999 -9999 -9999 -9999 -9999 -9999 -9999 5 4 8 14 19 14 19 26 31 29 21 38 44 21 48 38 38 36 35 35 40 28 28 24 30 26 19 20 20 15 12 10 7 13 9 2 2 2 2 0 0 0 0 0 0 1 1 2 2 2 2 2 2 2 2 2 2 2 2 2 2 2 2 2 2 2 2 2 2 2 2 2
-9999 -9999 -9999 -9999 -9999 -9999 -9999 -9999 -9999 -9999 -9999 5 5 4 4 5 8 11 12 14 16 25 19 22 37 30 26 22 42 56 58 47 37 51 34 33 41 48 39 29 27 20 15 13 12 10 11 12 7 3 4 4 4 2 0 0 0 0 0 1 1 1 1 1 1 2 2 2 2 2 2 2 2 2 2 2 2 2 2 2 2 2 2 2 2
-9999 -9999 -9999 -9999 -9999 -9999 -9999 -9999 -9999 1 2 4 5 3 4 6 10 13 14 16 15 17 16 21 29 20 15 31 49 44 31 26 38 48 46 39 27 27 26 24 23 23 25 17 14 9 10 14 11 4 7 5 2 2 0 2 0 0 0 0 1 1 1 1 1 1 1 2 2 2 2 2 2 2 2 2 2 2 2 2 2 2 2 2 2
-9999 -9999 -9999 -9999 -9999 -9999 -9999 -9999 1 1 1 1 4 4 5 6 10 10 10 9 9 13 14 18 33 24 27 28 29 23 28 41 53 43 34 37 46 52 44 38 36 28 21 24 26 21 18 15 10 4 8 6 2 1 2 2 2 0 0 0 1 1 1 1 1 1 1 1 2 2 2 2 3 3 3 3 2 2 3 2 2 2 2 2 2
-9999 -9999 -9999 -9999 -9999 -9999 -9999 1 1 1 1 2 2 4 5 7 9 8 9 9 8 8 10 17 18 21 36 54 41 59 61 59 47 34 53 60 60 43 33 31 25 24 33 33 27 20 14 15 13 7 8 8 4 3 3 2 2 0 0 1 0 0 0 0 0 0 1 1 1 1 2 2 2 2 3 3 3 3 3 3 3 2 2 2 2
-9999 -9999 -9999 -9999 -9999 -9999 0 1 1 1 1 3 3 5 5 5 6 6 8 8 14 11 9 13 37 37 32 69 64 41 28 44 58 51 44 41 45 23 33 36 33 39 36 30 27 22 21 16 16 16 11 10 3 4 6 3 3 2 1 1 1 1 1 1 1 1 0 0 0 0 0 1 1 2 2 2 3 2 2 2 2 2 2 2 2
-9999 -9999 -9999 -9999 -9999 0 1 1 1 1 1 3 4 4 5 6 8 8 9 12 22 21 9 15 46 41 19 51 31 51 80 83 54 52 43 49 51 41 43 45 43 36 33 27 23 12 14 18 18 17 15 11 10 3 7 7 4 5 3 3 2 1 1 2 1 1 0 1 0 0 0 0 0 1 1 1 2 1 2 2 2 2 2 2 2
-9999 -9999 -9999 -9999 1 1 1 1 1 1 2 3 5 5 5 6 7 14 8 17 34 17 12 30 36 26 52 54 85 101 74 38 43 49 42 53 43 35 42 29 32 29 40 43 29 18 15 20 19 18 17 16 7 5 4 5 8 6 4 4 4 4 4 4 1 0 0 0 0 0 0 1 1 1 0 1 1 0 0 0 1 2 2 2 2
-9999 -9999 -9999 -9999 2 2 2 1 1 1 2 4 5 5 7 14 10 21 27 40 55 19 40 58 47 53 73 95 103 67 47 28 37 47 62 51 34 27 42 32 24 42 27 34 35 30 17 24 19 13 15 15 12 7 9 7 4 4 4 3 3 2 2 2 1 1 1 0 0 0 0 0 0 0 0 1 0 0 0 0 1 2 2 2 2
-9999 -9999 -9999 2 2 2 2 2 1 1 2 3 5 11 8 29 12 18 38 71 49 38 82 69 70 78 61 74 86 44 32 43 46 54 52 52 41 31 29 20 34 38 25 22 20 19 22 31 31 23 18 16 15 15 9 11 7 6 5 4 4 4 2 2 2 1 0 0 0 0 0 0 0 0 0 0 0 0 0 0 0 1 1 1 0
-9999 -9999 -9999 4 4 2 3 3 1 1 3 4 6 8 7 15 29 34 33 63 56 40 59 75 73 66 56 49 47 40 72 58 57 54 54 49 50 49 51 37 27 25 21 36 37 37 33 28 25 23 22 21 17 16 13 8 8 9 6 6 4 3 2 2 1 1 2 0 0 1 0 0 1 1 0 0 0 0 0 0 0 0 0 0 0
-9999 -9999 5 9 4 4 4 3 1 1 4 6 6 12 10 21 43 46 65 51 47 73 63 96 69 69 62 47 47 57 78 72 76 69 69 64 59 52 49 48 45 40 27 24 32 31 38 30 25 23 22 21 18 16 15 15 12 8 7 6 5 3 2 2 2 0 0 0 0 0 1 0 0 1 1 0 0 0 0 0 0 0 0 0 0
-9999 -9999 7 5 4 6 8 4 2 2 5 6 8 10 24 39 46 46 59 79 82 73 90 85 75 70 71 51 62 67 82 77 72 71 67 65 59 48 49 49 45 48 45 40 29 35 37 33 29 26 23 20 17 17 14 13 13 11 9 6 6 6 4 3 2 1 0 0 1 1 1 0 0 0 1 1 0 0 0 1 0 0 0 0 0
-9999 11 8 7 6 10 8 3 2 2 5 6 8 11 22 32 25 48 65 61 81 88 89 89 73 74 70 62 65 75 74 72 71 72 65 69 60 49 42 40 40 46 50 48 41 42 39 36 31 28 24 22 19 17 16 14 13 12 9 9 7 6 5 3 3 3 3 2 0 1 0 0 0 0 0 0 1 1 1 1 1 0 0 0 0
-9999 11 10 6 7 5 2 4 5 12 12 12 22 31 28 25 49 50 52 69 81 80 80 88 76 67 67 70 78 76 75 79 76 86 69 63 59 64 61 55 47 43 48 50 50 50 46 37 34 32 27 22 20 18 15 14 13 12 11 9 9 6 5 5 3 3 3 2 2 0 0 0 0 0 0 0 0 0 0 2 2 2 2 2 2
-9999 12 6 5 3 3 4 13 16 25 20 14 10 14 23 35 60 49 42 60 82 75 75 80 81 70 72 82 82 86 90 90 83 89 84 76 70 74 74 72 69 67 66 59 59 61 54 42 35 31 30 24 19 17 14 11 13 13 12 11 10 8 6 5 3 3 3 3 3 2 1 0 0 0 0 0 0 0 0 0 1 2 1 1 0
-9999 12 7 8 7 7 15 16 15 9 7 9 8 14 23 41 47 56 48 49 68 67 67 84 72 70 85 85 88 92 95 95 93 94 89 85 87 87 83 78 77 73 70 65 60 65 55 49 38 35 29 26 22 17 17 13 13 13 12 11 11 9 6 5 5 4 3 3 3 2 3 2 0 0 0 0 0 0 0 0 0 0 0 0 0
-9999 13 9 12 9 6 7 6 5 6 9 9 10 14 18 29 47 41 54 34 73 68 62 61 62 74 74 77 85 99 103 101 102 101 98 98 99 95 94 91 86 83 86 84 69 63 64 51 44 38 31 27 23 21 16 14 13 13 13 12 12 11 8 6 5 5 4 4 3 3 2 0 0 0 0 0 0 0 0 0 0 0 1 0 0
-9999 12 12 10 7 10 12 8 9 11 18 9 13 21 21 29 45 29 25 49 70 73 55 52 67 60 67 74 87 93 99 106 110 107 106 108 110 109 105 98 101 104 107 107 100 94 78 65 52 44 35 33 25 24 17 17 14 13 12 12 12 12 11 7 6 5 3 3 3 3 2 0 0 0 0 0 0 0 1 1 0 0 0 0 0
-9999 11 15 14 17 13 8 13 15 14 12 10 15 23 27 25 26 17 16 30 30 40 46 62 54 59 69 73 78 88 100 100 106 106 118 114 113 113 113 113 110 116 115 118 107 100 96 82 63 43 41 36 31 24 19 18 16 14 13 14 14 12 11 11 7 6 5 4 3 3 3 3 1 0 0 0 0 0 0 0 0 0 0 0 0
-9999 7 6 6 5 7 8 9 7 5 9 14 20 28 38 43 43 33 25 21 25 32 40 48 53 59 65 68 68 71 82 91 95 102 113 117 120 113 110 103 119 117 110 119 118 121 89 77 66 49 49 42 35 29 24 21 18 17 14 14 13 13 12 11 9 7 7 6 4 3 3 3 3 1 1 1 1 0 1 0 1 1 1 1 1
5 5 8 9 5 4 2 6 5 6 8 15 21 33 43 49 51 47 40 33 32 35 38 45 53 59 62 62 61 59 61 67 81 97 99 112 115 113 97 109 123 126 116 108 109 118 132 108 89 67 48 35 42 29 21 19 16 16 16 16 15 14 14 12 11 10 8 6 5 3 3 3 3 1 4 1 1 1 1 1 0 0 1 1 0
3 5 5 8 5 4 5 4 4 5 9 16 22 39 46 58 73 76 75 72 65 57 61 60 59 59 59 57 55 53 53 56 61 75 81 102 107 116 85 92 109 108 123 125 109 105 122 122 104 77 60 40 42 29 25 20 17 18 17 15 16 15 15 13 12 11 9 7 5 4 4 3 3 2 1 1 1 1 1 0 0 0 0 0 0
3 5 7 9 6 6 6 4 5 7 11 16 24 39 49 52 67 75 83 90 94 90 77 68 64 58 57 55 57 53 47 49 55 66 75 94 95 97 83 74 100 107 131 122 138 127 115 132 141 86 82 51 39 33 27 23 21 20 20 18 18 16 15 15 13 11 9 8 7 4 4 4 3 2 2 2 2 1 0 0 0 0 0 0 0
7 4 9 7 5 6 2 2 3 8 11 19 27 34 44 54 67 58 55 66 82 80 79 68 64 60 57 58 53 44 43 43 49 56 71 80 82 82 77 74 71 75 98 129 130 150 138 128 135 126 98 79 59 36 31 28 24 23 23 17 18 16 16 15 15 12 10 9 7 7 6 4 3 2 2 1 1 0 0 0 0 0 0 0 0
2 5 11 5 5 4 2 2 3 7 13 17 22 36 47 53 50 49 42 51 62 57 56 49 49 51 50 49 41 40 40 42 44 50 58 64 68 74 77 77 77 75 87 127 122 135 151 157 156 141 101 116 83 48 37 32 27 27 27 21 20 19 17 16 14 15 11 9 8 8 6 4 3 3 3 3 1 1 0 0 0 0 0 0 0
3 3 6 6 9 4 2 2 4 7 14 17 29 32 40 49 43 37 40 36 35 37 41 41 41 42 43 39 37 35 37 38 41 45 48 53 59 64 68 75 78 78 82 99 133 133 140 145 161 126 146 131 115 72 60 47 31 29 29 22 23 20 19 16 16 14 13 12 10 8 6 6 4 3 3 3 1 0 0 0 0 0 0 0 0
-9999 2 2 3 1 0 2 2 5 11 14 21 33 32 38 45 43 43 37 31 29 33 32 34 36 37 36 35 35 33 33 34 35 36 42 47 51 54 60 65 76 78 79 83 102 115 140 143 151 156 142 140 109 89 81 48 37 32 29 28 25 24 21 19 17 16 14 13 13 10 9 6 6 4 4 3 2 0 0 0 0 0 0 0 0
-9999 -9999 2 0 0 1 2 3 7 12 16 24 29 33 37 43 44 40 32 25 24 25 24 28 34 37 34 30 29 29 29 30 31 32 36 40 45 49 51 55 62 72 73 74 82 90 113 138 152 151 147 147 142 92 77 80 46 37 33 30 28 25 24 21 19 16 16 14 13 14 10 9 7 4 4 3 3 2 0 0 0 0 0 0 1
-9999 -9999 -9999 0 0 2 3 5 8 14 18 23 24 27 31 35 39 33 28 22 20 20 22 26 25 25 25 27 27 28 28 29 30 31 33 35 38 41 44 47 51 55 61 64 70 78 91 104 132 156 138 136 130 123 109 86 58 43 39 34 30 29 28 24 21 20 20 17 15 13 14 9 10 6 5 3 3 3 3 2 1 0 2 2 2
-9999 -9999 -9999 0 1 2 3 6 11 17 20 23 23 29 33 41 43 39 31 22 19 19 20 21 20 20 22 25 25 27 28 30 33 33 34 36 34 35 38 41 44 46 49 54 59 66 77 90 111 137 151 147 149 144 128 88 74 59 43 41 39 32 29 28 26 24 21 20 20 15 16 12 9 8 6 4 3 3 3 3 3 3 3 3 3
-9999 -9999 -9999 -9999 2 3 5 8 12 14 16 20 23 30 36 37 37 36 35 22 18 18 18 18 19 18 19 21 27 30 31 28 25 23 24 24 27 29 32 35 36 39 42 45 50 54 62 72 87 103 119 132 137 143 134 97 69 61 64 55 47 37 34 31 29 26 24 22 23 17 16 14 10 8 9 7 5 3 3 2 3 3 3 3 3
-9999 -9999 -9999 -9999 -9999 5 8 10 13 15 15 18 23 26 28 31 28 24 23 18 17 17 18 19 18 16 17 18 19 25 23 22 22 21 21 23 24 26 28 29 31 33 36 39 42 44 49 56 66 79 97 111 124 142 126 125 106 71 68 67 61 43 42 38 40 31 26 26 27 24 19 15 15 12 9 11 8 7 5 4 3 3 5 5 3
