02 cropping and modelling/wc2.1_10m_bio_10.asc
NCOLS 368 
NROWS 210 
XLLCORNER 67.1666666666667 
YLLCORNER 3.5 
CELLSIZE 0.166666666666667 
NODATA_value -9999 
[rows 0 to 26 of 210, columns 60 to 119 of 368]
-9999 -9999 -9999 -9999 -9999 -9999 -9999 -9999 -9999 -9999 -9999 -9999 -9999 -9999 -9999 -9999 -9999 -9999 -9999 -9999 -9999 -9999 -9999 -9999 -9999 -9999 -9999 -9999 -9999 -9999 -9999 -9999 -9999 -9999 -9999 -9999 -9999 -9999 -9999 -9999 -9999 -9999 -9999 -9999 -9999 -9999 -9999 -9999 -9999 -9999 -9999 -9999 -9999 -9999 -9999 -9999 -9999 -9999 -9999 -9999
24.8304576873779 25.1149578094482 26.2258338928223 26.5769996643066 26.6004180908203 26.5167083740234 26.3817920684814 -9999 -9999 -9999 -9999 -9999 -9999 -9999 -9999 -9999 -9999 -9999 -9999 -9999 -9999 -9999 -9999 -9999 -9999 -9999 -9999 -9999 -9999 -9999 -9999 -9999 -9999 -9999 -9999 -9999 -9999 -9999 -9999 -9999 -9999 -9999 -9999 -9999 -9999 -9999 -9999 -9999 -9999 -9999 -9999 -9999 -9999 -9999 -9999 -9999 -9999 -9999 -9999 -9999
24.9120006561279 25.013500213623 26.0717506408691 26.5393333435059 26.5653343200684 26.4774589538574 26.316291809082 26.1874160766602 26.1437492370605 26.2561664581299 26.2627086639404 26.2684574127197 26.2292919158936 26.19704246521 26.164249420166 26.1176662445068 -9999 -9999 -9999 -9999 -9999 -9999 -9999 -9999 -9999 -9999 -9999 -9999 -9999 -9999 -9999 -9999 -9999 -9999 -9999 -9999 -9999 -9999 -9999 -9999 -9999 -9999 -9999 -9999 -9999 -9999 -9999 -9999 -9999 -9999 -9999 -9999 -9999 -9999 -9999 -9999 -9999 -9999 -9999 -9999
25.0088348388672 24.5707092285156 25.3803749084473 26.2990837097168 26.3959579467773 26.3686656951904 26.2306671142578 26.1416244506836 26.1197090148926 26.1867904663086 26.2318344116211 26.2792091369629 26.2718334197998 26.2054176330566 26.1461658477783 26.1277923583984 26.103832244873 26.1144599914551 26.0870838165283 25.9062080383301 26.1439590454102 -9999 -9999 -9999 -9999 -9999 -9999 -9999 -9999 -9999 -9999 -9999 -9999 -9999 -9999 -9999 -9999 -9999 -9999 -9999 -9999 -9999 -9999 -9999 -9999 -9999 -9999 -9999 -9999 -9999 -9999 -9999 -9999 -9999 -9999 -9999 -9999 -9999 -9999 -9999
24.3985824584961 24.6372489929199 25.1575412750244 25.6480827331543 25.9555416107178 26.0809574127197 25.9327507019043 25.9249992370605 26.101583480835 26.1477088928223 26.195499420166 26.2724571228027 26.314416885376 26.2240009307861 26.1358757019043 26.1229591369629 26.0950832366943 25.9720840454102 25.8536243438721 25.6815414428711 26.1610412597656 26.1568756103516 26.138334274292 26.0989990234375 26.1178741455078 -9999 -9999 -9999 -9999 -9999 -9999 -9999 -9999 -9999 -9999 -9999 -9999 -9999 -9999 -9999 -9999 -9999 -9999 -9999 -9999 -9999 -9999 -9999 -9999 -9999 -9999 -9999 -9999 -9999 -9999 -9999 -9999 -9999 -9999 -9999
23.8929595947266 23.8472919464111 23.8261241912842 23.9522075653076 24.2082901000977 24.9173336029053 25.258415222168 25.595832824707 25.867166519165 26.0722923278809 26.1303749084473 26.2874183654785 26.370418548584 26.2514591217041 25.9131660461426 26.0309162139893 25.859375 25.609375 25.5391254425049 26.0142078399658 26.1299991607666 26.0920009613037 26.0373344421387 25.980541229248 25.9621238708496 25.9565010070801 25.9322509765625 25.8484573364258 -9999 -9999 -9999 -9999 -9999 -9999 -9999 -9999 -9999 -9999 -9999 -9999 -9999 -9999 -9999 -9999 -9999 -9999 -9999 -9999 -9999 -9999 -9999 -9999 -9999 -9999 -9999 -9999 -9999 -9999 -9999 -9999
21.597957611084 22.1723327636719 22.9714164733887 22.9865417480469 22.9512500762939 23.6057910919189 24.314624786377 25.1646251678467 25.1563758850098 25.6001663208008 25.9719161987305 26.122709274292 26.1854591369629 25.8698749542236 25.0618743896484 25.236291885376 25.5877075195312 25.7949161529541 26.1009578704834 26.0917911529541 26.0984992980957 26.0192909240723 25.9252490997314 25.8895835876465 25.8446254730225 25.7991256713867 25.7313327789307 25.5981674194336 25.513916015625 25.4760837554932 25.4346675872803 -9999 -9999 -9999 -9999 -9999 -9999 -9999 -9999 -9999 -9999 -9999 -9999 -9999 -9999 -9999 -9999 -9999 -9999 -9999 -9999 -9999 -9999 -9999 -9999 -9999 -9999 -9999 -9999 -9999
18.9962921142578 19.0645408630371 19.6599159240723 19.5300006866455 20.9552917480469 22.1830425262451 22.0471248626709 22.8216247558594 24.0087909698486 24.9801254272461 25.228874206543 25.3126239776611 25.4973335266113 25.8019161224365 24.7621250152588 24.5170822143555 25.3598327636719 25.9217090606689 25.8167495727539 25.9370822906494 25.9638748168945 25.9529991149902 25.823709487915 25.7797927856445 25.775541305542 25.7551250457764 25.6367073059082 25.484167098999 25.3956661224365 25.3439998626709 25.3448333740234 25.3200836181641 25.4320411682129 -9999 -9999 -9999 -9999 -9999 -9999 -9999 -9999 -9999 -9999 -9999 -9999 -9999 -9999 -9999 -9999 -9999 -9999 -9999 -9999 -9999 -9999 -9999 -9999 -9999 -9999 -9999
13.9840412139893 16.0378341674805 14.1227083206177 15.1068334579468 16.0837078094482 17.2625427246094 18.1945838928223 19.4131240844727 20.990083694458 21.2470417022705 22.4489994049072 22.2720832824707 22.4395408630371 23.9877910614014 24.705041885376 24.3949165344238 24.4604167938232 24.5364170074463 25.0027084350586 25.5785007476807 25.773458480835 25.4098739624023 25.1713752746582 25.0505828857422 25.1642093658447 25.4087505340576 25.2929592132568 25.3694171905518 25.3085842132568 25.2138328552246 25.1850833892822 25.1742496490479 25.0614585876465 24.6338329315186 24.9029159545898 -9999 -9999 -9999 -9999 -9999 -9999 -9999 -9999 -9999 -9999 -9999 -9999 -9999 -9999 -9999 -9999 -9999 -9999 -9999 -9999 -9999 -9999 -9999 -9999 -9999
9.42441654205322 12.7801246643066 11.3788747787476 10.475625038147 11.3709583282471 8.81816673278809 14.0389585494995 14.5069169998169 15.4555835723877 16.7021675109863 17.7486667633057 19.3977909088135 20.1772499084473 22.173999786377 23.0280838012695 23.2135410308838 23.8301677703857 23.628791809082 24.3405838012695 24.9634170532227 25.0592918395996 24.7559585571289 24.8624572753906 24.8921661376953 24.8027496337891 24.5834159851074 24.3260841369629 24.9977493286133 24.9939155578613 24.9337501525879 24.5626659393311 24.2741241455078 23.7193756103516 23.5412921905518 23.4645824432373 22.9437503814697 22.1817493438721 -9999 -9999 -9999 -9999 -9999 -9999 -9999 -9999 -9999 -9999 -9999 -9999 -9999 -9999 -9999 -9999 -9999 -9999 -9999 -9999 -9999 -9999 -9999
8.08100032806396 8.49695873260498 7.95970821380615 3.77929186820984 5.62674999237061 6.13754177093506 9.14762496948242 4.86483335494995 9.11037540435791 11.7433748245239 13.6126251220703 15.7092924118042 17.6099166870117 19.2285823822021 18.8332500457764 19.2899169921875 21.2762508392334 19.994291305542 20.7454166412354 22.2792091369629 22.8627490997314 23.2806663513184 24.1688327789307 24.6163330078125 24.69362449646 24.5752086639404 24.1146659851074 24.6140422821045 24.0651245117188 23.4855003356934 22.6077919006348 21.9512500762939 21.3750839233398 21.1672496795654 20.7568340301514 20.1637496948242 19.374584197998 17.7565002441406 -9999 -9999 -9999 -9999 -9999 -9999 -9999 -9999 -9999 -9999 -9999 -9999 -9999 -9999 -9999 -9999 -9999 -9999 -9999 -9999 -9999 -9999
3.0530834197998 1.43208336830139 1.32129168510437 2.5605833530426 5.17295837402344 7.239333152771 8.59016609191895 8.3256664276123 11.860541343689 13.3484172821045 15.3903751373291 18.2371673583984 17.5766258239746 17.8490009307861 17.3490829467773 18.3481254577637 19.464542388916 13.5622081756592 10.5084171295166 13.6056661605835 19.4794158935547 22.0951671600342 23.3516654968262 23.7825412750244 23.7612495422363 23.431583404541 23.3202495574951 22.9875411987305 21.7174587249756 20.3678741455078 18.2215003967285 15.2466669082642 14.5054588317871 15.8012924194336 14.5970420837402 13.5137920379639 12.2518339157104 9.87941646575928 10.1959581375122 9.20370769500732 -9999 -9999 -9999 -9999 -9999 -9999 -9999 -9999 -9999 -9999 -9999 -9999 -9999 -9999 -9999 -9999 -9999 -9999 -9999 -9999
5.92558336257935 5.8013334274292 2.9916250705719 4.9665412902832 7.73000001907349 6.35595846176147 3.47924995422363 7.49095821380615 7.66091680526733 4.07550001144409 9.60025024414062 13.7650833129883 12.7564582824707 9.45254135131836 12.7701244354248 16.1664581298828 17.0955410003662 16.5697917938232 12.2572078704834 13.9806251525879 19.1707077026367 20.1842918395996 21.7975826263428 22.3036251068115 22.132833480835 21.4749164581299 19.7507076263428 19.6610412597656 17.3722076416016 12.5190000534058 7.93283319473267 7.3222918510437 4.87020826339722 8.59183311462402 6.90183353424072 4.57808351516724 4.87216663360596 5.43933343887329 4.13229179382324 4.72633361816406 4.20229148864746 -9999 -9999 -9999 -9999 -9999 -9999 -9999 -9999 -9999 -9999 -9999 -9999 -9999 -9999 -9999 -9999 -9999 -9999 -9999
2.85374999046326 3.13508343696594 5.83866691589355 4.03020858764648 3.66995811462402 4.39166641235352 7.14729166030884 6.68629169464111 6.44404172897339 5.41416645050049 5.77833318710327 4.03920841217041 4.71533346176147 5.95429182052612 10.7201251983643 14.6794166564941 14.8214998245239 12.997124671936 12.6595001220703 15.2845420837402 15.8691673278809 17.7463760375977 18.1083335876465 18.6711673736572 17.5952491760254 16.8776245117188 16.1157913208008 13.9499168395996 9.03337478637695 2.9657084941864 4.74104166030884 2.96183323860168 3.17345833778381 4.98899984359741 3.59187483787537 4.12341690063477 4.3962082862854 4.29804134368896 4.27270841598511 4.25329160690308 4.27383327484131 4.6158332824707 -9999 -9999 -9999 -9999 -9999 -9999 -9999 -9999 -9999 -9999 -9999 -9999 -9999 -9999 -9999 -9999 -9999 -9999
3.06879162788391 3.29095840454102 5.43054151535034 5.75662517547607 5.71745824813843 3.69391679763794 1.885125041008 3.09054183959961 3.93758344650269 3.9137499332428 4.29654169082642 6.36604166030884 1.09466648101807 -1.08820831775665 1.44041645526886 6.86466646194458 9.99100017547607 4.63016653060913 5.21237516403198 10.167875289917 10.0379581451416 12.346583366394 13.7701663970947 11.7682495117188 11.2723751068115 10.2541246414185 6.75166654586792 7.17562484741211 7.33991670608521 6.43499994277954 4.38129186630249 6.84745836257935 6.76933336257935 6.33524990081787 5.21733331680298 5.04929161071777 4.17279148101807 2.87845849990845 3.08958339691162 3.49712467193604 3.35279154777527 3.93175005912781 4.31195831298828 -9999 -9999 -9999 -9999 -9999 -9999 -9999 -9999 -9999 -9999 -9999 -9999 -9999 -9999 -9999 -9999 -9999
0.429500102996826 3.58533334732056 5.48404169082642 3.45316648483276 3.85562491416931 6.8493332862854 5.85345840454102 4.47150039672852 5.99737501144409 4.12849998474121 3.29295825958252 4.67845821380615 5.82016658782959 1.65395832061768 0.710000157356262 2.49966669082642 2.80750012397766 7.88041687011719 6.14412498474121 4.20208311080933 5.81358337402344 4.30033349990845 3.87800002098083 2.64958333969116 2.86508321762085 4.49941682815552 2.56012487411499 4.66370820999146 4.35716676712036 6.6977915763855 7.02124977111816 5.71458339691162 3.92895817756653 3.5128333568573 4.21791648864746 3.52004170417786 3.58945822715759 3.63762497901917 4.33495855331421 4.11249971389771 3.92962503433228 4.20866680145264 4.59899997711182 4.270583152771 -9999 -9999 -9999 -9999 -9999 -9999 -9999 -9999 -9999 -9999 -9999 -9999 -9999 -9999 -9999 -9999
-0.144958332180977 -1.6360832452774 1.94808328151703 3.80783319473267 3.86512494087219 4.20695829391479 3.34395837783813 3.34229159355164 2.67674994468689 1.36937499046326 3.38012504577637 3.84491682052612 2.99504160881042 5.19045829772949 0.84229177236557 0.163583278656006 1.55012512207031 3.03904175758362 1.70333349704742 -1.60791671276093 2.761958360672 4.85695838928223 5.526291847229 2.43591666221619 2.18454170227051 5.63341665267944 6.39083337783813 5.81029176712036 4.37708330154419 4.5801248550415 4.36258316040039 0.902249872684479 2.78945827484131 2.6174168586731 3.02691674232483 3.43887495994568 4.60329151153564 5.38237524032593 5.44929170608521 5.05858325958252 5.56379175186157 6.04195833206177 5.5354585647583 5.24733304977417 4.82533311843872 -9999 -9999 -9999 -9999 -9999 -9999 -9999 -9999 -9999 -9999 -9999 -9999 -9999 -9999 -9999
-0.30612501502037 -0.65149986743927 2.31991672515869 3.0167498588562 1.76449990272522 1.24966669082642 2.1727499961853 3.65020823478699 4.63670825958252 2.25616669654846 3.41799998283386 4.68554162979126 6.29620838165283 6.79975032806396 5.85104179382324 2.6877498626709 -0.108791626989841 0.433333367109299 0.445333272218704 0.607083380222321 -0.222375079989433 1.38949978351593 2.4400417804718 2.5892915725708 3.09083318710327 3.65408325195312 2.675541639328 2.04837489128113 2.21808314323425 3.92433333396912 -1.12616670131683 0.96379166841507 2.96029162406921 3.34320831298828 3.52991676330566 4.24895858764648 4.18587493896484 5.25770807266235 5.73220825195312 5.95483350753784 6.02199983596802 5.81429147720337 5.62104177474976 6.12283325195312 5.83974981307983 5.27300024032593 -9999 -9999 -9999 -9999 -9999 -9999 -9999 -9999 -9999 -9999 -9999 -9999 -9999 -9999
-1.39916670322418 -1.8905416727066 1.73387491703033 2.70291662216187 3.40479159355164 3.34608340263367 3.62824988365173 2.86016654968262 2.66112494468689 4.99412488937378 5.57975006103516 5.56291675567627 5.6665415763855 6.34149980545044 7.07870817184448 5.87783336639404 4.92662477493286 3.33775019645691 3.44466662406921 -0.799374997615814 -3.39750003814697 -3.10987496376038 -3.60254168510437 -4.32604169845581 -3.19449996948242 -1.14233326911926 -1.07041656970978 1.72812497615814 1.64287507534027 0.175708293914795 1.99162495136261 3.79816675186157 4.54749965667725 5.04008340835571 4.26037502288818 4.63895845413208 5.28083324432373 5.72137498855591 5.948166847229 5.92262506484985 5.59204149246216 5.72708320617676 5.87725019454956 6.34595823287964 6.36666679382324 5.92304182052612 5.92362499237061 -9999 -9999 -9999 -9999 -9999 -9999 -9999 -9999 -9999 -9999 -9999 -9999 -9999
5.83549976348877 -0.0779999122023582 -0.669958412647247 3.66537499427795 2.51558327674866 3.45187520980835 2.20433330535889 1.6342499256134 1.3683750629425 2.68533325195312 2.89908313751221 3.14612507820129 4.44112491607666 5.76404190063477 6.94095849990845 6.9835000038147 6.72379207611084 5.96883344650269 5.16974973678589 4.25208330154419 1.89929163455963 -1.66474997997284 -1.49329173564911 -1.00166666507721 1.50420832633972 -0.279125094413757 1.37054169178009 0.600875079631805 -0.0295416507869959 2.31654167175293 2.32745838165283 2.05829167366028 4.52524995803833 5.52487468719482 5.8687915802002 5.80537509918213 5.82000017166138 5.49695825576782 5.31466674804688 5.86249971389771 6.04991674423218 6.1955418586731 6.30141687393188 6.32670831680298 6.21604156494141 5.99958324432373 5.88749980926514 5.52624988555908 -9999 -9999 -9999 -9999 -9999 -9999 -9999 -9999 -9999 -9999 -9999 -9999
6.41704177856445 3.08033323287964 0.114666663110256 2.48741674423218 2.73445820808411 2.95587491989136 2.47558331489563 2.33041667938232 2.05787491798401 3.61087512969971 1.24995827674866 3.00683331489563 4.55320835113525 4.81479167938232 6.1169581413269 5.72220802307129 6.62737512588501 7.04966688156128 6.82616662979126 6.44458341598511 5.59200000762939 4.39816665649414 2.67316675186157 4.33837509155273 4.37225008010864 3.26641654968262 4.29250001907349 4.54075002670288 4.80591678619385 3.55383324623108 3.39137506484985 3.21216678619385 4.86704158782959 5.3111252784729 5.29658317565918 5.30787515640259 5.53604173660278 4.92024993896484 4.82329177856445 4.67362499237061 4.58129167556763 5.28908348083496 5.89516687393188 5.91400003433228 5.79045820236206 5.71579170227051 5.61883354187012 5.72629165649414 5.64983320236206 -9999 -9999 -9999 -9999 -9999 -9999 -9999 -9999 -9999 -9999 -9999
3.48829174041748 8.42779159545898 3.49716663360596 -0.547375082969666 1.80183339118958 5.28550004959106 0.676833212375641 0.200958296656609 2.04570841789246 2.79187512397766 2.78804159164429 4.0306248664856 4.60787487030029 4.63237476348877 4.87862491607666 5.83400011062622 5.61366653442383 5.32116651535034 5.63408327102661 5.30137491226196 5.71158313751221 5.28141689300537 3.34049987792969 3.55358338356018 4.25274991989136 5.73541641235352 6.01745843887329 5.29604196548462 5.29754161834717 4.63800001144409 4.45141696929932 3.71579170227051 4.31758308410645 4.70745849609375 5.47874975204468 5.19154167175293 4.35899972915649 4.24900007247925 4.58050012588501 4.79570817947388 5.11508321762085 5.16979169845581 4.51841688156128 5.14837503433228 4.71420812606812 5.03375005722046 5.15233325958252 4.55795812606812 4.21195840835571 4.60891675949097 -9999 -9999 -9999 -9999 -9999 -9999 -9999 -9999 -9999 -9999
10.0027503967285 7.24520826339722 9.93908309936523 0.00470836972817779 0.449125081300735 4.5870418548584 5.01929140090942 3.45433330535889 3.12899994850159 3.12983345985413 3.56362509727478 4.10125017166138 4.6325831413269 4.98370838165283 4.85754156112671 4.22195816040039 3.32333326339722 4.02412509918213 3.41808342933655 3.3490834236145 3.76020836830139 4.67875003814697 3.80487489700317 4.62129163742065 5.38812494277954 4.9935417175293 4.78591632843018 4.93050003051758 5.03633308410645 4.81816673278809 2.11908340454102 0.872708380222321 4.25799989700317 4.73766660690308 4.82649993896484 4.36450004577637 4.6459584236145 5.44654178619385 5.75616645812988 6.01279163360596 6.20825004577637 4.25945806503296 3.84204149246216 3.85991668701172 3.74116659164429 4.90925025939941 4.27954149246216 4.35279178619385 4.41079187393188 4.0147500038147 4.05912494659424 -9999 -9999 -9999 -9999 -9999 -9999 -9999 -9999 -9999
5.7267918586731 10.7777080535889 13.9814586639404 5.24920845031738 -0.349458336830139 1.0845000743866 4.44366693496704 0.597500026226044 2.88479161262512 2.88041663169861 2.32879161834717 2.16750001907349 3.4430832862854 3.67962503433228 3.55266666412354 3.79354166984558 4.22841644287109 4.9937915802002 5.1180419921875 5.36462497711182 4.78141689300537 3.67537498474121 4.14566659927368 4.4765830039978 4.16466665267944 2.06200003623962 4.11737489700317 5.18412494659424 4.49045848846436 4.29391670227051 3.60949993133545 3.74025011062622 4.85833358764648 2.98483347892761 3.64770841598511 2.96799993515015 4.8080415725708 5.51395845413208 5.10679149627686 5.01041698455811 5.31850004196167 3.85945844650269 6.45912504196167 4.98362493515015 4.83566665649414 5.49258327484131 4.84554147720337 3.28479170799255 3.2765417098999 3.01033329963684 2.99179172515869 3.51041650772095 -9999 -9999 -9999 -9999 -9999 -9999 -9999 -9999
3.09066653251648 4.28566694259644 5.09775018692017 11.0815000534058 4.58129167556763 1.16395843029022 6.45862483978271 1.90729176998138 1.43204152584076 3.34679174423218 4.96187496185303 3.00699996948242 3.02170848846436 3.03954172134399 2.01125001907349 2.96783351898193 3.18145823478699 3.13483333587646 2.09962487220764 4.90870809555054 3.52795815467834 2.06183338165283 1.56204164028168 2.28458309173584 3.08470821380615 1.80920827388763 2.16899991035461 4.14929151535034 4.71162509918213 5.26716661453247 4.5535831451416 4.73016691207886 4.77899980545044 3.97758316993713 4.74458360671997 3.66245818138123 4.11087465286255 5.09654140472412 6.66900014877319 6.74362468719482 6.0232081413269 6.25162506103516 7.43937492370605 4.49749994277954 4.3448748588562 4.90183353424072 5.44695806503296 5.24495840072632 5.87541627883911 4.17095851898193 1.50862491130829 3.6387083530426 0.438708335161209 -9999 -9999 -9999 -9999 -9999 -9999 -9999
13.6930828094482 10.0749588012695 7.84770822525024 6.65183353424072 8.02425003051758 7.24670839309692 5.96274995803833 3.45595836639404 2.64629173278809 5.39579153060913 4.22645854949951 4.8395414352417 4.41858339309692 3.78145837783813 -0.0686249732971191 4.83554172515869 1.56833326816559 1.69429171085358 3.50608325004578 4.7437915802002 5.12691688537598 4.49683332443237 0.961708307266235 1.79350018501282 3.92133331298828 4.18441677093506 4.76845836639404 3.18724989891052 2.72404170036316 3.55649995803833 6.11899995803833 5.59625005722046 6.23945808410645 5.70166635513306 5.84737491607666 6.10129165649414 5.7519998550415 4.95770835876465 5.02933359146118 6.52150011062622 6.9314169883728 5.62383317947388 4.77495861053467 4.24095821380615 5.10595846176147 6.01599979400635 6.76341676712036 6.81795835494995 6.90216636657715 6.82000017166138 4.89562511444092 3.74779176712036 2.57833337783813 -9999 -9999 -9999 -9999 -9999 -9999 -9999
12.2707500457764 11.5582494735718 15.4225416183472 10.543083190918 4.28579187393188 8.17195892333984 7.14912509918213 6.23466682434082 3.94149994850159 2.0443332195282 3.10841655731201 4.24495840072632 4.23233318328857 2.05949997901917 4.88441705703735 5.40008354187012 1.65133333206177 3.85679173469543 5.20108318328857 6.33041667938232 7.0207085609436 8.59408283233643 5.38162469863892 4.76745843887329 5.91745853424072 6.07608318328857 7.10070848464966 6.78779172897339 5.46529150009155 2.82750010490417 4.29583311080933 6.44145822525024 6.41029167175293 6.52375030517578 6.72795820236206 6.34670829772949 6.13641691207886 6.1504168510437 6.91429138183594 6.38308334350586 5.06912517547607 4.18133354187012 4.03612518310547 4.92812490463257 6.54645824432373 6.95666646957397 6.8903751373291 6.44333362579346 6.46204137802124 6.62225008010864 6.66750001907349 5.74383306503296 6.26595830917358 6.43112516403198 -9999 -9999 -9999 -9999 -9999 -9999
