02 cropping and modelling/wc2.1_10m_bio_10.asc
NCOLS 368 
NROWS 210 
XLLCORNER 67.1666666666667 
YLLCORNER 3.5 
CELLSIZE 0.166666666666667 
NODATA_value -9999 
[rows 81 to 107 of 210, columns 60 to 119 of 368]
-9999 -9999 -9999 -9999 -9999 -9999 33.2571678161621 33.2702941894531 33.298957824707 33.266040802002 33.2443733215332 33.4067497253418 33.2987937927246 33.0972900390625 32.8705825805664 33.1734161376953 33.435417175293 33.6773338317871 33.5306243896484 32.9630012512207 32.5707511901855 32.4029159545898 32.3150825500488 32.2948760986328 32.6220436096191 33.2045440673828 32.8203735351562 32.6901245117188 33.2840843200684 33.0474586486816 32.9425811767578 32.745792388916 32.4721260070801 32.4358329772949 32.3654594421387 32.3079147338867 32.2559585571289 32.3557510375977 32.5658340454102 32.956958770752 33.017707824707 32.8638343811035 32.9279594421387 32.877124786377 32.7466659545898 32.5865821838379 32.3907928466797 32.2547492980957 32.2343330383301 32.0432510375977 32.0328330993652 32.0719146728516 31.8367080688477 31.6315841674805 31.8693332672119 31.630500793457 31.4419574737549 31.1360836029053 31.041332244873 30.8553333282471
-9999 -9999 -9999 -9999 -9999 -9999 -9999 -9999 33.2038345336914 33.1195411682129 33.0575828552246 33.0137100219727 33.1802520751953 32.9855003356934 32.7883758544922 33.0914154052734 33.1772079467773 32.818790435791 32.3193359375 32.4027099609375 32.4509582519531 32.5887107849121 32.6514167785645 32.620418548584 32.6498336791992 32.4823341369629 32.3140830993652 32.1866226196289 32.0699996948242 31.9593753814697 32.5072937011719 32.7454147338867 32.4719581604004 32.1714172363281 31.9712505340576 31.9146671295166 31.8777084350586 31.7734985351562 31.4701251983643 31.6554584503174 31.6316661834717 32.8017082214355 32.984375 32.9310417175293 32.8017082214355 32.6449584960938 32.4380416870117 32.3562507629395 32.2782516479492 32.1712074279785 31.8817501068115 31.5237503051758 31.2695827484131 31.3259582519531 31.8717918395996 31.4519577026367 31.1285839080811 31.070125579834 31.054500579834 30.8285827636719
-9999 -9999 -9999 -9999 -9999 -9999 -9999 -9999 -9999 32.9984169006348 32.9228744506836 33.0498352050781 33.0025825500488 32.6253318786621 32.5547485351562 32.7342071533203 32.4846267700195 32.3695831298828 32.6749572753906 32.686164855957 32.6932487487793 32.7405853271484 32.8290405273438 32.7182083129883 32.6018333435059 32.4620819091797 32.3370819091797 32.180248260498 32.1804580688477 32.3785018920898 32.6202507019043 32.6247940063477 32.5067520141602 32.6495819091797 32.4994583129883 32.0243759155273 31.572416305542 31.518123626709 31.4195823669434 31.6005001068115 32.3981666564941 32.8219146728516 32.8057518005371 32.5587501525879 32.3308753967285 32.5745429992676 32.4648742675781 32.3691673278809 32.1256675720215 31.6736259460449 31.2211246490479 31.1052494049072 31.4545421600342 31.001916885376 31.1141662597656 30.9917087554932 30.9300003051758 30.9689159393311 30.8351669311523 30.5900421142578
-9999 -9999 -9999 -9999 -9999 -9999 -9999 -9999 -9999 -9999 -9999 32.7928733825684 32.6586227416992 32.3219566345215 32.3429985046387 32.478084564209 32.9585838317871 32.9737091064453 32.849666595459 32.6157913208008 31.9985847473145 32.3539161682129 32.6557922363281 32.6411666870117 32.5162506103516 32.4080810546875 32.5877494812012 32.7107086181641 32.6033325195312 32.5439147949219 32.6020851135254 32.0535430908203 32.1020011901855 32.4036674499512 32.593334197998 32.5714569091797 32.5688323974609 32.5540008544922 32.4645004272461 32.7800827026367 32.5165824890137 32.3946228027344 32.4054985046387 32.244457244873 32.3926239013672 32.3633766174316 32.1174583435059 31.8255825042725 31.2635841369629 31.0141658782959 31.0501670837402 30.9817924499512 30.9415416717529 30.8552913665771 30.7915420532227 30.9427490234375 31.0815010070801 30.9276237487793 30.6942920684814 30.734167098999
-9999 -9999 -9999 -9999 -9999 -9999 -9999 -9999 -9999 -9999 -9999 -9999 32.3413352966309 32.345832824707 32.8021240234375 33.0537910461426 32.9777488708496 32.8261680603027 32.742790222168 32.3224182128906 31.7676239013672 32.4461250305176 32.5137100219727 32.3618316650391 32.1559600830078 32.6424179077148 32.4038314819336 32.1172485351562 32.1830406188965 32.204460144043 32.1494979858398 31.8935413360596 31.8313751220703 32.0931663513184 31.9735412597656 32.1050415039062 32.3717498779297 32.2075843811035 32.3304595947266 32.5921669006348 32.5869178771973 32.1756248474121 31.8778343200684 31.730375289917 31.7161674499512 31.6466674804688 31.1669578552246 31.0062923431396 30.9346256256104 30.8990001678467 31.1210422515869 31.2901248931885 31.3130836486816 31.2533340454102 31.0478744506836 30.9762916564941 31.1652507781982 31.1135005950928 30.7670421600342 30.8082504272461
-9999 -9999 -9999 -9999 -9999 -9999 -9999 -9999 -9999 -9999 -9999 -9999 -9999 -9999 33.0580825805664 33.0089988708496 32.4684143066406 32.6590843200684 32.6821250915527 32.6505432128906 32.2265396118164 32.545166015625 32.562126159668 32.3766250610352 32.0775413513184 32.4844169616699 32.2459564208984 31.9009170532227 32.2729187011719 32.0641670227051 31.8573341369629 31.8360004425049 32.2759590148926 31.6651668548584 31.6880836486816 31.9373741149902 32.3089179992676 32.0175819396973 31.9252910614014 32.1810417175293 32.4152908325195 32.3291244506836 32.2115020751953 31.8814582824707 31.4755840301514 30.8693752288818 30.4929580688477 30.4029998779297 30.1827926635742 30.0818328857422 30.1797924041748 30.7371253967285 31.2367076873779 31.1395416259766 31.4025001525879 31.3757076263428 31.1867084503174 31.2236671447754 31.0349578857422 30.9438762664795
-9999 -9999 -9999 -9999 -9999 -9999 -9999 -9999 -9999 -9999 -9999 -9999 -9999 -9999 -9999 32.9360427856445 32.4202499389648 32.3664169311523 32.5057067871094 32.5718765258789 32.6428337097168 32.6824188232422 32.5567092895508 32.4781646728516 32.4368324279785 32.3339157104492 32.1532096862793 31.6030826568604 31.4629592895508 31.0219993591309 31.6633758544922 31.2728328704834 32.3073348999023 32.1977500915527 31.8401679992676 31.5342903137207 31.5950832366943 31.3573341369629 31.2286243438721 31.2435417175293 31.6375427246094 31.7987499237061 31.8411674499512 31.3471260070801 30.9545421600342 30.5444583892822 30.3709583282471 30.4425411224365 30.193208694458 30.1452922821045 30.0625839233398 30.5969161987305 31.0926666259766 30.9729175567627 31.05299949646 31.175708770752 31.4402923583984 31.3304576873779 31.3501663208008 31.2289161682129
-9999 -9999 -9999 -9999 -9999 -9999 -9999 -9999 -9999 -9999 -9999 -9999 -9999 -9999 -9999 -9999 32.136791229248 31.9599590301514 32.3248329162598 32.3782501220703 32.4002494812012 32.576042175293 32.0907516479492 32.1881256103516 32.5526657104492 32.0640830993652 32.0165824890137 31.7607498168945 31.2260837554932 30.7666244506836 30.8276252746582 30.3893756866455 30.7049160003662 31.7736663818359 31.5000419616699 31.2755832672119 31.0342082977295 30.7510414123535 31.1437091827393 31.0719585418701 31.2784175872803 31.2800426483154 31.0896682739258 31.0649166107178 31.1302089691162 30.4640846252441 30.7276248931885 30.8099174499512 30.8818740844727 31.0625 31.2245826721191 31.0701675415039 31.4933319091797 31.6346664428711 31.7244987487793 31.7212505340576 31.5477085113525 31.5231666564941 31.5252914428711 31.4385833740234
-9999 -9999 -9999 -9999 -9999 -9999 -9999 -9999 -9999 -9999 -9999 -9999 -9999 -9999 -9999 -9999 -9999 32.2619590759277 32.1014595031738 31.7881259918213 32.2324600219727 32.2320404052734 32.0359573364258 31.9479160308838 32.3026237487793 32.0331268310547 31.5928745269775 31.3282909393311 30.662166595459 29.9060001373291 29.8059997558594 29.7602500915527 29.8430404663086 30.8570823669434 30.7157497406006 30.7543754577637 30.4671669006348 30.1449584960938 30.0755004882812 30.6123332977295 29.6032905578613 29.7929992675781 29.4440002441406 29.6460418701172 29.1677913665771 29.7415008544922 29.8662490844727 29.838415145874 30.1113319396973 30.3683738708496 31.0395412445068 31.1921234130859 30.9477920532227 31.6024589538574 31.7827911376953 31.880708694458 31.7567081451416 31.5456657409668 31.5706253051758 31.5459594726562
-9999 -9999 -9999 -9999 -9999 -9999 -9999 -9999 -9999 -9999 -9999 -9999 -9999 -9999 -9999 -9999 -9999 -9999 32.2433738708496 31.9997501373291 31.910249710083 31.6232929229736 32.1349983215332 32.1523323059082 32.0567092895508 32.1991653442383 31.8480834960938 31.4372081756592 30.9132919311523 30.615291595459 30.0092926025391 29.9202499389648 30.0928344726562 31.0601253509521 30.9109992980957 30.8385829925537 30.5323753356934 30.1355819702148 28.9683742523193 28.9234580993652 27.6942920684814 29.2138767242432 28.5199584960938 28.8861656188965 28.9994163513184 29.5357913970947 29.3484992980957 29.1979999542236 29.2845001220703 29.5740413665771 29.9707489013672 30.8640003204346 31.1770000457764 31.3544178009033 31.6496658325195 31.7234573364258 31.6592502593994 31.666332244873 31.5522918701172 31.4143333435059
-9999 -9999 -9999 -9999 -9999 -9999 -9999 -9999 -9999 -9999 -9999 -9999 -9999 -9999 -9999 -9999 -9999 -9999 -9999 31.7046680450439 31.5184173583984 31.0173759460449 30.5492916107178 31.0289993286133 31.3489170074463 31.9428749084473 31.8956260681152 31.6367073059082 31.3868751525879 31.3309993743896 31.5060005187988 31.0037498474121 31.0632934570312 31.0459575653076 31.0364589691162 30.7961654663086 30.636999130249 30.164249420166 29.1733741760254 28.5259170532227 28.4562492370605 28.6509170532227 28.3801250457764 29.1048755645752 29.8133754730225 29.7041244506836 29.400707244873 29.2167072296143 29.3076248168945 29.6431655883789 30.8156242370605 31.4980411529541 31.4806671142578 30.5557498931885 31.3027496337891 31.6307907104492 31.5639591217041 31.5727920532227 31.5731258392334 31.4723739624023
-9999 -9999 -9999 -9999 -9999 -9999 -9999 -9999 -9999 -9999 -9999 -9999 -9999 -9999 -9999 -9999 -9999 -9999 -9999 -9999 30.7715835571289 30.7670402526855 30.4258327484131 29.5241661071777 30.2087917327881 30.7917079925537 31.0494995117188 31.5065002441406 31.4689159393311 31.492166519165 32.0302925109863 31.8169994354248 31.8100833892822 31.3407497406006 31.0180816650391 30.7944164276123 30.2624168395996 29.8001670837402 28.2723331451416 28.2541255950928 28.3444175720215 28.4555015563965 29.3910827636719 28.9322509765625 29.945333480835 30.0202083587646 30.0193748474121 29.8691253662109 29.6022911071777 29.931791305542 31.0523338317871 31.5412502288818 31.6167507171631 31.277416229248 31.2500419616699 31.4421253204346 31.4634170532227 31.3882503509521 31.3775005340576 31.2937908172607
-9999 -9999 -9999 -9999 -9999 -9999 -9999 -9999 -9999 -9999 -9999 -9999 -9999 -9999 -9999 -9999 -9999 -9999 -9999 -9999 -9999 30.8080406188965 30.6296253204346 30.4576244354248 30.2707080841064 29.9996662139893 29.2894592285156 30.2596244812012 31.1136665344238 31.2764167785645 31.9008750915527 32.2161254882812 32.0635833740234 31.3868751525879 30.9634170532227 30.4003753662109 29.5742511749268 29.8461666107178 30.02170753479 30.2150840759277 29.5451240539551 28.9325408935547 29.3311653137207 29.5865821838379 29.8173332214355 30.2293739318848 30.2165832519531 30.2765407562256 29.7309169769287 29.7530002593994 30.2579174041748 30.4138336181641 30.7773742675781 31.2922096252441 30.757999420166 31.0307502746582 31.2157497406006 31.1363754272461 31.2885398864746 31.2775001525879
-9999 -9999 -9999 -9999 -9999 -9999 -9999 -9999 -9999 -9999 -9999 -9999 -9999 -9999 -9999 -9999 -9999 -9999 -9999 -9999 -9999 -9999 30.5555839538574 29.9763336181641 29.5675411224365 29.9376659393311 29.5926246643066 28.9887924194336 30.7830848693848 30.9300403594971 31.3917503356934 32.0627517700195 31.9404582977295 31.6420822143555 30.9739589691162 29.7851257324219 29.4125823974609 30.1503753662109 30.7720432281494 30.6497917175293 31.3185005187988 30.4260406494141 30.4423332214355 30.5712509155273 30.3808326721191 30.204833984375 30.3830413818359 30.4891242980957 30.3348331451416 29.7150001525879 30.9137077331543 31.4167499542236 31.4585418701172 31.507625579834 31.3237075805664 31.1020832061768 30.6637916564941 30.943416595459 31.2552909851074 31.117374420166
-9999 -9999 -9999 -9999 -9999 -9999 -9999 -9999 -9999 -9999 -9999 -9999 -9999 -9999 -9999 -9999 -9999 -9999 -9999 -9999 -9999 -9999 -9999 30.2311248779297 29.2884998321533 28.8280410766602 29.0319156646729 30.2858333587646 31.335750579834 31.2402076721191 30.5608749389648 31.4554176330566 32.3758316040039 31.1333332061768 30.6497077941895 31.877124786377 31.769624710083 31.2352905273438 31.1848754882812 31.5894584655762 31.7393341064453 31.1070423126221 31.478874206543 31.3748340606689 30.9266262054443 30.574125289917 30.884916305542 30.8952083587646 30.7735424041748 30.6726665496826 30.8578758239746 31.0751667022705 31.3730010986328 31.2177505493164 31.0497913360596 30.9423332214355 31.1618328094482 31.1762504577637 31.2766666412354 31.1841239929199
-9999 -9999 -9999 -9999 -9999 -9999 -9999 -9999 -9999 -9999 -9999 -9999 -9999 -9999 -9999 -9999 -9999 -9999 -9999 -9999 -9999 -9999 -9999 29.8057918548584 30.5431671142578 31.0463752746582 31.8645839691162 31.4344577789307 31.4267921447754 32.4003753662109 32.2229995727539 32.508415222168 33.0689582824707 32.7863349914551 31.8878746032715 32.8695831298828 32.4557495117188 31.701000213623 31.2240829467773 31.8189582824707 32.129207611084 31.7475833892822 31.7556247711182 31.9950828552246 31.9111671447754 31.7252922058105 31.9694595336914 31.5268325805664 31.2152500152588 30.4442920684814 30.3105850219727 30.95654296875 31.1322498321533 30.9152908325195 30.1647491455078 30.7430419921875 31.0763740539551 31.2369155883789 31.1837921142578 31.1718330383301
-9999 -9999 -9999 -9999 -9999 -9999 -9999 -9999 -9999 -9999 -9999 -9999 -9999 -9999 -9999 -9999 -9999 -9999 -9999 -9999 -9999 -9999 -9999 -9999 32.0490417480469 32.4487495422363 32.8036651611328 32.6813735961914 32.7160835266113 32.8811264038086 32.9244155883789 32.8655853271484 33.2880020141602 33.2270431518555 32.896915435791 33.1523742675781 32.5123748779297 32.5988349914551 31.7266654968262 31.8019580841064 32.138126373291 32.4103317260742 32.0361251831055 32.1811256408691 32.2611236572266 32.2297515869141 32.0948753356934 31.2297077178955 30.0837917327881 30.1187076568604 30.1300411224365 30.0268745422363 30.1624984741211 30.6756248474121 30.1100425720215 29.9177513122559 31.1445827484131 31.2253341674805 31.1959991455078 31.0976676940918
-9999 -9999 -9999 -9999 -9999 -9999 -9999 -9999 -9999 -9999 -9999 -9999 -9999 -9999 -9999 -9999 -9999 -9999 -9999 -9999 -9999 -9999 -9999 -9999 32.6601257324219 32.9018745422363 33.1212921142578 33.150749206543 33.1999588012695 33.1945419311523 33.2055816650391 33.1985855102539 33.2947082519531 33.4460411071777 33.2969589233398 33.3899993896484 33.1822090148926 33.1406669616699 32.5973320007324 32.5105438232422 32.6977920532227 32.5909156799316 32.3942489624023 31.6990413665771 31.1393756866455 31.5329170227051 31.7662086486816 30.4343757629395 29.2402496337891 29.6995830535889 30.101583480835 30.1043319702148 29.8813743591309 29.9696254730225 29.4198741912842 29.9092903137207 30.9689998626709 31.0285835266113 30.9253749847412 30.8604164123535
-9999 -9999 -9999 -9999 -9999 -9999 -9999 -9999 -9999 -9999 -9999 -9999 -9999 -9999 -9999 -9999 -9999 -9999 -9999 -9999 -9999 -9999 -9999 -9999 33.0129585266113 33.1453742980957 33.2989158630371 33.2588729858398 33.3112487792969 33.4298324584961 33.416332244873 33.3036651611328 33.3137092590332 33.6154174804688 33.600959777832 33.5853729248047 33.5008735656738 33.420539855957 32.926082611084 32.6051254272461 32.945499420166 32.7617073059082 32.4657096862793 32.0068321228027 30.3114166259766 31.2063751220703 32.0140838623047 30.6732501983643 28.9517078399658 29.3369998931885 30.0612907409668 30.1530418395996 29.9607925415039 29.265625 27.4273338317871 27.0627918243408 29.4895420074463 30.9035835266113 30.8245830535889 30.6783332824707
-9999 -9999 -9999 -9999 -9999 -9999 -9999 -9999 -9999 -9999 -9999 -9999 -9999 -9999 -9999 -9999 -9999 -9999 -9999 -9999 -9999 -9999 -9999 -9999 33.1963348388672 33.2314186096191 33.3257064819336 33.2937927246094 33.3541679382324 33.5660820007324 33.6297912597656 33.6472511291504 33.6606674194336 33.6837501525879 33.7051658630371 33.6877517700195 33.5859146118164 33.5428733825684 33.1509170532227 32.8133735656738 33.0464172363281 32.8032913208008 32.5834999084473 32.2094573974609 30.9970836639404 31.3380832672119 32.2915420532227 30.6895408630371 28.5933742523193 29.2610836029053 29.9120426177979 30.0853748321533 29.9709587097168 29.066873550415 26.4853744506836 26.6078338623047 30.2329998016357 30.7426261901855 30.6052074432373 30.56862449646
-9999 -9999 -9999 -9999 -9999 -9999 -9999 -9999 -9999 -9999 -9999 -9999 -9999 -9999 -9999 -9999 -9999 -9999 -9999 -9999 -9999 -9999 -9999 -9999 -9999 33.2449150085449 33.1870002746582 33.2630424499512 33.36279296875 33.3737487792969 33.4669570922852 33.4853744506836 33.3098335266113 33.401668548584 33.6092071533203 33.638126373291 33.436206817627 33.4565849304199 32.8757934570312 32.4787063598633 32.5762481689453 32.6471672058105 32.1720008850098 31.7846240997314 31.0853748321533 31.1639595031738 31.8709182739258 31.1706256866455 29.7523326873779 28.9173336029053 28.933874130249 29.8041667938232 30.0771675109863 29.7524166107178 27.6725406646729 28.5847511291504 30.6574573516846 30.609582901001 30.4588317871094 30.3821983337402
-9999 -9999 -9999 -9999 -9999 -9999 -9999 -9999 -9999 -9999 -9999 -9999 -9999 -9999 -9999 -9999 -9999 -9999 -9999 -9999 -9999 -9999 -9999 -9999 -9999 33.1353340148926 33.0799598693848 33.0522079467773 33.0825843811035 33.1860427856445 33.1996650695801 32.7412071228027 32.6881675720215 33.0497093200684 33.132999420166 33.2229156494141 33.1948738098145 33.3609161376953 33.1592102050781 32.5650825500488 32.699291229248 32.6147079467773 32.1556663513184 30.6310844421387 31.575834274292 32.0457496643066 32.0054168701172 31.978874206543 31.1360836029053 30.580041885376 29.0495834350586 29.6189994812012 30.0237922668457 30.0865821838379 29.7654991149902 30.0502510070801 29.7747917175293 30.1424160003662 30.3372402191162 30.2291660308838
-9999 -9999 -9999 -9999 -9999 -9999 -9999 -9999 -9999 -9999 -9999 -9999 -9999 -9999 -9999 -9999 -9999 -9999 -9999 -9999 -9999 -9999 -9999 -9999 -9999 32.9629592895508 32.9173316955566 32.9326248168945 32.8157501220703 32.9613761901855 32.7912483215332 32.7378730773926 33.0704154968262 32.9921684265137 33.271125793457 33.3576240539551 33.1264991760254 33.2866249084473 32.8750839233398 32.4959602355957 32.7112503051758 32.595832824707 31.7701244354248 31.8386669158936 31.953332901001 32.0898742675781 32.1022491455078 32.0007934570312 31.7747497558594 31.1379165649414 30.1127090454102 29.1412086486816 30.2860832214355 30.8053340911865 30.353666305542 30.5424995422363 30.5667915344238 30.4981479644775 30.3216152191162 -9999
-9999 -9999 -9999 -9999 -9999 -9999 -9999 -9999 -9999 -9999 -9999 -9999 -9999 -9999 -9999 -9999 -9999 -9999 -9999 -9999 -9999 -9999 -9999 -9999 -9999 32.7356262207031 32.5923767089844 32.7134170532227 32.7150421142578 32.8257904052734 32.6082077026367 32.689998626709 32.9664573669434 33.100959777832 33.2916679382324 33.2657928466797 33.2815017700195 33.3584594726562 32.7685813903809 32.595458984375 32.7840003967285 32.6302070617676 32.3717498779297 31.9884166717529 31.0988330841064 31.628833770752 32.2897491455078 32.1261672973633 31.814208984375 31.2898330688477 30.9232501983643 29.8038749694824 30.3509159088135 30.941291809082 30.8388328552246 30.7185821533203 30.5560836791992 30.5286083221436 30.4460144042969 -9999
-9999 -9999 -9999 -9999 -9999 -9999 -9999 -9999 -9999 -9999 -9999 -9999 -9999 -9999 -9999 -9999 -9999 -9999 -9999 -9999 -9999 -9999 -9999 -9999 -9999 32.6643753051758 32.435791015625 32.3987922668457 32.4333343505859 32.6172485351562 32.5108337402344 32.6238327026367 32.8133735656738 32.7335815429688 32.2234153747559 33.0420417785645 33.2507095336914 33.3917922973633 33.2744598388672 33.1884994506836 33.0999565124512 33.1612510681152 32.8455429077148 32.6026268005371 32.0288734436035 31.3682079315186 31.7730007171631 32.0609169006348 32.0473747253418 31.5228328704834 31.2678337097168 31.1690826416016 31.0594997406006 30.9231243133545 30.7262077331543 30.6992073059082 30.6323757171631 30.5552082061768 30.407377243042 -9999
-9999 -9999 -9999 -9999 -9999 -9999 -9999 -9999 -9999 -9999 -9999 -9999 -9999 -9999 -9999 -9999 -9999 -9999 -9999 -9999 -9999 -9999 -9999 -9999 -9999 -9999 32.1587524414062 32.3731231689453 32.4807510375977 32.2703742980957 32.3467483520508 32.2119178771973 32.4981651306152 32.4703330993652 32.7283744812012 32.9267921447754 33.0686264038086 33.10595703125 33.3263740539551 33.2196655273438 33.1097068786621 32.9389572143555 32.6064605712891 32.6317520141602 31.4905834197998 31.0527496337891 30.7299575805664 31.8004169464111 31.8165416717529 31.4642086029053 31.2246246337891 30.7032928466797 30.5144577026367 30.7077503204346 30.6321239471436 30.5977096557617 30.6078338623047 30.4572772979736 30.1678466796875 29.9766674041748
-9999 -9999 -9999 -9999 -9999 -9999 -9999 -9999 -9999 -9999 -9999 -9999 -9999 -9999 -9999 -9999 -9999 -9999 -9999 -9999 -9999 -9999 -9999 -9999 -9999 -9999 32.1201667785645 32.1949577331543 31.9674167633057 32.046459197998 31.9189987182617 30.8075008392334 32.2458343505859 32.4565849304199 32.709041595459 32.8408355712891 32.8093757629395 32.9234161376953 33.052375793457 32.6864585876465 31.42799949646 30.8743324279785 30.3348751068115 31.1292915344238 31.5837917327881 31.085750579834 30.7311248779297 30.1306667327881 30.3821659088135 30.755916595459 30.7531242370605 30.4576244354248 30.4192504882812 30.533374786377 30.468957901001 30.4350414276123 30.4110832214355 30.2633533477783 30.1438770294189 -9999
