02 cropping and modelling/wc2.1_10m_bio_16.asc
NCOLS 368 
NROWS 210 
XLLCORNER 67.1666666666667 
YLLCORNER 3.5 
CELLSIZE 0.166666666666667 
NODATA_value -9999 
[rows 36 to 71 of 210, columns 162 to 242 of 368]
-9999 -9999 -9999 -9999 -9999 -9999 -9999 -9999 -9999 -9999 -9999 -9999 -9999 -9999 -9999 -9999 -9999 -9999 -9999 -9999 -9999 -9999 -9999 -9999 332 337 341 347 337 336 354 353 359 371 363 368 375 383 389 381 380 367 381 391 373 380 367 357 357 351 369 382 380 352 350 349 347 353 368 368 408 424 444 443 451 476 485 490 529 546 547 511 507 500 500 506 499 492 488 483 477
-9999 -9999 -9999 -9999 -9999 -9999 -9999 -9999 -9999 -9999 -9999 -9999 -9999 -9999 -9999 -9999 -9999 -9999 -9999 -9999 -9999 -9999 -9999 351 326 335 341 339 340 346 349 353 359 355 363 361 366 369 384 391 379 376 371 380 366 370 360 354 366 368 377 385 364 351 344 357 357 351 367 388 394 435 455 484 469 488 516 535 544 557 556 544 543 532 526 522 511 503 499 493 489
-9999 -9999 -9999 -9999 -9999 -9999 -9999 -9999 -9999 -9999 -9999 -9999 -9999 -9999 -9999 -9999 -9999 -9999 -9999 -9999 -9999 342 349 343 345 334 351 354 354 356 356 351 363 366 361 368 366 368 372 389 384 386 390 376 373 363 360 352 362 390 373 354 343 342 336 363 360 361 377 414 429 455 494 507 497 538 543 558 563 568 565 554 554 545 540 531 522 518 510 505 499
-9999 -9999 -9999 -9999 -9999 -9999 -9999 -9999 -9999 -9999 -9999 -9999 -9999 -9999 -9999 -9999 -9999 -9999 -9999 -9999 337 328 337 329 342 326 342 349 365 358 349 362 356 367 375 374 373 380 380 371 374 373 387 385 382 372 366 340 349 369 366 377 379 365 350 338 358 368 381 436 475 489 507 534 565 567 568 570 574 577 571 571 565 557 548 542 535 528 522 516 512
-9999 -9999 -9999 -9999 -9999 -9999 -9999 -9999 -9999 -9999 -9999 -9999 -9999 -9999 -9999 -9999 -9999 -9999 344 350 348 329 334 341 336 327 329 352 363 369 370 366 357 358 376 375 367 369 379 374 376 374 369 372 354 362 351 353 368 373 373 365 382 371 375 372 361 371 398 431 467 517 559 581 577 580 577 579 580 580 580 578 570 562 555 548 541 536 530 526 521
-9999 -9999 -9999 -9999 -9999 -9999 -9999 -9999 -9999 -9999 -9999 -9999 -9999 -9999 -9999 331 340 329 335 334 348 346 334 337 338 334 333 342 356 353 356 371 375 367 364 358 370 366 368 372 373 386 390 374 390 379 351 330 382 371 386 362 359 384 356 366 374 386 389 452 533 573 584 589 587 587 585 584 584 583 583 580 573 567 559 553 546 541 536 533 527
-9999 -9999 -9999 -9999 -9999 -9999 -9999 -9999 -9999 -9999 -9999 -9999 -9999 351 348 343 329 337 319 337 338 347 335 329 343 350 343 340 336 344 351 361 374 378 384 384 382 390 368 367 383 380 383 387 398 390 358 325 381 376 374 389 367 358 364 383 390 387 432 523 574 580 588 598 590 587 588 584 583 583 582 580 575 568 562 557 550 546 543 538 537
-9999 -9999 -9999 -9999 -9999 -9999 -9999 -9999 -9999 -9999 -9999 356 360 355 341 350 326 321 322 341 342 347 335 326 341 347 334 338 353 363 362 367 365 376 384 387 377 385 390 363 365 390 394 396 393 390 359 331 379 353 375 402 396 395 387 404 408 458 519 575 578 578 583 588 590 587 587 585 582 580 579 579 573 570 565 560 555 549 548 548 544
-9999 -9999 -9999 -9999 -9999 -9999 -9999 -9999 -9999 369 370 363 360 361 353 346 345 334 313 329 343 344 344 330 333 342 343 340 348 352 359 363 359 371 387 389 377 372 392 389 378 370 402 392 369 383 353 356 355 342 366 395 401 391 390 442 517 576 577 576 574 579 576 587 587 588 585 582 579 576 576 573 570 567 564 560 555 551 548 547 544
-9999 -9999 -9999 -9999 -9999 -9999 -9999 -9999 359 360 361 359 352 352 360 357 351 343 333 324 335 342 342 339 327 339 351 344 351 354 362 367 356 365 383 382 365 380 390 397 394 371 382 409 397 365 343 368 382 362 374 371 394 386 430 514 610 610 583 566 573 573 573 580 581 582 582 581 577 575 574 571 567 564 560 556 552 547 543 541 540
-9999 -9999 -9999 -9999 -9999 -9999 370 369 361 357 358 359 358 353 358 345 347 347 339 327 325 329 337 338 337 332 347 354 344 350 368 373 368 375 389 381 382 402 402 389 395 379 395 401 386 376 363 357 382 404 382 372 399 400 464 606 668 630 585 566 569 572 579 580 583 582 579 577 573 570 568 568 559 555 551 548 546 537 539 534 530
-9999 -9999 -9999 -9999 -9999 385 376 371 365 361 362 358 361 355 346 350 349 341 349 338 330 325 326 328 331 332 342 355 346 359 359 374 375 377 392 388 378 392 403 400 397 385 406 387 399 391 406 376 408 394 392 398 419 472 626 732 717 668 621 597 587 582 587 585 584 583 580 577 575 566 564 557 555 550 545 542 538 531 528 527 532
-9999 -9999 -9999 376 377 375 373 372 368 365 362 362 358 357 354 354 355 349 338 345 342 338 334 331 330 332 339 350 346 354 357 364 367 375 390 387 396 393 388 406 407 398 403 397 398 417 403 391 387 404 410 489 491 590 768 806 767 719 670 635 612 610 601 592 585 579 577 574 570 561 555 550 546 542 539 536 527 523 522 527 530
368 368 370 384 397 377 372 381 366 376 363 359 359 359 354 357 355 345 333 334 343 343 336 328 331 330 334 343 343 351 348 353 368 368 377 392 402 406 409 397 399 398 414 408 399 416 419 412 412 417 439 569 709 751 879 859 817 770 726 680 651 633 617 603 588 576 570 563 559 555 550 544 538 534 530 526 524 518 521 525 530
360 361 362 364 382 411 390 379 399 382 370 368 357 358 352 356 356 357 354 335 341 348 341 330 327 326 333 338 342 345 350 364 370 378 382 384 389 399 407 413 413 399 411 415 402 418 417 432 439 470 546 732 805 909 920 892 868 829 776 723 692 661 637 612 590 576 566 557 551 548 543 538 532 528 526 520 516 515 521 525 532
350 354 355 367 365 445 431 395 415 394 365 378 363 356 351 351 351 355 356 354 337 341 340 343 333 328 332 340 343 347 350 359 368 373 374 384 390 398 403 415 424 413 418 418 414 431 429 444 481 500 555 684 796 889 961 945 906 871 819 762 721 677 646 619 597 581 565 552 547 543 538 535 530 526 523 517 515 518 522 527 530
341 347 351 356 367 400 507 452 399 390 402 398 373 360 352 357 352 351 351 373 340 341 339 341 344 331 327 339 340 344 352 354 360 362 374 389 393 394 404 420 425 417 422 435 428 440 440 467 505 505 586 696 692 772 876 906 933 902 844 792 734 682 647 620 600 579 565 553 545 538 534 529 524 525 524 515 514 518 522 525 532
334 352 350 356 376 361 458 650 443 397 385 367 385 377 361 360 354 351 350 362 374 342 340 339 341 343 323 323 334 341 350 350 365 368 374 384 390 397 408 414 428 428 437 437 443 443 435 494 507 541 568 552 568 647 674 832 928 916 865 804 740 683 655 629 603 583 564 553 541 534 529 522 524 526 522 509 512 513 520 526 541
329 359 361 369 365 425 531 697 487 455 411 384 405 371 364 366 360 355 352 349 369 379 365 341 339 344 322 315 327 346 344 349 351 360 370 380 391 398 407 422 434 438 438 440 443 450 464 502 552 511 625 543 507 532 629 753 861 876 840 788 737 702 667 637 605 580 561 547 541 530 525 521 517 520 511 505 509 513 519 528 538
349 345 349 367 497 704 773 525 431 425 469 421 422 432 411 360 362 372 367 359 348 344 402 346 340 338 332 316 328 340 332 335 347 360 367 375 389 396 407 423 431 437 435 446 449 454 464 493 570 589 600 608 602 653 697 704 781 806 800 766 728 692 658 627 602 576 558 547 534 523 519 515 513 506 500 505 507 511 519 536 554
342 405 403 493 778 719 484 453 475 552 542 496 420 450 471 467 406 377 394 394 352 361 386 384 344 336 351 322 326 335 329 332 340 358 361 374 374 389 406 419 428 449 445 459 460 459 471 498 512 536 529 562 543 587 568 562 688 743 757 733 705 672 641 615 592 571 554 541 526 519 513 506 503 498 500 502 505 517 533 540 549
426 404 657 903 924 796 480 556 551 725 696 523 472 450 495 482 429 409 389 419 370 361 360 402 349 342 361 333 327 336 326 331 337 351 363 376 381 396 412 423 433 450 455 455 480 475 480 491 515 502 538 589 506 520 527 597 677 640 689 668 668 650 627 603 583 564 547 536 520 511 504 498 494 495 497 501 507 532 540 530 539
561 450 681 950 1046 714 635 549 696 696 852 634 623 488 434 612 497 460 439 448 391 363 355 355 419 405 345 356 330 335 324 327 344 344 359 375 381 398 404 419 437 449 464 457 481 491 501 523 534 520 546 520 510 507 506 570 625 607 606 606 604 624 610 589 571 552 536 525 512 505 496 491 492 493 496 497 505 515 529 521 537
590 707 944 893 923 1090 903 657 816 1012 947 689 588 479 489 467 701 618 562 466 385 373 371 362 368 442 347 364 325 331 338 329 338 344 366 380 373 390 402 419 436 447 464 462 482 507 524 543 538 533 541 511 511 501 498 532 530 565 593 567 588 596 586 572 558 539 525 514 505 497 488 489 489 492 493 495 503 516 523 517 532
507 631 985 1103 1110 1140 1072 955 997 1129 1066 756 674 546 701 576 563 819 450 406 413 384 386 381 363 470 352 348 347 330 352 331 330 339 363 373 380 398 404 417 435 444 465 467 493 505 527 552 551 531 531 518 516 502 499 492 490 494 511 505 553 573 566 552 540 531 519 505 496 486 484 484 487 488 493 494 502 514 511 517 531
901 717 1200 1314 1269 1171 1141 1137 1325 1344 1045 1067 744 800 1012 677 591 799 456 418 510 476 418 404 419 452 385 344 372 323 350 344 334 339 364 371 379 395 408 415 434 443 456 474 495 501 532 562 544 538 525 516 517 501 497 486 497 491 493 517 533 542 547 529 511 509 510 499 484 484 487 488 489 489 490 494 500 502 511 513 526
1191 1160 1291 1316 1223 1209 1289 1371 1393 1433 1419 1400 1245 1179 1333 806 777 760 458 532 796 677 475 442 480 425 491 354 387 332 333 358 332 340 361 370 380 391 401 418 431 442 456 478 489 513 521 559 552 526 517 518 515 502 499 508 471 463 463 496 511 516 528 520 508 497 492 491 483 487 490 491 490 490 487 486 495 501 502 512 516
1377 1342 1250 1273 1331 1344 1359 1359 1388 1435 1491 1568 1606 1509 1196 1196 1150 707 642 627 891 977 796 703 548 492 460 437 406 356 355 356 333 341 358 367 377 390 395 411 425 442 459 475 482 510 526 551 568 534 518 517 511 505 501 494 487 463 473 468 488 498 495 494 492 484 485 480 484 489 489 489 488 489 489 491 494 498 502 511 509
1353 1412 1392 1383 1403 1372 1335 1317 1337 1395 1480 1584 1690 1510 1099 852 661 914 1433 1480 1136 1294 1179 1090 669 552 505 492 369 415 364 373 339 340 354 368 378 389 391 401 423 440 455 475 486 508 534 549 560 533 531 514 513 511 501 497 482 468 465 464 467 479 488 485 481 483 483 482 487 491 491 491 492 494 497 499 498 500 502 505 507
1556 1549 1505 1452 1395 1343 1297 1287 1282 1359 1477 1603 1727 1642 1407 1026 890 1483 1888 2138 1573 1833 1551 1172 779 547 454 535 421 426 358 377 364 347 363 369 379 391 400 412 421 433 450 464 481 498 530 542 540 536 536 516 514 509 502 490 489 473 471 470 470 480 479 482 485 489 489 487 492 496 496 496 498 500 502 502 502 503 502 511 507
1684 1584 1480 1390 1343 1301 1247 1236 1274 1364 1497 1641 1743 1755 1726 1595 1095 1535 2105 2519 2158 1755 1847 1249 769 758 553 500 455 444 375 365 379 357 359 371 377 385 392 406 412 431 446 457 474 500 533 543 553 540 544 526 521 508 498 500 477 477 477 468 480 488 486 489 492 498 499 495 499 505 510 509 507 505 505 505 504 504 507 509 507
1633 1514 1401 1314 1257 1235 1212 1215 1313 1438 1561 1656 1768 1779 1561 1882 1667 1233 2060 2446 2436 2123 1651 1007 1005 822 756 463 530 438 398 366 371 370 371 375 377 375 388 398 406 428 445 466 492 517 527 546 553 539 543 534 518 515 500 500 478 482 484 482 489 493 499 499 500 508 508 506 508 517 524 521 516 515 510 511 509 510 511 515 519
1484 1395 1314 1256 1220 1223 1246 1306 1416 1471 1516 1674 1845 1922 1890 1653 1475 1284 1350 1958 2373 2204 1768 971 910 899 602 489 530 427 409 377 368 369 370 372 385 378 386 394 409 433 451 472 491 505 528 547 547 548 541 523 512 515 498 488 487 484 494 499 498 502 508 512 515 515 517 523 520 526 528 527 524 521 520 522 523 517 524 527 529
1298 1250 1221 1209 1215 1254 1334 1381 1355 1419 1567 1681 1900 1950 1881 1846 1769 1864 1438 2131 2302 2115 1558 1114 910 903 680 499 541 434 432 390 380 372 371 364 365 374 381 389 409 429 445 458 479 497 529 529 547 549 539 519 496 510 504 500 488 493 500 503 507 520 524 534 533 533 535 531 529 531 533 535 533 531 534 534 530 530 533 538 537
1146 1125 1126 1173 1242 1317 1370 1335 1359 1659 1559 1812 2005 2128 2197 2237 2254 2118 1503 2190 2210 2078 1762 1266 811 1007 690 509 561 451 425 395 383 376 370 373 372 374 380 388 418 428 431 452 476 488 500 525 553 554 543 528 508 492 519 502 495 501 506 517 523 530 541 548 548 553 555 549 549 546 548 548 545 542 543 542 538 540 539 544 537
1038 1053 1103 1188 1254 1298 1334 1395 1607 1660 1620 1907 2108 2176 2214 2240 2242 2166 1676 2142 2075 1998 1781 1406 967 926 662 514 579 471 427 403 392 387 371 378 375 377 374 380 402 411 418 434 452 471 484 532 552 546 535 526 511 486 517 496 501 502 517 521 532 543 553 562 566 572 573 574 574 565 563 560 558 555 551 548 550 552 551 552 545
