02 cropping and modelling/wc2.1_10m_bio_15.asc
NCOLS 368 
NROWS 210 
XLLCORNER 67.1666666666667 
YLLCORNER 3.5 
CELLSIZE 0.166666666666667 
NODATA_value -9999 
[rows 81 to 107 of 210, columns 240 to 299 of 368]
72.8354721069336 71.9010772705078 71.4210205078125 70.5047454833984 69.8320617675781 69.2453002929688 68.5114669799805 67.3617782592773 66.6248474121094 66.1714630126953 66.5968704223633 66.8058395385742 67.7668380737305 68.2359771728516 69.0182495117188 70.0260848999023 70.2718887329102 69.6276779174805 67.1242828369141 66.1655578613281 64.1622009277344 63.4693717956543 62.0471153259277 60.7820625305176 59.9470024108887 59.4605903625488 59.1660575866699 58.9474220275879 58.8561973571777 58.8816261291504 58.7559776306152 59.4141082763672 59.849552154541 60.8116645812988 61.1895904541016 62.7997779846191 63.3658638000488 64.0671157836914 63.6697158813477 63.2865104675293 62.6996726989746 62.2280006408691 61.4323997497559 60.7954177856445 60.0381622314453 59.3937492370605 58.9531669616699 58.6805686950684 58.7404403686523 58.8335113525391 59.0990409851074 58.4669799804688 58.1814346313477 58.1928520202637 57.7973251342773 58.0254516601562 58.1238784790039 58.4735107421875 58.3913803100586 58.7103004455566
74.0023345947266 72.7827453613281 72.1877975463867 71.308479309082 70.8686370849609 69.8635940551758 68.8716354370117 67.5512237548828 66.9898300170898 66.7970581054688 66.6240692138672 66.9334259033203 67.6067123413086 68.5386581420898 69.1681594848633 70.1343994140625 70.1394195556641 68.4402008056641 66.8647766113281 66.1002655029297 64.9957809448242 64.0761108398438 62.7784538269043 62.0749893188477 61.0001411437988 60.0948143005371 59.839225769043 59.9917755126953 59.8794136047363 59.8275985717773 59.6529235839844 60.087100982666 61.2117691040039 62.3681221008301 62.8069610595703 64.7143707275391 65.0336532592773 64.9066848754883 64.3811340332031 64.4435729980469 63.4760780334473 63.2545928955078 62.4804420471191 62.1610565185547 61.4431381225586 60.7895851135254 60.0801162719727 59.6614837646484 59.2855110168457 59.1321029663086 59.0516510009766 58.623161315918 58.4207954406738 58.1549682617188 58.0143737792969 58.2277641296387 57.9863815307617 58.4829139709473 58.6506195068359 58.9051513671875
74.7480316162109 73.5530548095703 72.773551940918 71.9314422607422 71.1787643432617 69.9491958618164 69.1396713256836 67.5755996704102 66.7961654663086 66.5200347900391 66.5786514282227 67.0485610961914 67.2873764038086 67.8291549682617 68.7282867431641 69.2475204467773 69.3850326538086 67.5391540527344 66.6256866455078 65.6416702270508 64.753662109375 63.8565101623535 62.8202590942383 62.701171875 62.4274024963379 61.377384185791 61.0446891784668 61.0732421875 60.7624740600586 61.0987243652344 60.6719207763672 60.777717590332 61.924919128418 63.0378265380859 64.6545639038086 65.5077133178711 65.3057556152344 65.7561721801758 65.4269027709961 64.9694519042969 64.8897323608398 64.8240127563477 64.2230606079102 63.0591735839844 62.5331268310547 61.6925811767578 61.1447296142578 60.4908561706543 60.0210456848145 59.2440719604492 59.0906372070312 58.8737831115723 58.1661758422852 57.8976135253906 57.996509552002 58.0889434814453 58.3196716308594 58.5714111328125 59.4602241516113 59.958927154541
75.6640777587891 74.3398818969727 73.0934295654297 72.2907180786133 71.1847076416016 69.9314651489258 68.6436080932617 67.6506271362305 66.6398849487305 66.554557800293 66.4517822265625 66.4688034057617 66.7885437011719 67.1745910644531 67.6884231567383 68.0008239746094 67.8953552246094 66.9966659545898 66.0574569702148 65.0004730224609 64.6142272949219 63.8749771118164 63.6099624633789 63.4740409851074 63.1657638549805 62.4201583862305 61.5903167724609 61.9910545349121 61.9794082641602 62.0111541748047 61.5957641601562 62.2838668823242 62.9057388305664 63.8836975097656 65.3322906494141 66.0289688110352 65.9871292114258 66.5619125366211 66.2543182373047 65.9812622070312 65.8409042358398 65.9067764282227 65.3883438110352 64.7020034790039 64.1407928466797 62.9492683410645 62.3016510009766 61.3422050476074 59.991325378418 59.3715591430664 59.1369323730469 58.6398773193359 58.0676956176758 57.7974472045898 57.6540336608887 58.4017372131348 58.4996490478516 58.753345489502 59.8584442138672 60.5836601257324
75.8742523193359 74.8276824951172 73.4260940551758 72.7837448120117 71.3622055053711 69.6413116455078 68.2985229492188 67.4215240478516 66.7044296264648 66.2688064575195 66.1033096313477 66.1306991577148 66.1787414550781 66.5076522827148 66.8745193481445 66.975830078125 66.8007049560547 66.6098937988281 65.7231216430664 64.9818725585938 64.2016067504883 64.243049621582 64.7211608886719 65.0112609863281 64.2371292114258 63.8136405944824 63.4813804626465 63.0942611694336 63.2726974487305 63.1836090087891 63.546703338623 63.8109169006348 63.7142448425293 64.6840133666992 65.3039627075195 66.0267333984375 66.9120635986328 67.2941513061523 66.8647384643555 66.853874206543 66.9534301757812 66.5903015136719 65.9362869262695 66.2170867919922 65.0921325683594 64.700553894043 63.392406463623 61.8852844238281 60.5629997253418 59.6350364685059 59.0637474060059 58.3974304199219 58.0853614807129 57.4048805236816 58.5052833557129 59.027229309082 58.7212753295898 59.4317665100098 60.3874053955078 61.5711784362793
76.4177398681641 74.7982635498047 73.7648544311523 73.0348739624023 71.0376510620117 69.2511596679688 68.5615997314453 67.3170700073242 66.527961730957 66.1682434082031 65.8811340332031 65.7054443359375 65.7312316894531 66.0090637207031 66.3589859008789 66.1437530517578 65.8883895874023 65.9505386352539 65.5914764404297 65.0037612915039 64.5813369750977 64.8598327636719 65.7693786621094 66.3032989501953 65.6412734985352 65.1643295288086 64.658805847168 63.9857940673828 63.6834831237793 63.2765731811523 63.7087936401367 64.3571624755859 64.5469818115234 64.7272796630859 65.4349670410156 66.2884902954102 66.954704284668 67.3733215332031 67.0362701416016 67.0905227661133 66.9764938354492 66.2570419311523 66.7522277832031 66.8002471923828 65.9945220947266 65.8217697143555 64.1395492553711 62.3560371398926 60.9908142089844 60.1641693115234 59.3363304138184 58.4135208129883 58.0543594360352 58.5672988891602 59.3808708190918 59.4054870605469 60.4795265197754 61.1556587219238 61.6423721313477 62.5089683532715
76.7168045043945 75.2518005371094 74.0493850708008 72.4168930053711 70.7071838378906 69.0382766723633 68.3011169433594 67.4880981445312 66.4005432128906 66.0620040893555 65.557975769043 65.2671051025391 65.1601409912109 65.4956512451172 65.6999359130859 65.908203125 65.5840835571289 65.7488708496094 65.2235260009766 65.0690155029297 65.0974655151367 65.8740081787109 66.0346374511719 66.5732345581055 66.4801712036133 65.9320068359375 65.2529907226562 64.4486846923828 64.3080596923828 64.165153503418 64.3084716796875 64.508171081543 64.9298706054688 65.1174926757812 65.0759811401367 65.7788772583008 66.5038299560547 67.0511245727539 66.8019485473633 66.8720169067383 66.7662887573242 67.0501861572266 67.2407455444336 67.2808685302734 67.9379119873047 67.0805740356445 64.9234085083008 63.1566429138184 61.6757049560547 60.8887481689453 59.8528823852539 58.9372215270996 59.226490020752 60.2157745361328 60.4674415588379 60.471508026123 62.7131652832031 63.1001777648926 62.476490020752 63.8640823364258
77.5256118774414 75.8472137451172 73.9120712280273 72.2523498535156 70.5627365112305 68.9382705688477 68.1039962768555 67.275390625 66.2900772094727 65.7145919799805 65.0387344360352 64.8166351318359 65.1357421875 65.3204193115234 65.6808776855469 65.6288604736328 65.5525741577148 65.4221725463867 65.1739807128906 65.4235916137695 65.3509063720703 66.1574859619141 66.6526565551758 66.7225952148438 67.0876388549805 66.7171478271484 66.288703918457 65.495735168457 65.1686630249023 65.2299041748047 64.8413009643555 64.8624725341797 65.0066909790039 65.3628540039062 64.7963790893555 65.5331497192383 65.8403167724609 66.2415008544922 66.6094512939453 66.7576141357422 66.7428436279297 67.0337982177734 67.6839752197266 67.9988784790039 68.2879257202148 68.5212173461914 66.0634841918945 63.7097473144531 62.4816360473633 61.7615432739258 60.7121047973633 60.1588478088379 61.6422080993652 61.1178855895996 61.3935813903809 62.5074157714844 62.3493804931641 63.5895462036133 63.5612640380859 64.5257034301758
77.2919921875 76.2270355224609 74.4213638305664 72.4023666381836 70.5654678344727 68.9022445678711 67.5858459472656 67.514778137207 65.9215469360352 65.2279205322266 64.9526519775391 65.003662109375 64.9621429443359 65.3118438720703 65.7078475952148 65.5170288085938 65.6085205078125 65.1185531616211 64.8753662109375 65.1799774169922 65.6879348754883 66.4085693359375 67.0652542114258 67.2606887817383 67.0982437133789 67.3235092163086 66.97705078125 66.2790451049805 66.3320770263672 65.7903137207031 65.7884674072266 65.0794830322266 65.0075531005859 64.8699264526367 64.3985900878906 64.9970245361328 65.6613845825195 65.9081192016602 66.0701217651367 66.3976745605469 66.6852874755859 66.8298721313477 67.5097427368164 67.8410491943359 68.5393905639648 68.4499359130859 66.0538177490234 64.4629745483398 63.2864227294922 62.2498168945312 61.4997940063477 61.8339424133301 63.1333923339844 61.892578125 62.1222763061523 63.2177047729492 64.1378326416016 65.0848159790039 65.2371368408203 65.8228302001953
77.8961486816406 76.0255661010742 74.2682113647461 72.3716812133789 70.9508514404297 69.0637130737305 67.3819274902344 67.5636444091797 66.2374038696289 65.2239837646484 65.1934204101562 65.3268737792969 65.6293182373047 65.6696395874023 66.2377243041992 65.7590103149414 65.2599716186523 65.0353240966797 65.3875274658203 65.4029235839844 66.0070724487305 66.6001510620117 67.2973327636719 67.5317306518555 67.7389907836914 67.8255615234375 67.5694122314453 67.5867767333984 67.1843795776367 66.7683258056641 66.4070358276367 65.4353179931641 64.9718933105469 64.7269439697266 64.5807876586914 64.9441986083984 65.0940933227539 65.6545639038086 65.6677856445312 65.8743057250977 66.1887664794922 66.8803939819336 67.4304580688477 67.713737487793 67.9483795166016 67.6661987304688 66.7206726074219 65.3983306884766 64.216911315918 63.8523254394531 63.7453880310059 62.9226303100586 62.991771697998 63.2218132019043 64.1193313598633 65.0563354492188 65.5767211914062 67.0332183837891 66.8584976196289 68.3598556518555
78.3078536987305 76.5793075561523 73.9151000976562 72.3127670288086 70.8141555786133 68.9009017944336 67.5093612670898 66.5103454589844 66.5974349975586 65.5138931274414 65.527702331543 66.1300048828125 66.7679595947266 66.8576965332031 66.6613235473633 65.8271484375 65.2229995727539 65.0062561035156 65.4765930175781 65.9270095825195 66.5066833496094 67.2350845336914 68.0667190551758 68.6152038574219 68.6690063476562 68.7132263183594 68.2545776367188 68.2042007446289 68.094108581543 67.4602203369141 66.7670135498047 66.4079132080078 65.862190246582 64.6987838745117 64.7176895141602 64.8950042724609 65.1466522216797 65.5444717407227 65.7234420776367 66.3406982421875 66.4382400512695 67.2813568115234 67.9053268432617 68.3336410522461 68.2345428466797 67.8604049682617 67.1392135620117 66.4201583862305 65.505729675293 65.7326736450195 64.8432693481445 65.3740158081055 65.3564987182617 65.9819488525391 66.44287109375 67.5864410400391 68.0030364990234 68.3407592773438 -9999 -9999
78.0790557861328 76.5256271362305 74.2889099121094 72.536979675293 70.8970336914062 69.276123046875 67.6337585449219 66.7568969726562 66.6516189575195 66.4804306030273 66.3527679443359 66.7630233764648 67.6885681152344 68.3894577026367 68.2588424682617 66.910888671875 65.6003723144531 65.3076629638672 65.5243225097656 66.0693511962891 66.786247253418 67.7890625 68.7676010131836 69.4054412841797 69.7050552368164 69.7427291870117 69.6889114379883 69.1902770996094 68.6846389770508 68.2599716186523 67.6362762451172 67.0440521240234 66.7715072631836 65.7764739990234 65.5875930786133 65.8590316772461 65.6347961425781 66.1930160522461 67.041015625 67.373161315918 67.8099212646484 68.701286315918 69.5752792358398 70.00146484375 69.690055847168 69.1192016601562 68.398551940918 67.7572021484375 67.2749099731445 66.3886032104492 66.2997131347656 67.3729858398438 67.5092239379883 68.3369369506836 69.4598770141602 70.211181640625 70.6358795166016 -9999 -9999 -9999
77.6128921508789 76.8018112182617 75.1452941894531 73.3913421630859 71.5604934692383 69.707389831543 67.9068756103516 66.595344543457 66.6040573120117 67.1873626708984 67.60400390625 68.2575302124023 69.0127944946289 69.8278274536133 69.4988021850586 67.5685119628906 66.0142211914062 65.5744171142578 66.8724136352539 66.8959503173828 67.3072052001953 68.8407745361328 69.8024368286133 70.1072158813477 70.5974960327148 70.6173782348633 70.4708709716797 70.348503112793 70.1713790893555 69.4538497924805 68.7979431152344 68.0885238647461 67.6927719116211 67.1089401245117 66.7328186035156 66.6020736694336 67.2128143310547 67.8979797363281 68.3098678588867 69.6800994873047 71.1752090454102 72.1864776611328 72.3025054931641 72.0849227905273 71.3387069702148 70.6058959960938 69.9869537353516 69.3483428955078 68.4265594482422 68.511604309082 68.4178314208984 69.0172653198242 70.0704345703125 70.4601440429688 71.1330032348633 71.8765869140625 71.996940612793 -9999 -9999 -9999
76.8587188720703 76.0430450439453 75.4355239868164 74.1032028198242 72.9516067504883 71.1529159545898 69.5029983520508 68.3543701171875 68.2686996459961 68.5002899169922 68.6798248291016 69.3112258911133 69.8834381103516 70.1160354614258 69.6491394042969 68.019889831543 66.4439392089844 65.2235794067383 65.3839721679688 66.5481796264648 68.0183410644531 69.5053863525391 70.6162109375 71.0622787475586 71.424446105957 71.5127105712891 71.406494140625 71.4053192138672 71.123291015625 70.6474838256836 69.9156723022461 69.5648880004883 68.9856491088867 68.9580230712891 68.3851852416992 68.0244140625 68.6520919799805 69.3800811767578 70.5001907348633 72.1171646118164 74.3267440795898 76.3820571899414 76.0286026000977 74.6852722167969 73.1019287109375 71.9451217651367 71.4092178344727 70.3077926635742 69.358283996582 70.6973342895508 70.9120559692383 70.870491027832 71.2499694824219 71.409797668457 -9999 -9999 -9999 -9999 -9999 -9999
76.3837203979492 76.5140762329102 76.2855453491211 75.8335571289062 75.0299072265625 73.5211334228516 72.2512741088867 71.026725769043 70.638053894043 70.422477722168 70.4156036376953 70.18017578125 70.4963684082031 70.343505859375 69.4532852172852 68.2720565795898 67.1679229736328 65.4011077880859 65.4107894897461 67.3729629516602 69.164192199707 70.4639511108398 71.5597839355469 72.3353576660156 72.2529907226562 72.5393600463867 72.4880523681641 72.3181991577148 72.0211486816406 71.6752014160156 71.2733383178711 70.4474182128906 70.1877822875977 70.1286010742188 69.6484756469727 70.1828460693359 70.3316497802734 71.6053848266602 72.5070877075195 73.885124206543 75.7809295654297 77.3001251220703 76.847900390625 75.2266616821289 74.5797500610352 72.6895980834961 72.3865127563477 -9999 -9999 71.6248474121094 71.7172164916992 -9999 -9999 -9999 -9999 -9999 -9999 -9999 -9999 -9999
76.5388336181641 77.5367050170898 77.8472671508789 78.0812835693359 77.2065277099609 76.4566116333008 74.8743515014648 74.0759353637695 73.158317565918 72.4766235351562 71.5560989379883 71.51513671875 71.2164306640625 70.7761917114258 69.6900939941406 68.8439331054688 67.8482513427734 66.6539459228516 66.9324417114258 68.3871765136719 70.0178985595703 71.3787841796875 73.0841293334961 73.5252304077148 73.07177734375 73.1576843261719 72.8762969970703 73.1511154174805 73.2250671386719 72.6444091796875 72.0813140869141 71.5422286987305 71.1382827758789 71.1678771972656 71.056770324707 71.0338668823242 71.1340484619141 73.0689849853516 74.0661010742188 75.7376861572266 78.1403961181641 77.9729690551758 77.6407012939453 76.4641494750977 74.6281661987305 -9999 -9999 -9999 -9999 -9999 -9999 -9999 -9999 -9999 -9999 -9999 -9999 -9999 -9999 -9999
77.1863555908203 78.6480407714844 79.6188125610352 79.8203353881836 79.5859909057617 79.0746536254883 77.7690353393555 76.4496612548828 75.4146041870117 74.1899108886719 73.5458297729492 72.6501846313477 72.1118392944336 71.2446746826172 70.3046264648438 69.4843826293945 68.4731140136719 68.3761825561523 68.5080032348633 69.3337554931641 70.5378723144531 72.3125076293945 73.7261199951172 73.781982421875 73.1551818847656 73.1741561889648 73.5768737792969 73.9883728027344 73.8070678710938 73.5454788208008 73.0708694458008 72.3643646240234 72.2081527709961 72.0714492797852 72.5647583007812 72.4031753540039 72.9858779907227 74.1483688354492 75.1458892822266 73.8017883300781 76.4887466430664 78.1844787597656 77.8149261474609 75.1470108032227 -9999 -9999 -9999 -9999 -9999 -9999 -9999 -9999 -9999 -9999 -9999 -9999 -9999 -9999 -9999 -9999
78.3156280517578 80.0493774414062 81.7883911132812 82.7805480957031 82.5952606201172 81.8354644775391 80.4116134643555 79.0834579467773 77.5781021118164 76.0683517456055 75.0453720092773 73.8999176025391 73.0743026733398 72.002571105957 70.9098205566406 70.2727661132812 69.6030197143555 69.2834701538086 69.3356246948242 70.0813369750977 70.8556289672852 72.411506652832 73.4392318725586 74.3503723144531 74.2336883544922 74.3347244262695 74.4018859863281 74.6835174560547 74.8586273193359 74.62109375 74.19580078125 73.4796981811523 73.0422744750977 72.7385482788086 72.73779296875 72.9231262207031 73.862678527832 74.9619827270508 75.5783309936523 75.9652557373047 76.3140563964844 76.5029296875 75.5720520019531 -9999 -9999 -9999 -9999 -9999 -9999 -9999 -9999 -9999 -9999 -9999 -9999 -9999 -9999 -9999 -9999 -9999
79.7165298461914 81.4343948364258 83.2949752807617 84.3219985961914 83.7850875854492 83.5142440795898 82.9580230712891 81.3583526611328 79.3113784790039 77.8362884521484 76.260612487793 74.816162109375 73.818489074707 72.806037902832 71.835693359375 71.0315704345703 70.565185546875 70.0278015136719 70.1933975219727 70.612419128418 71.4115676879883 72.3159561157227 73.3866195678711 73.9744644165039 74.3604507446289 74.5232925415039 74.5576171875 75.1852722167969 75.6535949707031 75.6609344482422 74.7909393310547 73.9918899536133 73.631965637207 73.3536071777344 73.5298690795898 73.5591354370117 74.4811096191406 75.2285232543945 -9999 76.1307601928711 75.0305862426758 76.2401351928711 76.0451431274414 -9999 -9999 -9999 -9999 -9999 -9999 -9999 -9999 -9999 -9999 -9999 -9999 -9999 -9999 -9999 -9999 -9999
81.3735809326172 82.6385879516602 84.157096862793 85.8740997314453 86.4648513793945 86.7291488647461 85.1799774169922 82.8951263427734 80.6303253173828 78.5360794067383 76.9794082641602 75.59765625 74.6478958129883 73.6420593261719 72.2341079711914 71.6416015625 71.0922546386719 70.6372451782227 70.6027145385742 71.1613616943359 71.6601181030273 72.2689361572266 73.3023986816406 73.9664611816406 74.2175140380859 74.6633682250977 74.821662902832 74.9537887573242 75.3906860351562 75.4981002807617 75.2384719848633 74.5251922607422 74.2524719238281 74.1533432006836 74.0396347045898 73.7899780273438 -9999 -9999 -9999 -9999 -9999 -9999 -9999 -9999 -9999 -9999 -9999 -9999 -9999 -9999 -9999 -9999 -9999 -9999 -9999 -9999 -9999 -9999 -9999 -9999
82.9326095581055 84.8482513427734 85.3496246337891 89.5196304321289 91.4311447143555 89.7843475341797 86.4993057250977 83.5005264282227 82.1051864624023 78.6726608276367 76.9636383056641 75.6948165893555 75.3158721923828 74.3215637207031 72.9913330078125 71.9937973022461 71.5202026367188 71.2113800048828 71.0738906860352 71.2291717529297 71.5768966674805 72.0629196166992 72.8445205688477 73.4969253540039 73.7755966186523 74.1572113037109 74.7525482177734 74.8687744140625 75.3437042236328 74.9730987548828 74.1949157714844 74.855354309082 74.8428802490234 74.4467086791992 74.4081497192383 -9999 -9999 -9999 -9999 -9999 -9999 -9999 -9999 -9999 -9999 -9999 -9999 -9999 -9999 -9999 -9999 -9999 -9999 -9999 -9999 -9999 -9999 -9999 -9999 -9999
87.9291687011719 89.2112884521484 89.9651947021484 92.5110549926758 91.8481369018555 91.6378479003906 -9999 -9999 -9999 -9999 -9999 76.9510879516602 75.6031036376953 74.5119857788086 73.8962326049805 71.8150634765625 71.3419570922852 71.5015411376953 71.3192291259766 71.0724639892578 71.4663696289062 71.9688568115234 72.780517578125 73.2145309448242 73.516471862793 73.8633804321289 -9999 -9999 -9999 -9999 -9999 -9999 -9999 -9999 -9999 -9999 -9999 -9999 -9999 -9999 -9999 -9999 -9999 -9999 -9999 -9999 -9999 -9999 -9999 -9999 -9999 -9999 -9999 -9999 -9999 -9999 -9999 -9999 -9999 -9999
94.9286575317383 95.6501541137695 93.1550521850586 90.3493881225586 87.0462646484375 -9999 -9999 -9999 -9999 -9999 -9999 -9999 -9999 -9999 -9999 72.4569854736328 71.9832229614258 71.4532318115234 71.1876525878906 71.0917587280273 71.3935852050781 71.8707885742188 -9999 -9999 -9999 -9999 -9999 -9999 -9999 -9999 -9999 -9999 -9999 -9999 -9999 -9999 -9999 -9999 -9999 -9999 -9999 -9999 -9999 -9999 -9999 -9999 -9999 -9999 -9999 -9999 -9999 -9999 -9999 -9999 -9999 -9999 -9999 -9999 -9999 -9999
98.7636566162109 98.155143737793 94.0489654541016 87.9630661010742 86.6761169433594 -9999 -9999 -9999 -9999 -9999 -9999 76.9072113037109 -9999 -9999 -9999 72.7980270385742 72.1518020629883 71.4225540161133 70.5160827636719 70.675048828125 71.194221496582 -9999 -9999 -9999 -9999 -9999 -9999 -9999 -9999 -9999 -9999 -9999 -9999 -9999 -9999 -9999 -9999 -9999 -9999 -9999 -9999 -9999 -9999 -9999 -9999 -9999 -9999 -9999 -9999 -9999 -9999 -9999 -9999 -9999 -9999 -9999 -9999 -9999 -9999 -9999
101.786239624023 98.6815185546875 95.4577941894531 88.8865585327148 -9999 -9999 -9999 -9999 -9999 -9999 -9999 -9999 75.0653915405273 -9999 -9999 72.9127655029297 71.9919204711914 71.341064453125 69.8080139160156 70.1766204833984 70.3372650146484 -9999 -9999 -9999 -9999 -9999 -9999 -9999 -9999 -9999 -9999 -9999 -9999 -9999 -9999 -9999 -9999 -9999 -9999 -9999 -9999 -9999 -9999 -9999 -9999 -9999 -9999 -9999 -9999 -9999 -9999 -9999 -9999 -9999 -9999 -9999 -9999 -9999 -9999 -9999
101.845779418945 99.0098190307617 -9999 -9999 -9999 -9999 -9999 -9999 -9999 -9999 -9999 -9999 -9999 -9999 -9999 72.6016387939453 72.11669921875 71.0829315185547 70.2190628051758 70.1427841186523 -9999 -9999 -9999 -9999 -9999 -9999 -9999 -9999 -9999 -9999 -9999 -9999 -9999 -9999 -9999 -9999 -9999 -9999 -9999 -9999 -9999 -9999 -9999 -9999 -9999 -9999 -9999 -9999 -9999 -9999 -9999 -9999 -9999 -9999 -9999 -9999 -9999 99.4199600219727 -9999 -9999
-9999 -9999 -9999 -9999 -9999 -9999 -9999 -9999 -9999 -9999 -9999 -9999 -9999 -9999 -9999 72.9081649780273 72.4480743408203 71.6583938598633 70.3254928588867 70.0910797119141 69.7869110107422 -9999 -9999 -9999 -9999 -9999 -9999 -9999 -9999 -9999 -9999 -9999 -9999 -9999 -9999 -9999 -9999 -9999 -9999 -9999 -9999 -9999 -9999 -9999 -9999 -9999 -9999 -9999 -9999 -9999 -9999 -9999 -9999 -9999 -9999 -9999 -9999 -9999 -9999 -9999
