02 cropping and modelling/wc2.1_10m_bio_2.asc
NCOLS 368 
NROWS 210 
XLLCORNER 67.1666666666667 
YLLCORNER 3.5 
CELLSIZE 0.166666666666667 
NODATA_value -9999 
[rows 81 to 107 of 210, columns 60 to 119 of 368]
-9999 -9999 -9999 -9999 -9999 -9999 13.4274587631226 13.366229057312 13.3945407867432 13.6648120880127 13.5903329849243 13.6695413589478 13.6282711029053 13.7584991455078 13.7431669235229 13.7660617828369 13.6239585876465 13.392707824707 13.0755624771118 12.6162710189819 12.6674795150757 12.870041847229 12.6702299118042 12.4558334350586 12.2490205764771 12.6872711181641 12.6571464538574 12.6878547668457 12.6298961639404 12.4289789199829 12.5288333892822 12.418041229248 12.4329795837402 12.4841041564941 12.3175830841064 12.1343126296997 11.8231248855591 11.8362083435059 11.6845216751099 11.845853805542 11.7562084197998 11.7054586410522 11.8421669006348 11.8049793243408 12.0074787139893 12.2183122634888 12.3499794006348 12.2825412750244 12.0723743438721 11.8966255187988 11.882604598999 11.836145401001 11.5672092437744 11.3489999771118 11.6845417022705 11.7620840072632 11.701042175293 11.5545825958252 11.6494998931885 11.6595411300659
-9999 -9999 -9999 -9999 -9999 -9999 -9999 -9999 13.5718336105347 13.5361452102661 13.4391670227051 13.3880634307861 13.5831670761108 13.6229791641235 13.7065410614014 13.5833539962769 13.1712703704834 12.7712087631226 12.8352918624878 13.0637912750244 13.0161666870117 13.0613536834717 13.0601663589478 12.8494997024536 12.8762712478638 12.8890829086304 12.9230003356934 12.8226451873779 12.5869998931885 12.6092920303345 12.3700838088989 12.6119585037231 12.5089588165283 12.5902090072632 12.425853729248 12.2409381866455 12.1157083511353 12.1539583206177 11.9266042709351 11.5353336334229 11.3063335418701 11.632625579834 11.9153537750244 12.0411672592163 12.1199378967285 12.3128957748413 12.344500541687 12.1742286682129 12.0863752365112 12.0114793777466 11.6325416564941 11.4237089157104 11.2228336334229 11.4016666412354 11.8577079772949 11.5869169235229 11.6842288970947 11.7719383239746 11.8145627975464 11.7591247558594
-9999 -9999 -9999 -9999 -9999 -9999 -9999 -9999 -9999 13.5381460189819 13.4421672821045 13.4450006484985 13.474437713623 13.1539163589478 13.2046041488647 12.9082288742065 12.7008333206177 12.9626865386963 13.3688335418701 13.3802709579468 13.2619371414185 13.1074380874634 12.9444999694824 12.8999166488647 12.9102926254272 12.9031667709351 12.8630418777466 12.7275419235229 12.6242084503174 12.5607709884644 12.4637298583984 12.5310201644897 12.4944581985474 12.5067081451416 12.1845207214355 11.9661045074463 11.7222089767456 11.8039169311523 11.7812299728394 11.6667079925537 11.5895004272461 11.8248739242554 11.8888330459595 11.8416032791138 11.7301044464111 12.1678113937378 12.1700830459595 12.233624458313 12.0347499847412 11.5589580535889 11.1471452713013 11.3219585418701 11.6637287139893 11.6165838241577 11.7124576568604 11.672812461853 11.8135833740234 11.8401250839233 11.8507080078125 11.7131042480469
-9999 -9999 -9999 -9999 -9999 -9999 -9999 -9999 -9999 -9999 -9999 13.3120412826538 13.1054162979126 12.947208404541 12.969895362854 13.2260417938232 13.5211248397827 13.6451044082642 13.5345211029053 13.1284580230713 12.8583745956421 12.7093544006348 12.9118537902832 12.9315414428711 12.6467704772949 12.4945411682129 12.5865001678467 12.5713129043579 12.4492502212524 12.386417388916 12.3471040725708 12.0787086486816 12.4340209960938 12.5907917022705 12.2370004653931 12.0874996185303 12.0482912063599 12.0831251144409 11.9187078475952 12.0472087860107 11.7583122253418 11.890832901001 12.0506458282471 12.0278539657593 12.1696043014526 12.124792098999 11.8747081756592 11.8019790649414 11.7708539962769 11.6081867218018 11.7523746490479 11.721061706543 11.6967296600342 11.6909589767456 11.7126874923706 11.7868957519531 11.857292175293 11.7759170532227 11.7184791564941 11.7531452178955
-9999 -9999 -9999 -9999 -9999 -9999 -9999 -9999 -9999 -9999 -9999 -9999 13.3813753128052 13.2478542327881 13.4226865768433 13.6614370346069 13.5977087020874 13.2517290115356 13.2274789810181 13.0901870727539 12.7247076034546 12.7570838928223 12.7627296447754 12.3886451721191 11.8569793701172 12.4444999694824 12.3140411376953 12.3089370727539 12.2204999923706 12.1332092285156 12.1559371948242 12.2372913360596 12.3206663131714 12.141562461853 11.5363750457764 11.7069578170776 11.9847917556763 12.043833732605 12.0169372558594 12.0362911224365 11.9976043701172 11.950291633606 11.7428960800171 11.7171459197998 11.7373123168945 11.6550407409668 11.7596254348755 11.8473119735718 11.741021156311 11.5934791564941 11.7096672058105 11.7180624008179 11.6982288360596 11.6877498626709 11.6478748321533 11.7289371490479 11.8453960418701 11.7369375228882 11.614146232605 11.7744998931885
-9999 -9999 -9999 -9999 -9999 -9999 -9999 -9999 -9999 -9999 -9999 -9999 -9999 -9999 13.7805423736572 13.5262289047241 13.1232290267944 13.3952083587646 13.5050001144409 13.0835418701172 12.6621036529541 12.8490839004517 12.5484991073608 12.0207500457764 11.6391668319702 12.6383962631226 12.3157291412354 12.1790418624878 12.4647703170776 12.414249420166 12.3520412445068 11.9423542022705 12.037166595459 10.3562297821045 10.6940622329712 12.0197496414185 12.2019166946411 11.9223117828369 11.9285831451416 11.9581661224365 12.0790205001831 12.1355419158936 12.1517295837402 11.9305830001831 11.6150207519531 11.4984378814697 11.6147918701172 11.4101247787476 11.3583335876465 11.3882293701172 11.2305212020874 11.3729581832886 11.6158332824707 11.5034370422363 11.5707912445068 11.6925840377808 11.670708656311 11.629771232605 11.6671457290649 11.6628332138062
-9999 -9999 -9999 -9999 -9999 -9999 -9999 -9999 -9999 -9999 -9999 -9999 -9999 -9999 -9999 13.2137088775635 13.310188293457 13.3668746948242 13.3137912750244 13.0795412063599 13.0767707824707 13.0668125152588 12.811354637146 12.6428127288818 12.5906248092651 12.6085834503174 12.1762294769287 11.8210420608521 11.661021232605 11.5505418777466 11.9862079620361 11.5036458969116 12.0932912826538 11.9433536529541 12.1115417480469 12.0539169311523 11.9552707672119 11.7013750076294 11.4736251831055 11.592583656311 11.8050212860107 11.6881875991821 11.8072080612183 11.5879583358765 11.4139165878296 11.5971250534058 11.4617290496826 11.1181039810181 11.127833366394 11.1348123550415 10.9160003662109 10.8835830688477 11.2797918319702 11.1154584884644 11.1648960113525 11.1117706298828 11.3991250991821 11.1634159088135 11.5736455917358 11.6981248855591
-9999 -9999 -9999 -9999 -9999 -9999 -9999 -9999 -9999 -9999 -9999 -9999 -9999 -9999 -9999 -9999 13.1498126983643 12.9978342056274 13.1388959884644 13.1647291183472 13.1294994354248 13.2287082672119 12.4872703552246 12.5848541259766 12.9303951263428 12.4678544998169 12.4680414199829 12.1536455154419 11.7240419387817 11.269645690918 11.2950210571289 11.0233745574951 11.0164995193481 11.5736675262451 11.410249710083 11.4622077941895 11.471791267395 11.2340631484985 11.5875215530396 11.6576461791992 11.1696672439575 11.0919170379639 11.1040000915527 11.3535833358765 11.6499586105347 11.3165416717529 11.4140005111694 11.087833404541 10.9768123626709 11.2710628509521 11.2458953857422 10.7327919006348 11.2341871261597 11.2908744812012 11.3585834503174 11.2161455154419 11.2300205230713 10.9440631866455 11.3219795227051 11.5768747329712
-9999 -9999 -9999 -9999 -9999 -9999 -9999 -9999 -9999 -9999 -9999 -9999 -9999 -9999 -9999 -9999 -9999 13.184666633606 13.1232500076294 12.5901880264282 13.0617084503174 12.9879589080811 12.7528963088989 12.3968124389648 12.4941663742065 12.5157499313354 12.1216049194336 11.9904365539551 11.4925832748413 11.1962289810181 11.0591249465942 11.0060415267944 10.958062171936 10.8892707824707 10.9358749389648 11.4540004730225 11.4431037902832 11.342583656311 11.0536041259766 11.4682083129883 10.6253128051758 10.6959171295166 10.4714164733887 10.705020904541 10.6560211181641 11.2691879272461 11.1547918319702 11.2126035690308 10.9521245956421 10.8983125686646 11.2633123397827 11.3090620040894 11.2247295379639 11.4113750457764 11.307520866394 11.2559795379639 11.2028331756592 11.0213537216187 11.2508955001831 11.424729347229
-9999 -9999 -9999 -9999 -9999 -9999 -9999 -9999 -9999 -9999 -9999 -9999 -9999 -9999 -9999 -9999 -9999 -9999 13.3259582519531 13.0789585113525 13.0932083129883 13.0101461410522 13.1317081451416 12.7477083206177 12.5173749923706 12.850604057312 12.6031036376953 12.2251672744751 11.8589162826538 11.6311254501343 11.2744379043579 11.4226036071777 11.5209589004517 11.6031875610352 11.6064586639404 11.8339376449585 11.7471256256104 11.395396232605 10.8385210037231 10.8351039886475 11.1446046829224 11.4681043624878 10.8067083358765 10.8170204162598 11.1648120880127 11.6283960342407 11.4127292633057 11.2943954467773 11.1900415420532 11.0963535308838 10.7593955993652 10.8207502365112 10.9634370803833 11.1749382019043 11.2847080230713 11.2483959197998 11.2366247177124 11.3194789886475 11.387770652771 11.3768129348755
-9999 -9999 -9999 -9999 -9999 -9999 -9999 -9999 -9999 -9999 -9999 -9999 -9999 -9999 -9999 -9999 -9999 -9999 -9999 13.6764583587646 13.7623128890991 13.4303750991821 12.921854019165 12.4330415725708 12.7240209579468 12.8996458053589 12.6901664733887 12.4966049194336 12.2661457061768 12.1442289352417 12.0230836868286 11.7948122024536 11.8853750228882 11.9189786911011 11.8907709121704 11.8312082290649 11.8896255493164 11.6536874771118 11.2536668777466 11.3020210266113 11.4860210418701 11.2272491455078 11.1886873245239 11.2060623168945 11.7121877670288 11.625 11.3901243209839 11.0671463012695 11.0914373397827 10.9906044006348 11.0624580383301 11.2604999542236 11.2286252975464 10.7537708282471 11.142707824707 11.2789793014526 11.254771232605 11.3059587478638 11.3572092056274 11.3689584732056
-9999 -9999 -9999 -9999 -9999 -9999 -9999 -9999 -9999 -9999 -9999 -9999 -9999 -9999 -9999 -9999 -9999 -9999 -9999 -9999 13.5060834884644 13.5168123245239 13.414083480835 12.3041248321533 12.7946043014526 12.9141454696655 12.3573122024536 12.3362503051758 12.2290830612183 12.0058336257935 12.1953125 12.0164384841919 12.0493125915527 11.8250827789307 11.7926044464111 11.8093328475952 11.6440830230713 11.6533966064453 11.3505001068115 11.355562210083 11.0414791107178 10.995792388916 11.531270980835 11.0470628738403 11.6324787139893 11.5061044692993 11.4380836486816 11.3545417785645 11.2307081222534 10.8841037750244 11.0560417175293 11.3352088928223 11.2340202331543 10.863187789917 11.1966037750244 11.2803544998169 11.2177085876465 11.0294380187988 11.1501874923706 11.0238752365112
-9999 -9999 -9999 -9999 -9999 -9999 -9999 -9999 -9999 -9999 -9999 -9999 -9999 -9999 -9999 -9999 -9999 -9999 -9999 -9999 -9999 13.5193328857422 13.5499582290649 13.4749784469604 13.3745212554932 13.1478958129883 12.5403747558594 11.9457082748413 12.0057706832886 11.8089170455933 11.9363126754761 11.9428958892822 11.4747705459595 11.4466457366943 11.5323963165283 11.4731664657593 11.3334789276123 11.5828952789307 11.5073118209839 11.3068962097168 10.7677707672119 11.1106872558594 11.4034795761108 11.0311880111694 11.0823125839233 11.4687080383301 11.3032293319702 11.3278541564941 10.8631248474121 10.5353536605835 10.4442501068115 10.5290412902832 10.5961246490479 10.8846044540405 10.805645942688 11.2101039886475 11.1472291946411 10.685604095459 10.9452285766602 10.9168548583984
-9999 -9999 -9999 -9999 -9999 -9999 -9999 -9999 -9999 -9999 -9999 -9999 -9999 -9999 -9999 -9999 -9999 -9999 -9999 -9999 -9999 -9999 13.2573747634888 12.9940004348755 12.6595830917358 13.0250825881958 12.4550628662109 11.4333543777466 11.9042711257935 11.7757081985474 11.3041667938232 11.3823957443237 10.7954168319702 10.9163541793823 10.8027076721191 10.679895401001 11.1666040420532 11.6217708587646 11.6505212783813 11.3970003128052 11.5815620422363 11.3339586257935 11.1702709197998 11.0907707214355 10.9486875534058 11.2075204849243 11.1134586334229 10.7306871414185 10.5138330459595 10.308687210083 10.9541664123535 11.2556667327881 11.2346248626709 11.3172082901001 11.0539579391479 10.9026870727539 10.5993127822876 10.8230419158936 10.978458404541 10.7241668701172
-9999 -9999 -9999 -9999 -9999 -9999 -9999 -9999 -9999 -9999 -9999 -9999 -9999 -9999 -9999 -9999 -9999 -9999 -9999 -9999 -9999 -9999 -9999 12.5363750457764 12.0424995422363 11.8237705230713 11.1970624923706 10.9963541030884 11.2181034088135 11.1711254119873 10.6478338241577 10.8359375 11.0628538131714 10.2619590759277 10.246208190918 10.8158540725708 11.2171249389648 11.7685203552246 11.7083749771118 11.7226667404175 11.6106252670288 11.2784376144409 11.5868129730225 11.469687461853 11.108229637146 10.8869581222534 10.8865213394165 10.6414165496826 10.6131458282471 10.8543758392334 10.8036870956421 11.1144790649414 11.4383335113525 11.2697706222534 10.9878540039062 10.6881666183472 11.0157289505005 11.035228729248 10.8801250457764 10.757833480835
-9999 -9999 -9999 -9999 -9999 -9999 -9999 -9999 -9999 -9999 -9999 -9999 -9999 -9999 -9999 -9999 -9999 -9999 -9999 -9999 -9999 -9999 -9999 11.9944162368774 12.158332824707 12.082145690918 11.5872917175293 11.2370834350586 11.0743551254272 11.4474172592163 11.2917909622192 11.4662284851074 11.7735204696655 11.3214797973633 10.5450410842896 11.230354309082 11.1393957138062 11.0862083435059 11.4055414199829 11.5152921676636 11.5438966751099 11.2722291946411 11.1872501373291 11.2078542709351 11.3308124542236 11.1303548812866 11.374041557312 11.0146455764771 10.8225002288818 10.4972715377808 10.6747283935547 11.2323131561279 11.3363742828369 11.2066869735718 10.5421876907349 10.6771879196167 10.7074995040894 10.9183959960938 10.6426658630371 10.6331253051758
-9999 -9999 -9999 -9999 -9999 -9999 -9999 -9999 -9999 -9999 -9999 -9999 -9999 -9999 -9999 -9999 -9999 -9999 -9999 -9999 -9999 -9999 -9999 -9999 12.4652290344238 12.4734382629395 12.3361873626709 11.9001874923706 11.7923965454102 11.8642711639404 11.6085004806519 11.4010419845581 11.7573957443237 11.7001667022705 11.1762084960938 11.3095836639404 11.0403327941895 11.27476978302 11.0260200500488 11.209020614624 11.3942499160767 11.6020002365112 11.2564163208008 11.4496040344238 11.2176666259766 11.3101663589478 11.311562538147 10.7411041259766 10.1847286224365 10.540228843689 11.0480833053589 11.0128335952759 10.7692699432373 11.0731248855591 10.6750831604004 10.3202295303345 10.9049377441406 10.8300828933716 10.6349792480469 10.5042495727539
-9999 -9999 -9999 -9999 -9999 -9999 -9999 -9999 -9999 -9999 -9999 -9999 -9999 -9999 -9999 -9999 -9999 -9999 -9999 -9999 -9999 -9999 -9999 -9999 12.8674583435059 12.7956037521362 12.6641664505005 12.2721662521362 12.1212921142578 11.9870004653931 11.8352708816528 11.6303958892822 11.5604791641235 11.5425624847412 11.3643550872803 11.2925624847412 11.1809167861938 11.3599586486816 11.2708339691162 11.1478338241577 11.619291305542 11.5984992980957 11.674729347229 11.0657081604004 10.5736036300659 10.7744169235229 10.8416042327881 10.3688335418701 10.2593536376953 10.8329162597656 11.1189584732056 11.2451457977295 10.9630002975464 10.7002286911011 10.2297077178955 10.0758953094482 10.6054372787476 10.6557083129883 10.4171457290649 10.2188329696655
-9999 -9999 -9999 -9999 -9999 -9999 -9999 -9999 -9999 -9999 -9999 -9999 -9999 -9999 -9999 -9999 -9999 -9999 -9999 -9999 -9999 -9999 -9999 -9999 13.0067710876465 12.7851877212524 12.6420211791992 12.302583694458 12.0686664581299 12.0945625305176 11.9886665344238 11.7522077560425 11.6111249923706 11.7313547134399 11.6513538360596 11.6359167098999 11.5119581222534 11.4292078018188 11.1098337173462 11.0540838241577 11.7337503433228 11.9075412750244 11.8244581222534 11.352520942688 10.2354373931885 10.5300407409668 10.966667175293 10.4828748703003 10.635687828064 10.8028335571289 11.0750617980957 11.1424579620361 11.0832920074463 10.6360626220703 9.57760429382324 9.35831260681152 9.61635398864746 10.4636459350586 10.3141870498657 10.0833539962769
-9999 -9999 -9999 -9999 -9999 -9999 -9999 -9999 -9999 -9999 -9999 -9999 -9999 -9999 -9999 -9999 -9999 -9999 -9999 -9999 -9999 -9999 -9999 -9999 12.97043800354 12.7749376296997 12.6333122253418 12.2517709732056 12.1381664276123 12.2001047134399 12.1001243591309 11.9705629348755 11.8361253738403 11.7733125686646 11.7409381866455 11.7871046066284 11.6734170913696 11.6478128433228 10.8972082138062 10.8422708511353 11.5738544464111 11.7982501983643 11.9575834274292 11.6857290267944 10.6650829315186 10.7775621414185 11.3010625839233 10.3988332748413 10.5448751449585 10.7699794769287 11.0723752975464 11.1161661148071 11.0332498550415 10.3427705764771 9.43114566802979 9.16616630554199 10.0973749160767 10.2135829925537 10.0001039505005 9.76533317565918
-9999 -9999 -9999 -9999 -9999 -9999 -9999 -9999 -9999 -9999 -9999 -9999 -9999 -9999 -9999 -9999 -9999 -9999 -9999 -9999 -9999 -9999 -9999 -9999 -9999 12.6533126831055 12.3962287902832 12.3377294540405 12.3091459274292 12.1272296905518 12.0475416183472 11.7596035003662 11.5888967514038 11.558687210083 11.6723337173462 11.5411043167114 11.6013336181641 11.4857091903687 11.0025415420532 10.1916456222534 10.7299165725708 11.7303953170776 11.3056879043579 11.1755628585815 10.7583751678467 10.6861248016357 10.8307914733887 10.3567714691162 10.380895614624 10.6145629882812 10.6276874542236 10.8087711334229 10.8005418777466 10.3909797668457 9.56672859191895 9.48018741607666 10.1878538131714 10.0368747711182 9.81883335113525 9.37840270996094
-9999 -9999 -9999 -9999 -9999 -9999 -9999 -9999 -9999 -9999 -9999 -9999 -9999 -9999 -9999 -9999 -9999 -9999 -9999 -9999 -9999 -9999 -9999 -9999 -9999 12.5347919464111 12.3707914352417 12.2034788131714 12.2041673660278 12.1192293167114 11.7654581069946 11.3941459655762 11.2287921905518 11.7516040802002 11.7231664657593 11.5760202407837 11.4394998550415 11.9060621261597 11.7996044158936 11.2104997634888 11.3512077331543 11.5160627365112 11.243896484375 10.3658752441406 10.9323539733887 11.1748123168945 10.2645835876465 10.4997081756592 10.3819589614868 10.4873962402344 10.3236255645752 10.6407699584961 10.2918548583984 10.0043544769287 9.82062530517578 9.87106323242188 9.52914619445801 9.63208293914795 9.52467918395996 9.09583377838135
-9999 -9999 -9999 -9999 -9999 -9999 -9999 -9999 -9999 -9999 -9999 -9999 -9999 -9999 -9999 -9999 -9999 -9999 -9999 -9999 -9999 -9999 -9999 -9999 -9999 12.2895002365112 12.1525831222534 12.2992506027222 12.0053539276123 12.0220413208008 11.6266040802002 11.7812910079956 11.8622493743896 11.7947082519531 11.9921455383301 12.0041246414185 11.6230201721191 11.9478120803833 11.4856672286987 11.0609378814697 11.148229598999 11.2992506027222 10.6820840835571 10.8724784851074 10.983437538147 11.007833480835 10.7554368972778 10.408166885376 10.5836668014526 10.3381662368774 9.88039588928223 10.0175628662109 10.1894378662109 10.2123746871948 9.77270793914795 9.96891689300537 9.82129192352295 9.54667472839355 9.28684902191162 -9999
-9999 -9999 -9999 -9999 -9999 -9999 -9999 -9999 -9999 -9999 -9999 -9999 -9999 -9999 -9999 -9999 -9999 -9999 -9999 -9999 -9999 -9999 -9999 -9999 -9999 12.0707492828369 12.0453748703003 12.1765203475952 12.0160627365112 11.9633960723877 11.6801242828369 11.9035835266113 11.9033126831055 11.6809167861938 11.7140417098999 11.5796871185303 11.6034164428711 11.8749370574951 11.2488126754761 10.9789791107178 11.0472087860107 11.1711044311523 10.9838743209839 10.7940626144409 10.306812286377 10.7701873779297 11.2235622406006 10.6961250305176 10.4733963012695 10.2666044235229 9.82906246185303 9.57583332061768 9.8233118057251 10.2714576721191 10.0045623779297 9.78804111480713 9.53031253814697 9.31556987762451 8.80869579315186 -9999
-9999 -9999 -9999 -9999 -9999 -9999 -9999 -9999 -9999 -9999 -9999 -9999 -9999 -9999 -9999 -9999 -9999 -9999 -9999 -9999 -9999 -9999 -9999 -9999 -9999 12.1088743209839 11.8852920532227 11.8649158477783 11.9479370117188 11.8549375534058 11.638708114624 11.8078126907349 11.9867286682129 11.4603538513184 10.9546241760254 11.3445205688477 11.4501876831055 11.6903743743896 11.5214376449585 11.4517917633057 11.3672704696655 11.5672702789307 11.1291465759277 11.1158752441406 11.0003128051758 10.7814159393311 10.8374795913696 10.8283538818359 10.6418542861938 10.3031873703003 10.151270866394 10.125750541687 10.1414165496826 10.0602712631226 9.73743724822998 9.52941608428955 9.44479179382324 9.24241638183594 8.75801467895508 -9999
-9999 -9999 -9999 -9999 -9999 -9999 -9999 -9999 -9999 -9999 -9999 -9999 -9999 -9999 -9999 -9999 -9999 -9999 -9999 -9999 -9999 -9999 -9999 -9999 -9999 -9999 11.7655410766602 11.962103843689 11.9013338088989 11.5210828781128 11.6253757476807 11.4188966751099 11.6907711029053 11.4147701263428 11.7467079162598 11.7487287521362 11.6298332214355 11.4072713851929 11.5694789886475 11.5572290420532 11.4063749313354 11.2451038360596 11.0110416412354 10.8471460342407 10.224458694458 10.306396484375 10.0777912139893 10.7266044616699 10.5666666030884 10.1903123855591 10.0992498397827 9.74160385131836 9.58983325958252 9.71287536621094 9.61562538146973 9.3510627746582 9.29262542724609 8.85542678833008 8.2993335723877 7.47791624069214
-9999 -9999 -9999 -9999 -9999 -9999 -9999 -9999 -9999 -9999 -9999 -9999 -9999 -9999 -9999 -9999 -9999 -9999 -9999 -9999 -9999 -9999 -9999 -9999 -9999 -9999 11.3500833511353 11.7283134460449 11.5161046981812 11.5387706756592 11.275520324707 11.1018123626709 11.5280838012695 11.5629577636719 11.7319583892822 11.7472295761108 11.3195629119873 11.2607088088989 11.2933540344238 11.0041666030884 10.1344165802002 10.0443124771118 9.91616725921631 10.0294170379639 10.1646881103516 9.63983345031738 9.62295818328857 9.57197952270508 9.67641735076904 9.84043788909912 9.79347896575928 9.62135410308838 9.49860382080078 9.39987468719482 9.22789573669434 9.15206146240234 9.01424980163574 8.54992866516113 8.36777210235596 -9999
