02 cropping and modelling/wc2.1_10m_bio_11.asc
NCOLS 368 
NROWS 210 
XLLCORNER 67.1666666666667 
YLLCORNER 3.5 
CELLSIZE 0.166666666666667 
NODATA_value -9999 
[rows 0 to 26 of 210, columns 60 to 119 of 368]
-9999 -9999 -9999 -9999 -9999 -9999 -9999 -9999 -9999 -9999 -9999 -9999 -9999 -9999 -9999 -9999 -9999 -9999 -9999 -9999 -9999 -9999 -9999 -9999 -9999 -9999 -9999 -9999 -9999 -9999 -9999 -9999 -9999 -9999 -9999 -9999 -9999 -9999 -9999 -9999 -9999 -9999 -9999 -9999 -9999 -9999 -9999 -9999 -9999 -9999 -9999 -9999 -9999 -9999 -9999 -9999 -9999 -9999 -9999 -9999
-2.2234582901001 -2.34583353996277 -2.72762513160706 -2.93404173851013 -3.05025005340576 -3.25833320617676 -3.50933337211609 -9999 -9999 -9999 -9999 -9999 -9999 -9999 -9999 -9999 -9999 -9999 -9999 -9999 -9999 -9999 -9999 -9999 -9999 -9999 -9999 -9999 -9999 -9999 -9999 -9999 -9999 -9999 -9999 -9999 -9999 -9999 -9999 -9999 -9999 -9999 -9999 -9999 -9999 -9999 -9999 -9999 -9999 -9999 -9999 -9999 -9999 -9999 -9999 -9999 -9999 -9999 -9999 -9999
-2.1341667175293 -2.29304170608521 -2.78491687774658 -2.79462504386902 -2.99254179000854 -3.29195833206177 -3.58620834350586 -3.89600014686584 -3.98333334922791 -3.81970834732056 -3.82687497138977 -3.78279161453247 -3.84912490844727 -3.8529167175293 -3.96916675567627 -4.0265417098999 -9999 -9999 -9999 -9999 -9999 -9999 -9999 -9999 -9999 -9999 -9999 -9999 -9999 -9999 -9999 -9999 -9999 -9999 -9999 -9999 -9999 -9999 -9999 -9999 -9999 -9999 -9999 -9999 -9999 -9999 -9999 -9999 -9999 -9999 -9999 -9999 -9999 -9999 -9999 -9999 -9999 -9999 -9999 -9999
-2.21350002288818 -2.41420841217041 -2.61541676521301 -2.84504175186157 -2.9850001335144 -3.23704171180725 -3.57879185676575 -3.84474992752075 -3.94420838356018 -3.86370849609375 -3.81795835494995 -3.7056667804718 -3.715083360672 -3.79170846939087 -3.90379166603088 -3.93149995803833 -3.97608351707458 -3.8997917175293 -3.71679162979126 -3.55445837974548 -3.62337517738342 -9999 -9999 -9999 -9999 -9999 -9999 -9999 -9999 -9999 -9999 -9999 -9999 -9999 -9999 -9999 -9999 -9999 -9999 -9999 -9999 -9999 -9999 -9999 -9999 -9999 -9999 -9999 -9999 -9999 -9999 -9999 -9999 -9999 -9999 -9999 -9999 -9999 -9999 -9999
-3.04287505149841 -2.83391690254211 -2.89379167556763 -2.99795842170715 -3.03099989891052 -3.20541667938232 -3.52200031280518 -3.59466671943665 -3.75433325767517 -3.7868332862854 -3.74704170227051 -3.59012508392334 -3.51058340072632 -3.63045835494995 -3.77083349227905 -3.77220845222473 -3.76208353042603 -3.54887509346008 -3.36708307266235 -3.23812508583069 -3.44858336448669 -3.62399983406067 -3.66920852661133 -3.68358325958252 -3.60166668891907 -9999 -9999 -9999 -9999 -9999 -9999 -9999 -9999 -9999 -9999 -9999 -9999 -9999 -9999 -9999 -9999 -9999 -9999 -9999 -9999 -9999 -9999 -9999 -9999 -9999 -9999 -9999 -9999 -9999 -9999 -9999 -9999 -9999 -9999 -9999
-3.71820831298828 -3.64116668701172 -3.72470831871033 -3.98545837402344 -3.75225019454956 -3.44195818901062 -3.11712503433228 -3.2848334312439 -3.39791679382324 -3.47870850563049 -3.55929160118103 -3.27804183959961 -3.05487489700317 -3.23241662979126 -3.30024981498718 -3.24312496185303 -3.14520835876465 -3.02491688728333 -2.96875 -3.20329189300537 -3.32641673088074 -3.46733331680298 -3.46741652488708 -3.51725006103516 -3.54212498664856 -3.35350012779236 -3.09354162216187 -3.2054169178009 -9999 -9999 -9999 -9999 -9999 -9999 -9999 -9999 -9999 -9999 -9999 -9999 -9999 -9999 -9999 -9999 -9999 -9999 -9999 -9999 -9999 -9999 -9999 -9999 -9999 -9999 -9999 -9999 -9999 -9999 -9999 -9999
-4.92816686630249 -4.58408308029175 -4.54358339309692 -4.74620819091797 -4.52141666412354 -4.08795833587646 -3.78474998474121 -3.31183338165283 -3.19304156303406 -3.14087510108948 -3.27229189872742 -3.04804158210754 -2.796875 -2.73991680145264 -2.66637492179871 -2.7977499961853 -2.74837493896484 -2.77512502670288 -2.88700008392334 -3.04641652107239 -3.19149994850159 -3.3172082901001 -3.35391664505005 -3.31708335876465 -3.3002917766571 -3.08187484741211 -2.97666668891907 -3.17925000190735 -3.51037502288818 -3.63683319091797 -3.82416677474976 -9999 -9999 -9999 -9999 -9999 -9999 -9999 -9999 -9999 -9999 -9999 -9999 -9999 -9999 -9999 -9999 -9999 -9999 -9999 -9999 -9999 -9999 -9999 -9999 -9999 -9999 -9999 -9999 -9999
-6.44591665267944 -6.54991674423218 -6.27370834350586 -6.62166690826416 -5.80950021743774 -5.18341684341431 -5.49062490463257 -4.61504173278809 -3.6881251335144 -3.06983327865601 -3.07912492752075 -2.89970827102661 -2.72904181480408 -2.61824989318848 -2.56399989128113 -2.53791666030884 -2.49558329582214 -2.56633329391479 -2.67754173278809 -2.80279159545898 -2.94600009918213 -3.01508355140686 -3.06474995613098 -3.0801248550415 -3.03304171562195 -2.89716672897339 -2.69479179382324 -2.96562504768372 -3.2354998588562 -3.39883351325989 -3.60491681098938 -3.85966682434082 -3.69058322906494 -9999 -9999 -9999 -9999 -9999 -9999 -9999 -9999 -9999 -9999 -9999 -9999 -9999 -9999 -9999 -9999 -9999 -9999 -9999 -9999 -9999 -9999 -9999 -9999 -9999 -9999 -9999
-9.74524974822998 -8.13841724395752 -9.5706672668457 -8.99933338165283 -8.41125011444092 -7.80708312988281 -7.26654195785522 -6.52987480163574 -5.55795812606812 -5.42862510681152 -4.4026665687561 -4.69316673278809 -4.46762466430664 -3.20749998092651 -2.72462511062622 -2.43991684913635 -2.33566665649414 -2.38487482070923 -2.25804162025452 -2.4135000705719 -2.52216649055481 -2.50654172897339 -2.43541669845581 -2.5680832862854 -2.64233326911926 -2.54779171943665 -2.46512508392334 -2.65920853614807 -2.93825006484985 -3.09708333015442 -3.28616642951965 -3.39970827102661 -3.38012504577637 -3.38308334350586 -3.55954170227051 -9999 -9999 -9999 -9999 -9999 -9999 -9999 -9999 -9999 -9999 -9999 -9999 -9999 -9999 -9999 -9999 -9999 -9999 -9999 -9999 -9999 -9999 -9999 -9999 -9999
-12.8622493743896 -10.3002500534058 -11.4890832901001 -12.3934164047241 -11.6274995803833 -13.7024173736572 -9.44529151916504 -9.11545848846436 -8.60220813751221 -7.75904178619385 -7.14337491989136 -6.13966655731201 -5.62074995040894 -4.1359167098999 -3.44295835494995 -3.47795820236206 -3.02441668510437 -3.41812491416931 -2.80433320999146 -2.42570853233337 -2.39879179000854 -2.54633331298828 -2.37741661071777 -2.37100005149841 -2.34545826911926 -2.19204163551331 -2.21500015258789 -2.42433333396912 -2.63583326339722 -2.83833336830139 -3.14054155349731 -3.47237515449524 -3.8080415725708 -3.90129160881042 -4.10058307647705 -4.449791431427 -5.21950006484985 -9999 -9999 -9999 -9999 -9999 -9999 -9999 -9999 -9999 -9999 -9999 -9999 -9999 -9999 -9999 -9999 -9999 -9999 -9999 -9999 -9999 -9999 -9999
-14.3525829315186 -14.0625829696655 -14.7387914657593 -18.9839172363281 -17.1508331298828 -16.286750793457 -13.8456249237061 -17.9051666259766 -13.5917501449585 -11.2929162979126 -9.58083343505859 -8.08441638946533 -6.74745845794678 -5.8435001373291 -6.20125007629395 -5.8805832862854 -4.57558345794678 -5.64191675186157 -5.13779163360596 -4.06408309936523 -3.60574984550476 -3.27912497520447 -2.64004182815552 -2.53470826148987 -2.49874997138977 -2.46920824050903 -2.36162495613098 -2.37337493896484 -2.73933339118958 -3.44950008392334 -4.15245819091797 -4.8024582862854 -5.25854158401489 -5.51645851135254 -6.07291650772095 -6.51012468338013 -7.05775022506714 -7.95862483978271 -9999 -9999 -9999 -9999 -9999 -9999 -9999 -9999 -9999 -9999 -9999 -9999 -9999 -9999 -9999 -9999 -9999 -9999 -9999 -9999 -9999 -9999
-19.1268329620361 -20.9996242523193 -21.486083984375 -20.2498340606689 -17.7556667327881 -15.7454586029053 -14.507040977478 -14.6497917175293 -11.3603754043579 -10.0274171829224 -8.04345893859863 -6.15516662597656 -6.69274997711182 -6.58245849609375 -6.88262510299683 -6.15075016021729 -5.63870811462402 -9.77525043487549 -12.4547080993652 -9.95791625976562 -5.74499988555908 -3.72370839118958 -2.97783327102661 -2.81066656112671 -2.92999982833862 -3.10875010490417 -3.08591651916504 -3.36395835876465 -4.35312509536743 -5.48083353042603 -7.20995807647705 -9.51000022888184 -10.1398334503174 -8.87037467956543 -9.84049987792969 -10.6331253051758 -11.6362495422363 -13.3667917251587 -13.0882911682129 -13.7570829391479 -9999 -9999 -9999 -9999 -9999 -9999 -9999 -9999 -9999 -9999 -9999 -9999 -9999 -9999 -9999 -9999 -9999 -9999 -9999 -9999
-17.5481662750244 -17.5815410614014 -19.5921249389648 -17.7862911224365 -15.4194583892822 -16.5577907562256 -18.8771667480469 -15.5182495117188 -15.3620414733887 -18.5872077941895 -13.1078748703003 -9.51108264923096 -10.1802921295166 -12.9029998779297 -10.0206251144409 -7.57654142379761 -7.20108318328857 -7.5348334312439 -10.2869997024536 -8.86512470245361 -5.70025014877319 -5.14991664886475 -4.11633348464966 -3.74504160881042 -3.80399990081787 -4.22462511062622 -5.41954183578491 -5.35420846939087 -6.84808301925659 -10.7367916107178 -14.7098751068115 -15.3262500762939 -17.4860000610352 -14.1879997253418 -15.7961664199829 -18.1860008239746 -17.8259162902832 -17.4290828704834 -18.5518341064453 -18.0822086334229 -19.0741672515869 -9999 -9999 -9999 -9999 -9999 -9999 -9999 -9999 -9999 -9999 -9999 -9999 -9999 -9999 -9999 -9999 -9999 -9999 -9999
-20.2198753356934 -19.9101657867432 -17.521333694458 -18.8254165649414 -18.9638748168945 -18.546459197998 -16.1474590301514 -16.4541664123535 -16.538875579834 -17.294958114624 -16.851583480835 -18.1422080993652 -17.6017074584961 -16.4093742370605 -11.7684173583984 -8.2388334274292 -8.52979183197021 -10.0296249389648 -9.80858325958252 -8.05074977874756 -7.64854192733765 -6.45891666412354 -6.37125015258789 -5.83566665649414 -6.53795862197876 -6.93249988555908 -7.47479152679443 -9.19737529754639 -13.6411666870117 -19.6050834655762 -17.8183746337891 -19.670166015625 -19.3317909240723 -17.8550415039062 -19.5617504119873 -19.3634166717529 -19.4606666564941 -19.8964157104492 -19.8143329620361 -19.8672924041748 -19.7275409698486 -19.384916305542 -9999 -9999 -9999 -9999 -9999 -9999 -9999 -9999 -9999 -9999 -9999 -9999 -9999 -9999 -9999 -9999 -9999 -9999
-20.1272506713867 -19.7959995269775 -17.8740425109863 -17.8263740539551 -17.7514572143555 -19.4447917938232 -21.0082912445068 -19.9403743743896 -19.1515407562256 -19.2468338012695 -18.8651676177979 -17.1537914276123 -21.6209163665771 -23.4755001068115 -20.7039165496826 -15.1380414962769 -12.2609167098999 -17.2636241912842 -16.646541595459 -11.9425830841064 -12.3110418319702 -10.1530418395996 -9.03995800018311 -10.9637079238892 -11.3884162902832 -12.2548751831055 -15.5714168548584 -15.210958480835 -15.5397920608521 -16.6237506866455 -18.5892505645752 -17.023624420166 -17.1424579620361 -17.628625869751 -18.9101676940918 -19.3622493743896 -19.9586238861084 -20.7326240539551 -20.4108753204346 -20.3076248168945 -20.4352073669434 -19.7958335876465 -19.6128749847412 -9999 -9999 -9999 -9999 -9999 -9999 -9999 -9999 -9999 -9999 -9999 -9999 -9999 -9999 -9999 -9999 -9999
-22.4749584197998 -19.744499206543 -17.996000289917 -19.747875213623 -19.3334159851074 -17.2417087554932 -18.2422924041748 -18.9034576416016 -17.8839588165283 -19.3705425262451 -19.6647491455078 -18.7137508392334 -17.9915409088135 -21.4427490234375 -22.0598335266113 -20.0575408935547 -19.4750003814697 -14.7332496643066 -16.4262084960938 -18.5884590148926 -16.7844581604004 -18.154541015625 -18.5537509918213 -19.77512550354 -19.8443756103516 -18.3726253509521 -19.8714160919189 -18.2527503967285 -18.6312084197998 -16.588041305542 -16.3710842132568 -17.6024589538574 -19.2819995880127 -19.8462924957275 -19.4878749847412 -20.0284595489502 -19.9426670074463 -19.8491249084473 -19.4276256561279 -19.8362922668457 -19.8613758087158 -19.497917175293 -19.2874164581299 -19.4762077331543 -9999 -9999 -9999 -9999 -9999 -9999 -9999 -9999 -9999 -9999 -9999 -9999 -9999 -9999 -9999 -9999
-23.3483753204346 -24.6187915802002 -21.4373321533203 -19.7131671905518 -19.3667087554932 -19.2875823974609 -20.1129589080811 -19.9762916564941 -20.5328330993652 -21.8495826721191 -20.0874996185303 -19.6735420227051 -20.2732925415039 -18.7406253814697 -22.2382507324219 -22.6104583740234 -21.0655002593994 -19.6768741607666 -20.7111663818359 -23.9718322753906 -19.8148746490479 -17.8304576873779 -17.3565425872803 -20.1142082214355 -20.4482498168945 -17.6644992828369 -17.1024169921875 -17.6856250762939 -18.697416305542 -18.2754173278809 -18.910041809082 -21.6916675567627 -19.9579582214355 -20.2293338775635 -20.0427913665771 -19.7071666717529 -18.7862091064453 -18.2601661682129 -18.5309162139893 -19.0280838012695 -18.4934577941895 -18.2379589080811 -18.5844173431396 -18.7726669311523 -19.1111660003662 -9999 -9999 -9999 -9999 -9999 -9999 -9999 -9999 -9999 -9999 -9999 -9999 -9999 -9999 -9999
-23.8880424499512 -24.1981658935547 -21.6849594116211 -21.0050830841064 -21.7391242980957 -22.5041255950928 -21.6206665039062 -20.1050415039062 -19.0197505950928 -20.8569583892822 -19.8846244812012 -18.9171676635742 -17.7841663360596 -17.6348342895508 -18.2114582061768 -20.6547508239746 -23.205207824707 -22.5463333129883 -22.3424587249756 -22.1386661529541 -22.9030418395996 -21.0604591369629 -20.2810001373291 -20.109582901001 -19.5126667022705 -19.0995826721191 -20.173791885376 -20.453540802002 -20.2942504882812 -18.9115409851074 -23.740291595459 -21.4217510223389 -19.7522506713867 -19.3032073974609 -19.6464157104492 -18.7194995880127 -18.9650840759277 -18.2636661529541 -18.1874160766602 -18.1176242828369 -18.0389995574951 -18.1035842895508 -18.2779998779297 -17.93141746521 -18.2697086334229 -18.6345405578613 -9999 -9999 -9999 -9999 -9999 -9999 -9999 -9999 -9999 -9999 -9999 -9999 -9999 -9999
-25.2519588470459 -25.4328346252441 -22.5655422210693 -21.603874206543 -21.2724170684814 -20.8985004425049 -20.5761241912842 -20.9585838317871 -20.9339160919189 -18.7851676940918 -18.2222919464111 -18.3026657104492 -18.1580410003662 -17.8474578857422 -17.4642925262451 -18.1700839996338 -18.8145408630371 -20.0623340606689 -19.8759994506836 -23.9499168395996 -26.7075843811035 -26.3474998474121 -26.9037914276123 -27.5939178466797 -26.2408752441406 -24.172082901001 -23.7645416259766 -20.9559593200684 -21.0477905273438 -22.1760005950928 -20.5883331298828 -19.09375 -18.6000003814697 -18.3695411682129 -19.1129169464111 -18.5850830078125 -18.4020004272461 -18.080207824707 -17.8959159851074 -17.7883338928223 -18.1002082824707 -17.8954162597656 -17.7150840759277 -17.529541015625 -17.4257926940918 -17.7727909088135 -17.7171249389648 -9999 -9999 -9999 -9999 -9999 -9999 -9999 -9999 -9999 -9999 -9999 -9999 -9999
-18.8756675720215 -24.0714588165283 -24.3263740539551 -21.156665802002 -22.2290840148926 -21.0486679077148 -21.8051261901855 -22.1595840454102 -22.2787075042725 -20.8672924041748 -20.5737075805664 -20.3123321533203 -19.1764163970947 -18.0094165802002 -17.3330421447754 -17.0505409240723 -17.249626159668 -17.855583190918 -18.3147926330566 -19.0982913970947 -21.2758331298828 -24.6246242523193 -24.4846248626709 -23.9585418701172 -21.564582824707 -23.5171241760254 -21.6049575805664 -22.3256664276123 -22.7663326263428 -20.6217079162598 -20.7417507171631 -20.4728336334229 -18.1061248779297 -17.7317085266113 -17.6852912902832 -17.757625579834 -18.0058326721191 -18.219123840332 -18.2145004272461 -17.8913326263428 -17.6984996795654 -17.6184997558594 -17.5330410003662 -17.4737491607666 -17.5475006103516 -17.7554988861084 -17.787166595459 -18.1635417938232 -9999 -9999 -9999 -9999 -9999 -9999 -9999 -9999 -9999 -9999 -9999 -9999
-18.2346248626709 -20.9721260070801 -23.7891674041748 -21.4587078094482 -21.0129165649414 -21.5019588470459 -21.8782920837402 -22.148624420166 -22.2919158935547 -20.3854160308838 -22.2002506256104 -20.6570415496826 -19.1979999542236 -18.5906257629395 -17.6955413818359 -17.9078750610352 -17.1671257019043 -16.8910827636719 -16.9289169311523 -17.3282928466797 -18.1448745727539 -19.2045001983643 -20.2159576416016 -18.6220836639404 -19.1757907867432 -20.0127086639404 -18.9370002746582 -18.8032913208008 -18.6136245727539 -19.9356250762939 -19.8962917327881 -19.6498756408691 -18.2304172515869 -17.939624786377 -17.952751159668 -17.8617076873779 -18.0100002288818 -18.5400009155273 -18.457124710083 -18.4068756103516 -18.3993339538574 -17.9196262359619 -17.6107501983643 -17.4927921295166 -17.6675415039062 -17.8050003051758 -17.9971675872803 -17.8114166259766 -17.9225425720215 -9999 -9999 -9999 -9999 -9999 -9999 -9999 -9999 -9999 -9999 -9999
-20.839542388916 -16.0525417327881 -20.7839164733887 -23.966625213623 -22.128999710083 -18.7574577331543 -23.0668754577637 -23.6505832672119 -22.0417079925537 -21.5267906188965 -21.3210830688477 -20.1083755493164 -19.5739994049072 -19.326208114624 -18.7744579315186 -17.8923759460449 -18.0505409240723 -18.0452079772949 -17.8286666870117 -18.0338325500488 -17.8477077484131 -18.3548755645752 -19.9135417938232 -19.4046249389648 -18.7892913818359 -17.5137500762939 -17.5192489624023 -18.3870830535889 -18.1117916107178 -18.8216247558594 -18.8333339691162 -19.3303756713867 -18.5283336639404 -18.0638751983643 -17.6981658935547 -18.0168743133545 -18.7946243286133 -18.9004993438721 -18.7856674194336 -18.6330833435059 -18.2693748474121 -18.283374786377 -18.5044994354248 -17.9538745880127 -18.3413333892822 -17.9515838623047 -18.0567092895508 -18.4523334503174 -18.6155834197998 -18.3652076721191 -9999 -9999 -9999 -9999 -9999 -9999 -9999 -9999 -9999 -9999
-13.5131664276123 -15.9115419387817 -13.5329170227051 -23.8194580078125 -23.1911659240723 -19.2779579162598 -18.7424583435059 -19.8734169006348 -20.3813743591309 -21.1924171447754 -20.3644180297852 -19.4830837249756 -19.2086658477783 -19.0386238098145 -19.0914993286133 -19.3451671600342 -19.9057083129883 -19.1042499542236 -19.6155834197998 -19.5977916717529 -19.3326244354248 -18.5564575195312 -19.2768745422363 -18.3052501678467 -17.8387908935547 -18.1475830078125 -18.2000007629395 -18.0444164276123 -18.0680828094482 -18.5286254882812 -20.9706249237061 -21.5597076416016 -18.3294582366943 -18.0515823364258 -17.9498748779297 -18.4532508850098 -18.3574161529541 -17.6868743896484 -17.617166519165 -17.3169574737549 -17.2465000152588 -18.8137092590332 -19.1008338928223 -19.002082824707 -19.1635417938232 -18.0746669769287 -18.7723751068115 -18.595458984375 -18.6900005340576 -18.8996658325195 -18.7338333129883 -9999 -9999 -9999 -9999 -9999 -9999 -9999 -9999 -9999
-18.2987079620361 -13.0246667861938 -8.93870830535889 -17.9939994812012 -23.8451251983643 -22.4922504425049 -19.1420001983643 -23.117208480835 -21.2258758544922 -21.1965408325195 -21.3890838623047 -21.2941246032715 -19.983959197998 -19.7252502441406 -19.6352081298828 -19.3479156494141 -18.9506244659424 -18.224250793457 -18.0940418243408 -17.6305408477783 -18.5658740997314 -19.6159992218018 -19.0569171905518 -18.6544170379639 -19.0413341522217 -20.8782501220703 -18.3768329620361 -17.6229591369629 -18.5655422210693 -18.8825416564941 -19.3761253356934 -19.0457077026367 -18.0715408325195 -19.7648754119873 -19.0432090759277 -19.5862503051758 -17.92799949646 -17.499626159668 -17.9035415649414 -17.9447917938232 -18.0276660919189 -18.988374710083 -16.7700843811035 -18.1968326568604 -18.2848339080811 -17.8038749694824 -18.3863754272461 -19.6311664581299 -19.6184997558594 -19.6715412139893 -19.5902919769287 -18.9780426025391 -9999 -9999 -9999 -9999 -9999 -9999 -9999 -9999
-20.7869167327881 -19.6339588165283 -18.5592079162598 -11.9125413894653 -18.5260410308838 -22.4880828857422 -17.2215843200684 -21.6052074432373 -22.5359992980957 -20.5457496643066 -18.8795833587646 -20.5971260070801 -20.583667755127 -20.5186672210693 -21.1513328552246 -20.2340831756592 -19.8979167938232 -20.0319156646729 -20.7623748779297 -18.4589996337891 -19.7569999694824 -21.1331253051758 -21.2638339996338 -20.5937080383301 -20.1429996490479 -21.7439994812012 -20.3851661682129 -18.4592094421387 -18.0404167175293 -17.7549591064453 -18.3022918701172 -18.3763332366943 -18.2213745117188 -18.7759170532227 -18.122709274292 -18.97483253479 -18.5275840759277 -17.5685005187988 -16.5068340301514 -16.6429176330566 -17.3444175720215 -16.9289169311523 -15.9780416488647 -18.5054168701172 -18.4324169158936 -17.9643325805664 -17.5193328857422 -17.6392917633057 -16.939416885376 -18.6345825195312 -21.0932083129883 -18.8209991455078 -21.8680419921875 -9999 -9999 -9999 -9999 -9999 -9999 -9999
-10.1031665802002 -13.186541557312 -15.4200000762939 -17.0364589691162 -15.3127498626709 -15.7390413284302 -17.0988750457764 -20.3357086181641 -21.1233749389648 -18.3192920684814 -19.2800407409668 -18.9306259155273 -19.4039993286133 -19.9266242980957 -22.8157501220703 -18.6325836181641 -21.4385833740234 -21.2952919006348 -19.5632915496826 -18.8566665649414 -18.5387077331543 -18.7112083435059 -21.7059173583984 -21.0574169158936 -19.2761249542236 -19.0691242218018 -18.4721240997314 -19.9956245422363 -20.4578342437744 -19.1132926940918 -16.4941673278809 -17.2134590148926 -16.7780838012695 -17.2788753509521 -17.2207088470459 -16.8223342895508 -17.3247489929199 -17.9336242675781 -17.5478324890137 -16.333833694458 -16.3039169311523 -17.3658752441406 -17.8530426025391 -18.2971248626709 -17.6302509307861 -16.9162502288818 -16.4481239318848 -16.4778747558594 -16.3754997253418 -16.4502487182617 -17.9908332824707 -19.0349578857422 -19.9059581756592 -9999 -9999 -9999 -9999 -9999 -9999 -9999
-10.8621253967285 -11.7495832443237 -7.30166673660278 -12.2720003128052 -19.214958190918 -14.8276662826538 -15.8994579315186 -17.1843757629395 -19.7083339691162 -21.2475414276123 -20.1005001068115 -19.2403755187988 -19.4661254882812 -21.2641258239746 -19.0094165802002 -18.1192493438721 -21.1486663818359 -19.3684997558594 -17.9745826721191 -17.0790843963623 -16.4867076873779 -14.8972082138062 -17.415958404541 -18.2635822296143 -17.3314170837402 -17.0614166259766 -16.1173324584961 -16.6042919158936 -17.7430419921875 -19.7750835418701 -17.7626667022705 -16.0628757476807 -16.4016666412354 -16.4646663665771 -16.35329246521 -16.6480827331543 -16.8203754425049 -16.771541595459 -16.1157093048096 -16.4280414581299 -17.6064586639404 -18.3621253967285 -18.3859996795654 -17.5962905883789 -16.5670833587646 -16.3557090759277 -16.2058753967285 -16.8106670379639 -16.5031661987305 -16.2931671142578 -16.3409175872803 -17.1532077789307 -16.6063747406006 -16.5209999084473 -9999 -9999 -9999 -9999 -9999 -9999
