02 cropping and modelling/wc2.1_10m_bio_3.asc
NCOLS 368 
NROWS 210 
XLLCORNER 67.1666666666667 
YLLCORNER 3.5 
CELLSIZE 0.166666666666667 
NODATA_value -9999 
[rows 0 to 26 of 210, columns 60 to 119 of 368]
-9999 -9999 -9999 -9999 -9999 -9999 -9999 -9999 -9999 -9999 -9999 -9999 -9999 -9999 -9999 -9999 -9999 -9999 -9999 -9999 -9999 -9999 -9999 -9999 -9999 -9999 -9999 -9999 -9999 -9999 -9999 -9999 -9999 -9999 -9999 -9999 -9999 -9999 -9999 -9999 -9999 -9999 -9999 -9999 -9999 -9999 -9999 -9999 -9999 -9999 -9999 -9999 -9999 -9999 -9999 -9999 -9999 -9999 -9999 -9999
31.5530757904053 31.5809326171875 32.7297325134277 32.5108680725098 32.4250869750977 32.5303230285645 32.4339561462402 -9999 -9999 -9999 -9999 -9999 -9999 -9999 -9999 -9999 -9999 -9999 -9999 -9999 -9999 -9999 -9999 -9999 -9999 -9999 -9999 -9999 -9999 -9999 -9999 -9999 -9999 -9999 -9999 -9999 -9999 -9999 -9999 -9999 -9999 -9999 -9999 -9999 -9999 -9999 -9999 -9999 -9999 -9999 -9999 -9999 -9999 -9999 -9999 -9999 -9999 -9999 -9999 -9999
31.8433265686035 31.8498954772949 32.8917846679688 32.6538619995117 32.5452079772949 32.4969100952148 32.36572265625 32.1201972961426 32.0139198303223 31.9642753601074 32.0131950378418 32.0702743530273 32.1250877380371 32.1293296813965 32.2040061950684 32.2515335083008 -9999 -9999 -9999 -9999 -9999 -9999 -9999 -9999 -9999 -9999 -9999 -9999 -9999 -9999 -9999 -9999 -9999 -9999 -9999 -9999 -9999 -9999 -9999 -9999 -9999 -9999 -9999 -9999 -9999 -9999 -9999 -9999 -9999 -9999 -9999 -9999 -9999 -9999 -9999 -9999 -9999 -9999 -9999 -9999
32.2979774475098 31.404333114624 32.7661819458008 32.7373733520508 32.6121978759766 32.6066360473633 32.407772064209 32.1238059997559 32.0175399780273 31.9750709533691 31.9823951721191 32.0207633972168 32.0587692260742 32.0043411254883 32.0128173828125 32.0669250488281 32.2230949401855 32.4253997802734 32.670337677002 32.6606559753418 33.177677154541 -9999 -9999 -9999 -9999 -9999 -9999 -9999 -9999 -9999 -9999 -9999 -9999 -9999 -9999 -9999 -9999 -9999 -9999 -9999 -9999 -9999 -9999 -9999 -9999 -9999 -9999 -9999 -9999 -9999 -9999 -9999 -9999 -9999 -9999 -9999 -9999 -9999 -9999 -9999
32.9637451171875 32.5088577270508 32.6835441589355 32.9720306396484 32.6340217590332 32.476375579834 32.3256340026855 32.3566703796387 32.1345443725586 31.9916286468506 31.9271926879883 31.9767246246338 32.0685424804688 32.00830078125 31.9488887786865 32.0287399291992 32.1831092834473 32.268741607666 32.4598083496094 32.3892097473145 33.2077674865723 33.1597671508789 33.2790145874023 33.5265846252441 33.8423881530762 -9999 -9999 -9999 -9999 -9999 -9999 -9999 -9999 -9999 -9999 -9999 -9999 -9999 -9999 -9999 -9999 -9999 -9999 -9999 -9999 -9999 -9999 -9999 -9999 -9999 -9999 -9999 -9999 -9999 -9999 -9999 -9999 -9999 -9999 -9999
33.4523773193359 33.127513885498 33.3696517944336 33.3188285827637 32.9543037414551 32.5537528991699 31.5873775482178 32.2402801513672 32.4219818115234 32.3205375671387 32.0012359619141 32.109748840332 32.3490600585938 32.2346878051758 31.9487953186035 32.2290534973145 32.0096588134766 31.8582515716553 31.9843807220459 32.9781227111816 33.2127304077148 33.1094093322754 33.3362426757812 33.5871391296387 33.8139533996582 34.0400276184082 34.5693778991699 34.8242988586426 -9999 -9999 -9999 -9999 -9999 -9999 -9999 -9999 -9999 -9999 -9999 -9999 -9999 -9999 -9999 -9999 -9999 -9999 -9999 -9999 -9999 -9999 -9999 -9999 -9999 -9999 -9999 -9999 -9999 -9999 -9999 -9999
33.8935699462891 33.2123260498047 33.5153388977051 33.4032745361328 33.0139427185059 32.8194007873535 32.5099792480469 32.4167022705078 31.7812366485596 32.138298034668 32.2732620239258 32.4511489868164 32.5402221679688 32.0484619140625 30.7695598602295 31.41628074646 31.697286605835 31.9383201599121 32.8861656188965 33.017204284668 33.0628662109375 33.0837059020996 33.4240036010742 33.7348098754883 34.0428771972656 34.1990737915039 34.724422454834 34.96044921875 34.9813919067383 35.1429138183594 35.2324485778809 -9999 -9999 -9999 -9999 -9999 -9999 -9999 -9999 -9999 -9999 -9999 -9999 -9999 -9999 -9999 -9999 -9999 -9999 -9999 -9999 -9999 -9999 -9999 -9999 -9999 -9999 -9999 -9999 -9999
34.5808944702148 34.2613983154297 33.9090881347656 33.9106788635254 33.5793228149414 33.2842102050781 33.1638717651367 32.8073692321777 32.2741737365723 32.402759552002 32.3451309204102 32.0870552062988 32.2030601501465 32.0794639587402 30.290922164917 30.0226745605469 31.3006286621094 32.5686187744141 32.7765846252441 33.0857582092285 33.2140884399414 33.3401069641113 33.6846160888672 33.9656829833984 34.310375213623 34.5426368713379 34.8377494812012 35.0361137390137 35.1320838928223 35.3252868652344 35.4225654602051 35.5010986328125 35.8962860107422 -9999 -9999 -9999 -9999 -9999 -9999 -9999 -9999 -9999 -9999 -9999 -9999 -9999 -9999 -9999 -9999 -9999 -9999 -9999 -9999 -9999 -9999 -9999 -9999 -9999 -9999 -9999
33.1427841186523 32.827262878418 33.8649139404297 33.7407836914062 33.7682800292969 33.05908203125 33.3141212463379 32.9730339050293 32.6733436584473 32.2139587402344 32.6709327697754 33.0716705322266 33.2050514221191 32.6469230651855 32.0447006225586 30.8348960876465 30.5076160430908 31.1231861114502 31.6084213256836 32.9027404785156 33.4532699584961 33.6995582580566 34.0703010559082 34.2088241577148 34.6641464233398 35.1226654052734 34.8038597106934 35.1342124938965 35.3560600280762 35.5870666503906 35.7228889465332 35.935188293457 35.9233894348145 35.3396453857422 35.6723403930664 -9999 -9999 -9999 -9999 -9999 -9999 -9999 -9999 -9999 -9999 -9999 -9999 -9999 -9999 -9999 -9999 -9999 -9999 -9999 -9999 -9999 -9999 -9999 -9999 -9999
34.8525428771973 34.9868011474609 34.1092338562012 33.5850830078125 34.5764617919922 34.1213912963867 34.3098945617676 34.3351554870605 34.1308403015137 33.7549057006836 33.5306358337402 33.640998840332 33.7557678222656 32.7900466918945 32.2753448486328 32.3019027709961 32.2711791992188 32.6450843811035 32.6653747558594 33.2456588745117 33.5597038269043 33.6643981933594 34.3624572753906 34.4720802307129 34.6901741027832 34.3230400085449 33.7145080566406 34.9979972839355 35.5663948059082 35.7459907531738 35.6484413146973 35.7325439453125 35.5647201538086 35.6382522583008 35.699649810791 35.2361297607422 36.4287414550781 -9999 -9999 -9999 -9999 -9999 -9999 -9999 -9999 -9999 -9999 -9999 -9999 -9999 -9999 -9999 -9999 -9999 -9999 -9999 -9999 -9999 -9999 -9999
33.0926933288574 33.024658203125 32.7054786682129 31.3963832855225 32.0327453613281 32.5492286682129 33.007568359375 31.7287368774414 33.072135925293 33.9824676513672 34.8178215026855 35.0131568908691 34.9861640930176 33.6977882385254 33.4583969116211 33.2118797302246 32.8864097595215 33.9138984680176 33.1959800720215 34.0450897216797 34.3829612731934 34.6166839599609 34.6587409973145 34.1775970458984 34.5599517822266 34.6848945617676 34.3497505187988 35.5216484069824 35.1369285583496 35.2288513183594 35.2688674926758 35.6494140625 35.8887672424316 36.1722793579102 36.3505096435547 36.5786476135254 36.9926948547363 37.5714149475098 -9999 -9999 -9999 -9999 -9999 -9999 -9999 -9999 -9999 -9999 -9999 -9999 -9999 -9999 -9999 -9999 -9999 -9999 -9999 -9999 -9999 -9999
33.369815826416 31.9841156005859 31.403018951416 32.6838302612305 32.7650413513184 32.5996551513672 33.004768371582 32.6561431884766 33.0573310852051 33.0929641723633 33.5939140319824 33.5102729797363 33.3152542114258 33.1569709777832 33.826343536377 34.0362739562988 33.6261863708496 35.1941070556641 34.6544914245605 34.3212699890137 34.4365921020508 34.7353324890137 34.676441192627 34.3796768188477 35.0354766845703 35.381893157959 35.472297668457 36.1712799072266 36.1108894348145 36.1574211120605 36.2183570861816 36.1681175231934 35.929759979248 36.6109428405762 36.8816680908203 36.7075157165527 36.4692916870117 36.4583015441895 36.8671493530273 37.3437461853027 -9999 -9999 -9999 -9999 -9999 -9999 -9999 -9999 -9999 -9999 -9999 -9999 -9999 -9999 -9999 -9999 -9999 -9999 -9999 -9999
34.0501976013184 34.0424499511719 35.4051513671875 35.5677261352539 34.5146102905273 33.984375 32.7032318115234 31.9582366943359 31.8379535675049 31.2533588409424 31.7531433105469 32.5943756103516 33.5593528747559 33.7472038269043 33.8108749389648 33.851921081543 36.5529594421387 36.9275550842285 37.791389465332 37.078483581543 35.9515647888184 36.0055732727051 35.5461959838867 35.2048950195312 35.83251953125 36.162841796875 36.4782981872559 36.7060050964355 36.9041137695312 35.7840042114258 35.4027671813965 35.6190643310547 34.9027137756348 35.905818939209 35.2290229797363 34.3271751403809 35.9975700378418 36.5648498535156 36.4174156188965 36.6007919311523 37.1297760009766 -9999 -9999 -9999 -9999 -9999 -9999 -9999 -9999 -9999 -9999 -9999 -9999 -9999 -9999 -9999 -9999 -9999 -9999 -9999
33.7540855407715 33.4787101745605 35.0124130249023 35.9460601806641 35.460033416748 33.7397117614746 34.3947677612305 34.3489418029785 34.8578948974609 34.7073822021484 34.0206909179688 32.5003471374512 31.8864459991455 32.5423622131348 33.9661331176758 35.8031883239746 37.30712890625 37.3849105834961 37.9309883117676 37.3591461181641 37.4089508056641 36.8262367248535 36.593563079834 36.3035163879395 36.7596054077148 37.3753547668457 37.6641654968262 36.8929634094238 35.1562843322754 33.4438934326172 34.908863067627 34.6529235839844 35.4574127197266 36.2889785766602 36.023120880127 37.0508155822754 37.5343894958496 37.4873809814453 37.7390289306641 37.6329193115234 37.5537910461426 37.901798248291 -9999 -9999 -9999 -9999 -9999 -9999 -9999 -9999 -9999 -9999 -9999 -9999 -9999 -9999 -9999 -9999 -9999 -9999
35.1845321655273 34.9613990783691 35.5762519836426 35.4104080200195 36.4293975830078 36.7440490722656 34.7211837768555 35.0069808959961 35.0500679016113 33.6576156616211 33.5425796508789 34.9821891784668 33.4319152832031 32.0497207641602 32.0252838134766 33.6128082275391 34.6560211181641 33.8813629150391 34.1658744812012 36.4160919189453 36.3349952697754 37.0993957519531 37.3936462402344 36.7182273864746 36.3112258911133 35.5003128051758 34.5220565795898 34.7522583007812 35.9203834533691 37.9786033630371 38.3730087280273 39.4197807312012 38.7559967041016 38.4226112365723 37.8704948425293 37.544864654541 37.1602363586426 36.6000175476074 36.8751792907715 36.9967422485352 36.9549942016602 37.4919357299805 37.7212829589844 -9999 -9999 -9999 -9999 -9999 -9999 -9999 -9999 -9999 -9999 -9999 -9999 -9999 -9999 -9999 -9999 -9999
32.9813613891602 34.0606956481934 35.0754089355469 34.7498245239258 35.0640907287598 37.0183372497559 36.7627449035645 36.2143898010254 36.2476806640625 35.6333618164062 35.1694717407227 33.7033081054688 34.4313468933105 34.3917503356934 32.8322372436523 33.4971504211426 33.3827247619629 34.033576965332 33.7899627685547 33.6526565551758 35.6305503845215 35.3401947021484 35.1158790588379 36.020076751709 36.5510101318359 37.4595413208008 35.5600662231445 36.584041595459 36.5303993225098 37.2815628051758 37.9950942993164 37.6653022766113 36.9089202880859 36.5482406616211 36.7000122070312 36.6832809448242 37.5132637023926 38.0358238220215 38.2017936706543 37.8016357421875 37.6789855957031 37.9268035888672 37.8742179870605 37.3559188842773 -9999 -9999 -9999 -9999 -9999 -9999 -9999 -9999 -9999 -9999 -9999 -9999 -9999 -9999 -9999 -9999
31.2534828186035 31.2584171295166 32.9215927124023 34.0455741882324 34.3205718994141 34.6803817749023 34.2155570983887 35.0767021179199 33.7737503051758 32.3545227050781 33.2695655822754 35.0933227539062 35.1918029785156 36.4176292419434 34.763729095459 33.0371704101562 33.4913291931152 34.0330772399902 34.388729095459 32.9849052429199 34.146900177002 35.3416595458984 35.6208305358887 35.3760108947754 35.2766456604004 38.2393608093262 38.817024230957 38.5353507995605 36.9232482910156 36.6961402893066 36.8592147827148 35.1316452026367 36.3191261291504 35.8390045166016 36.1963386535645 36.9721755981445 37.8730430603027 37.9809188842773 38.6477241516113 38.2307472229004 38.3532943725586 38.1837272644043 37.7052154541016 37.4911766052246 36.996711730957 -9999 -9999 -9999 -9999 -9999 -9999 -9999 -9999 -9999 -9999 -9999 -9999 -9999 -9999 -9999
30.0592708587646 30.6265468597412 31.6697769165039 33.098690032959 33.4053916931152 32.3686599731445 33.3528327941895 34.1910781860352 35.6632347106934 35.6785163879395 35.5754623413086 36.2474670410156 36.7450790405273 37.0301742553711 37.769847869873 36.1669158935547 33.9920921325684 33.6799354553223 34.2367553710938 33.7794761657715 33.3768882751465 34.6091423034668 33.9669532775879 34.289234161377 35.3242988586426 36.8377304077148 35.5540809631348 36.0386848449707 35.8849067687988 36.4634056091309 33.993034362793 36.0993614196777 37.3014450073242 34.8945350646973 37.0127410888672 37.4109840393066 37.327335357666 37.6631355285645 37.7820625305176 37.7482376098633 37.6483726501465 37.6005935668945 37.5874824523926 37.9973945617676 37.6543617248535 37.1472320556641 -9999 -9999 -9999 -9999 -9999 -9999 -9999 -9999 -9999 -9999 -9999 -9999 -9999 -9999
29.2098407745361 28.9738140106201 29.7962512969971 31.9268932342529 32.709774017334 33.7587852478027 34.2868499755859 34.0300521850586 34.0667419433594 35.2551651000977 35.345573425293 36.281177520752 36.6408042907715 37.2306785583496 37.3756294250488 37.9637489318848 37.5722999572754 36.6263618469238 36.2908630371094 33.1692504882812 30.5105209350586 30.2344760894775 30.2203903198242 30.3542213439941 30.8854866027832 31.9322261810303 33.1645889282227 35.4927635192871 35.767204284668 35.3122901916504 36.1094818115234 36.957389831543 37.350154876709 37.8022956848145 37.2878570556641 36.7523422241211 36.7306861877441 37.2802734375 37.1882438659668 37.2597351074219 37.6189613342285 37.8277015686035 37.8692741394043 37.3855171203613 36.2339782714844 36.9289321899414 37.1921272277832 -9999 -9999 -9999 -9999 -9999 -9999 -9999 -9999 -9999 -9999 -9999 -9999 -9999
28.6202335357666 28.4789600372314 28.7716827392578 30.3053245544434 30.7438945770264 32.1870651245117 32.4225616455078 33.306282043457 33.5871505737305 33.5161285400391 34.0115394592285 34.1950340270996 34.6480026245117 36.0558929443359 37.4317283630371 35.2296981811523 34.8476142883301 37.7259368896484 37.3097152709961 36.9400482177734 35.2017669677734 32.776481628418 32.8432235717773 32.9011459350586 35.0049743652344 34.1927909851074 34.9021301269531 35.1952438354492 34.4518241882324 35.2747955322266 34.8442840576172 34.7056503295898 36.7790489196777 37.1547508239746 36.4193534851074 34.8621444702148 36.2501258850098 36.7980537414551 36.9794845581055 37.1459541320801 37.1641616821289 37.6300926208496 37.4671936035156 37.2900161743164 37.1088333129883 36.8877029418945 36.8690910339355 36.6819381713867 -9999 -9999 -9999 -9999 -9999 -9999 -9999 -9999 -9999 -9999 -9999 -9999
27.9760894775391 28.885383605957 28.2930335998535 29.4202079772949 30.5918407440186 29.4063549041748 30.9025802612305 31.7562313079834 32.415225982666 34.5901641845703 33.1513862609863 33.9522857666016 35.0822105407715 35.3232231140137 36.2050933837891 36.018123626709 35.4620018005371 35.9476318359375 35.7160224914551 37.1984558105469 37.1501388549805 36.4946632385254 34.9517822265625 33.976001739502 35.3131370544434 36.0633239746094 36.9140701293945 36.8134307861328 36.8092956542969 35.4716377258301 35.7064018249512 35.3703422546387 35.8137512207031 36.2256851196289 36.5445556640625 35.5088806152344 35.7147674560547 36.4926528930664 36.5338287353516 36.4035682678223 36.316162109375 36.7754325866699 36.9761962890625 36.9229202270508 36.8126831054688 36.7276344299316 36.7696418762207 36.5262832641602 36.4199676513672 -9999 -9999 -9999 -9999 -9999 -9999 -9999 -9999 -9999 -9999 -9999
28.3599414825439 28.815975189209 28.7698173522949 28.9443244934082 29.7082653045654 31.5787963867188 29.8967781066895 29.4729156494141 32.3407211303711 32.8027038574219 32.999137878418 34.5786399841309 35.4165916442871 35.3693542480469 35.4476737976074 35.9099922180176 35.8456344604492 35.8070449829102 35.4538536071777 35.3136749267578 35.7002639770508 35.9966354370117 33.8090286254883 33.8966064453125 35.3268928527832 36.2800941467285 33.7804946899414 35.7959289550781 35.5581474304199 35.6226081848145 35.1687240600586 34.6915321350098 35.4784545898438 36.4463691711426 36.8296241760254 35.5691146850586 35.8321075439453 36.240535736084 36.5976676940918 36.623664855957 36.6015777587891 36.4669036865234 36.0300559997559 36.3456802368164 36.0600929260254 36.466609954834 36.3497200012207 35.6420364379883 35.6971015930176 35.5076332092285 -9999 -9999 -9999 -9999 -9999 -9999 -9999 -9999 -9999 -9999
31.538200378418 31.6102485656738 31.5467529296875 28.7366428375244 28.9626712799072 29.9462432861328 31.6757926940918 32.4660568237305 33.1234169006348 33.0067443847656 34.1415519714355 34.8035316467285 35.5640296936035 36.3040618896484 35.9965133666992 34.7115440368652 35.2058067321777 35.1231803894043 34.4058074951172 34.5523071289062 35.0471801757812 35.2156295776367 34.773120880127 35.6079711914062 36.1273803710938 35.5083122253418 36.1695518493652 36.4594345092773 34.2097473144531 36.2718391418457 34.4707298278809 33.4328842163086 36.419002532959 35.8919677734375 36.3056488037109 36.3736038208008 36.7818260192871 37.4421272277832 37.1483993530273 37.4884834289551 36.309154510498 36.0276565551758 35.847110748291 35.3005828857422 35.3587532043457 36.3214683532715 35.725269317627 35.7553825378418 35.8841247558594 35.5238189697266 35.4386978149414 -9999 -9999 -9999 -9999 -9999 -9999 -9999 -9999 -9999
28.8673648834229 30.4872989654541 33.4000587463379 30.8161849975586 28.8186302185059 29.0391082763672 30.5233974456787 30.0998287200928 32.1692314147949 33.0790824890137 33.4830589294434 33.7016067504883 34.6081123352051 34.8661270141602 34.7891120910645 34.4122848510742 35.516845703125 35.9991226196289 35.1560516357422 33.5599136352539 34.8226127624512 34.3746795654297 34.4167442321777 34.6150245666504 35.27685546875 33.4854316711426 36.1274032592773 36.7019805908203 36.6139030456543 36.4659156799316 36.6015129089355 36.3099136352539 36.5463104248047 35.9536895751953 36.3715591430664 36.1775436401367 37.10888671875 37.6548614501953 37.3805923461914 36.89501953125 36.7089767456055 36.1733856201172 37.8650016784668 36.970817565918 36.5693588256836 36.3328018188477 36.5753517150879 35.0266380310059 34.8862571716309 34.7491188049316 34.8722305297852 35.5208168029785 -9999 -9999 -9999 -9999 -9999 -9999 -9999 -9999
28.4444599151611 28.5689888000488 29.432975769043 32.2629508972168 30.5260238647461 28.7420253753662 29.8208770751953 29.9435901641846 30.7027149200439 33.0918922424316 34.3143615722656 33.9103660583496 34.1879653930664 34.6133041381836 34.1491584777832 34.4721565246582 34.1052322387695 34.2947616577148 34.6616973876953 35.6674766540527 35.1970024108887 34.0766563415527 33.0948600769043 34.0438575744629 34.3679122924805 32.8037719726562 34.3896484375 34.5959777832031 34.5676193237305 36.9172172546387 36.5430870056152 36.5920867919922 36.7415390014648 36.9777030944824 37.3212776184082 36.482795715332 36.253246307373 37.1294250488281 37.5166358947754 37.9864158630371 37.4324951171875 37.9048690795898 36.373176574707 36.4001121520996 36.1734161376953 36.394401550293 37.2074203491211 37.2930488586426 36.8764762878418 36.410717010498 33.4517021179199 33.4375305175781 32.6529998779297 -9999 -9999 -9999 -9999 -9999 -9999 -9999
31.9097690582275 31.9618129730225 31.2621879577637 30.1043548583984 31.9048442840576 31.3084201812744 29.9169044494629 29.9860439300537 29.9679279327393 32.7846870422363 33.2648849487305 34.256103515625 34.8840446472168 34.6727485656738 32.5481071472168 33.2157287597656 33.0592155456543 33.0881195068359 35.1777153015137 35.7654190063477 35.662971496582 36.1471061706543 33.9505805969238 33.8489723205566 35.2640037536621 35.2741737365723 35.964038848877 33.9299011230469 34.3831520080566 34.7747039794922 35.6450424194336 36.8921089172363 37.8346252441406 37.4283866882324 37.6733283996582 37.2695083618164 37.0398216247559 36.5865440368652 36.6677169799805 37.1132392883301 37.5415229797363 37.4716567993164 37.0239028930664 36.8635330200195 37.2843475341797 37.9120903015137 38.1495132446289 37.5244026184082 36.4150085449219 37.8769454956055 36.6530380249023 34.7487182617188 34.8513031005859 -9999 -9999 -9999 -9999 -9999 -9999 -9999
32.3545913696289 32.0604667663574 34.1362342834473 32.9357604980469 29.9630699157715 32.1150550842285 31.4965000152588 32.8498344421387 32.3178100585938 31.4808177947998 32.4442901611328 33.2113265991211 33.9027519226074 33.3776512145996 34.5159530639648 34.8970375061035 34.4329605102539 34.9266662597656 35.791633605957 36.7063407897949 36.4785308837891 36.8632659912109 36.1143913269043 35.5937805175781 36.2922554016113 35.7936019897461 31.9377098083496 33.9360084533691 36.6269645690918 35.8874549865723 35.421501159668 36.8545761108398 37.3985481262207 37.6672477722168 37.9945259094238 37.8703269958496 37.6856651306152 37.6762428283691 37.2712707519531 37.0431518554688 36.4977149963379 36.3267440795898 36.6409530639648 37.0167541503906 38.005126953125 37.966007232666 37.9557723999023 37.330150604248 37.2825775146484 37.5316009521484 36.0335159301758 36.5796051025391 37.3257598876953 37.6136817932129 -9999 -9999 -9999 -9999 -9999 -9999
