02 cropping and modelling/wc2.1_10m_bio_16.asc
NCOLS 368 
NROWS 210 
XLLCORNER 67.1666666666667 
YLLCORNER 3.5 
CELLSIZE 0.166666666666667 
NODATA_value -9999 
[rows 72 to 107 of 210, columns 162 to 242 of 368]
990 1067 1140 1201 1278 1213 1374 1532 1744 1686 2004 2149 2161 2159 2195 2194 2185 2123 1777 2066 1999 1913 1733 1264 1063 740 597 524 590 494 437 416 398 385 377 389 371 374 381 391 404 407 414 425 453 458 467 506 510 524 497 527 486 457 497 508 508 503 519 531 545 563 574 579 589 590 590 586 584 576 577 572 570 565 561 555 564 561 563 566 557
998 1094 1154 1177 1179 1237 1279 1552 1846 2090 2100 2220 2192 2123 2152 2129 2095 2015 1765 1968 1893 1790 1571 1214 1233 744 637 542 605 497 447 427 407 394 384 395 376 384 387 391 397 407 423 428 451 452 460 466 479 489 490 467 511 462 524 521 506 506 525 543 561 576 589 600 607 607 605 605 600 591 588 584 579 577 572 570 577 569 572 577 567
1046 1078 1143 1173 1271 1202 1229 1684 1984 2307 2068 2046 2046 2037 2065 2030 1916 1802 1808 1849 1747 1686 1507 1208 1175 731 684 577 600 513 459 438 416 402 394 384 384 385 386 392 402 426 432 436 424 429 442 439 477 506 516 493 540 462 494 521 493 514 537 554 575 593 611 623 628 626 621 625 617 609 600 595 591 589 581 585 586 576 584 580 580
1060 1095 1135 1206 1259 1138 1289 1632 2125 2282 2177 1824 1891 1816 1945 1867 1798 1571 1766 1719 1637 1584 1375 1266 1003 788 630 619 619 521 470 448 423 410 403 396 389 393 394 404 401 402 419 421 408 402 424 438 484 493 496 482 508 486 497 514 502 527 544 563 584 605 631 645 648 647 637 636 635 620 616 608 600 598 591 594 596 590 590 589 599
1049 1108 1134 1226 1202 1099 1461 1863 2051 2106 2067 1788 1811 1866 1835 1764 1636 1394 1639 1587 1549 1459 1403 1181 837 684 651 596 657 506 495 457 431 421 412 413 387 393 398 404 406 408 410 425 416 395 416 458 474 486 474 494 502 505 505 507 509 531 547 572 593 617 642 657 664 664 662 654 652 634 626 621 609 605 601 603 604 601 599 603 607
1069 1096 1152 1166 1262 1386 1630 1805 1888 1922 1900 1819 1750 1733 1699 1652 1545 1472 1533 1479 1458 1406 1317 958 706 716 700 620 680 522 491 465 437 425 422 420 401 409 404 406 412 422 414 435 425 416 418 472 473 466 466 486 514 514 496 501 521 532 551 578 598 618 641 660 672 675 677 676 674 650 640 630 629 614 608 610 611 611 610 616 617
1072 1085 1128 1142 1279 1472 1610 1679 1722 1732 1711 1638 1551 1568 1531 1506 1473 1459 1424 1395 1371 1328 1160 898 809 755 722 624 695 527 505 466 447 436 436 425 420 416 413 414 423 424 435 441 428 437 460 473 462 469 483 498 515 501 499 508 528 538 556 584 596 616 642 661 671 684 692 691 693 670 654 648 649 624 616 617 618 620 623 628 631
1098 1111 1132 1183 1289 1475 1524 1551 1556 1552 1524 1461 1414 1414 1363 1374 1378 1353 1335 1320 1295 1174 926 885 842 751 749 653 712 531 492 480 457 447 454 443 435 435 433 433 439 440 439 439 436 447 458 449 462 489 494 508 506 497 502 514 537 550 556 581 599 617 636 655 674 690 696 702 707 692 670 670 660 641 621 622 625 628 633 640 644
1187 1168 1188 1241 1400 1431 1441 1430 1414 1370 1334 1291 1264 1237 1240 1246 1267 1275 1270 1260 1235 1136 953 956 837 807 727 678 705 547 496 492 483 471 467 462 455 455 453 454 456 451 449 452 452 453 447 455 483 499 510 515 516 518 494 517 532 535 564 579 598 610 628 648 677 690 711 708 712 712 681 667 656 640 627 625 629 637 643 647 656
1307 1281 1331 1357 1394 1383 1364 1330 1285 1233 1177 1132 1113 1107 1117 1157 1179 1209 1219 1216 1176 1015 932 952 857 866 743 702 769 573 521 556 494 501 484 493 488 471 472 472 475 470 467 467 469 465 458 470 484 495 504 505 515 499 500 515 528 551 567 574 589 602 621 641 668 700 735 741 736 726 705 677 660 667 660 652 637 662 650 658 672
1404 1411 1424 1399 1372 1340 1291 1234 1174 1111 1063 1041 1004 996 1039 1081 1108 1148 1176 1176 1108 969 1022 989 926 843 809 703 736 635 566 617 535 514 522 522 511 514 495 495 495 495 489 487 485 481 482 493 489 503 503 504 523 505 503 525 550 549 559 579 590 599 619 639 666 696 724 756 748 726 706 689 678 693 676 664 664 682 670 677 691
1455 1500 1456 1396 1355 1296 1229 1158 1079 1041 975 925 924 948 971 1006 1052 1092 1146 1143 1032 1009 973 923 964 892 828 732 653 709 617 643 592 557 536 538 545 547 530 527 518 517 525 514 510 503 501 501 494 515 515 523 494 506 517 534 535 543 570 582 584 598 616 633 639 664 669 713 725 718 703 690 695 704 684 691 693 697 698 699 716
1501 1474 1446 1362 1309 1242 1173 1092 1010 964 871 857 889 880 915 968 1022 1087 1130 1104 1007 972 954 935 940 984 959 739 745 740 736 685 654 592 576 591 578 564 563 547 557 540 539 555 540 543 520 512 509 516 503 509 514 513 537 524 541 567 568 568 582 599 606 622 641 662 684 699 718 710 701 702 707 715 706 712 714 719 724 728 731
1502 1418 1389 1293 1236 1179 1108 1023 983 989 831 812 839 834 872 922 988 1067 1116 1025 980 935 927 933 949 882 829 742 790 819 712 758 677 605 609 600 579 585 596 572 583 575 564 581 574 570 552 530 521 510 514 521 535 535 541 532 566 563 586 584 601 606 603 610 607 621 655 678 695 703 703 706 710 719 718 727 730 738 739 751 754
1351 1335 1268 1209 1159 1110 1035 959 970 942 798 780 794 796 830 879 938 994 1028 960 930 911 888 900 890 903 896 833 807 756 726 769 654 688 674 634 606 638 612 614 599 609 606 583 629 576 561 553 547 536 540 543 544 539 554 547 561 605 619 612 617 619 616 615 592 584 619 669 692 701 708 716 714 718 724 733 743 758 753 762 775
1209 1223 1142 1121 1073 1032 952 896 897 799 771 755 750 757 785 838 900 919 942 948 884 857 857 877 881 883 865 830 839 783 717 729 743 723 654 657 631 686 643 645 634 633 627 625 617 668 603 583 574 576 564 554 563 560 560 559 580 611 640 648 646 645 651 638 622 617 635 682 689 706 718 722 728 735 737 739 746 766 765 776 791
1113 1063 1045 1028 1005 938 866 825 788 749 757 701 701 718 739 793 821 865 924 936 900 913 858 865 864 863 864 842 863 789 782 803 752 699 689 672 710 713 684 673 665 658 655 673 628 670 667 614 608 590 588 584 582 594 576 628 639 639 653 672 682 686 691 687 701 689 680 693 709 724 732 731 754 761 748 756 764 768 782 794 804
1030 978 954 934 919 839 784 743 720 708 730 671 681 683 686 728 758 842 883 914 932 869 861 868 835 842 846 843 846 882 820 795 763 729 751 708 744 743 715 720 685 686 690 691 679 645 697 694 637 624 614 611 620 622 610 660 708 696 696 710 734 735 739 734 731 735 739 745 744 746 749 753 784 782 791 801 785 777 786 807 820
952 919 895 861 834 754 704 675 666 672 675 656 657 635 631 683 766 938 1016 946 866 837 858 836 805 820 820 826 827 827 781 805 782 790 731 761 753 770 760 739 738 703 720 715 694 677 664 678 699 682 662 655 668 692 670 683 744 769 783 768 778 791 789 796 790 790 790 794 783 785 790 793 806 822 822 818 797 797 800 805 818
902 868 833 800 748 677 633 608 608 625 605 608 646 595 602 784 1005 1073 1022 869 826 792 772 792 815 785 776 786 790 797 792 794 783 793 782 803 787 791 792 771 779 748 747 726 726 708 693 685 688 695 712 710 705 719 754 752 777 796 831 850 841 844 849 859 902 869 849 842 815 818 814 829 840 848 849 829 814 820 815 819 807
857 807 761 711 671 609 560 535 541 565 560 607 794 767 720 660 826 1077 964 860 809 770 754 777 768 755 738 737 738 760 783 790 785 809 794 806 827 815 818 811 788 778 763 751 735 735 717 709 708 713 711 721 749 747 752 772 827 818 849 914 925 911 906 924 935 941 937 890 836 824 823 869 882 882 883 847 843 824 818 817 807
811 740 686 632 597 548 501 467 476 514 529 643 987 1248 1279 1088 1141 1065 968 837 788 766 753 752 758 737 700 712 712 725 763 790 796 808 790 829 842 843 832 831 816 794 776 762 748 744 738 733 742 743 752 763 781 802 820 818 824 855 829 967 965 991 982 1001 1127 1065 977 927 858 875 878 857 921 916 885 836 839 809 807 820 810
763 682 631 574 545 512 465 435 433 471 506 616 681 929 1011 1089 933 995 909 786 767 738 710 753 717 754 671 714 701 699 738 773 803 805 828 827 859 859 846 841 841 809 791 765 749 743 750 757 766 775 790 803 816 842 863 937 878 851 858 877 927 985 1002 1023 1137 1168 1045 966 949 938 936 830 870 916 889 829 784 776 791 805 810
708 644 585 540 510 479 442 414 405 429 475 528 577 820 1003 1007 963 856 778 769 758 735 742 785 704 692 665 667 689 686 728 756 796 814 850 850 854 857 851 842 829 807 786 757 746 731 746 775 801 820 838 851 863 879 892 935 1038 933 839 875 992 1031 1035 1032 1135 1115 1048 982 955 927 988 900 836 838 787 785 748 751 778 807 826
660 597 544 507 478 453 430 400 380 380 422 469 542 719 867 774 874 880 751 774 787 774 744 731 732 692 673 678 693 683 720 754 789 815 847 823 816 845 844 833 818 793 770 747 726 717 739 774 811 851 885 910 919 933 960 969 1063 1130 993 824 834 903 934 1004 1064 1057 1029 985 944 933 976 982 882 852 762 692 694 730 778 826 863
626 581 503 465 447 426 411 389 363 359 385 409 452 661 719 784 830 783 793 803 795 806 747 732 719 698 670 690 674 682 702 745 770 796 820 838 827 837 833 826 816 800 782 765 738 715 758 790 839 894 919 960 985 995 1019 1023 1044 1077 1144 986 790 825 884 948 992 1005 993 981 991 1004 962 930 851 817 693 663 680 721 784 850 908
580 551 446 422 408 400 384 373 354 357 369 384 462 676 708 675 837 764 768 794 829 813 750 715 695 698 696 671 673 674 703 742 749 776 799 810 817 824 821 847 836 822 806 786 776 754 759 815 884 922 985 1033 1053 1070 1062 1042 1037 960 1070 999 861 842 898 916 947 955 951 964 982 989 981 916 841 747 579 643 672 723 796 883 965
553 496 420 389 376 364 352 348 343 348 358 372 450 628 665 640 830 782 828 843 877 828 774 722 694 687 674 680 690 676 703 713 726 750 776 792 807 821 824 860 865 850 843 826 810 801 806 864 935 976 1014 1080 1081 1095 1093 1067 1024 966 1012 1096 1113 931 906 940 944 904 890 937 1011 1041 991 930 853 786 649 689 714 733 815 905 1012
532 464 411 376 354 339 329 335 349 359 361 369 417 514 598 822 888 809 865 950 885 838 799 749 710 698 677 702 675 683 698 685 704 734 759 786 809 814 838 882 887 880 869 854 854 846 858 931 996 1047 1064 1117 1114 1136 1110 1079 1017 957 1019 1079 1042 928 936 965 988 891 852 905 1019 1091 1047 957 858 795 744 729 715 732 837 929 1009
515 434 397 376 353 335 323 344 366 380 374 373 418 537 722 878 835 849 865 963 892 826 801 756 711 698 680 689 676 686 688 698 707 719 747 782 812 825 872 898 902 899 907 895 890 886 956 1016 1053 1090 1118 1163 1191 1143 1134 1082 1022 933 876 959 1025 941 901 921 958 911 884 909 976 1103 1099 965 866 798 763 764 728 730 872 999 1062
508 422 388 372 356 342 343 368 387 395 387 383 405 535 776 1109 1054 950 972 939 904 829 799 758 722 700 690 687 683 677 671 694 680 710 745 785 833 856 892 915 931 935 948 930 926 930 997 1054 1085 1111 1153 1185 1193 1178 1111 1075 1015 928 858 831 941 936 946 874 888 902 901 899 931 985 1001 937 856 804 817 823 806 846 1032 1164 1295
501 427 392 372 361 356 368 382 398 408 400 390 439 857 1017 1211 1232 1050 1021 964 896 819 789 750 729 697 694 690 685 678 677 692 679 717 759 797 817 887 899 944 935 955 975 948 942 984 1033 1075 1102 1128 1154 1196 1198 1171 1107 1063 991 931 870 807 786 825 809 819 842 856 846 870 894 906 901 877 828 807 861 906 941 1059 1271 1363 1312
514 435 386 360 363 378 383 388 395 409 410 404 492 735 996 1236 1251 1113 1000 926 881 808 772 735 722 699 694 694 688 685 686 693 714 733 773 822 882 920 936 966 951 972 951 970 966 996 1032 1059 1083 1113 1144 1179 1150 1110 1082 1018 973 915 869 823 782 751 744 784 844 854 836 886 914 847 837 834 810 836 923 1008 1049 1169 1353 1408 1280
532 429 376 336 353 378 399 395 403 408 410 414 522 546 926 1046 1054 1005 940 889 835 780 748 725 712 701 698 700 692 702 697 705 723 762 853 850 886 915 977 974 937 922 968 961 966 977 1006 1028 1055 1079 1108 1134 1115 1075 1040 983 952 900 849 802 784 770 788 793 852 913 945 945 928 863 849 855 851 864 909 939 1006 1269 1356 1295 1229
565 438 368 326 347 365 378 391 407 413 413 419 466 542 825 893 890 892 868 822 785 761 734 715 701 697 697 699 699 710 706 727 740 810 896 934 973 960 988 957 965 955 937 941 938 953 972 991 1019 1044 1065 1080 1070 1066 1004 964 912 878 840 788 751 750 782 816 875 968 1043 1021 988 922 910 919 912 924 947 947 1018 1191 1284 1223 -9999
614 467 378 328 332 348 369 384 404 422 433 432 485 611 764 795 791 808 793 772 753 735 710 700 691 688 699 692 706 711 747 734 758 817 972 965 937 962 975 960 941 930 905 904 905 919 932 952 978 999 1026 1038 1051 1020 956 935 905 850 796 744 740 737 765 813 882 943 1043 1047 1030 970 942 950 938 975 1010 983 -9999 1171 -9999 -9999 -9999
