02 cropping and modelling/wc2.1_10m_bio_6.asc
NCOLS 368 
NROWS 210 
XLLCORNER 67.1666666666667 
YLLCORNER 3.5 
CELLSIZE 0.166666666666667 
NODATA_value -9999 
[rows 81 to 107 of 210, columns 240 to 299 of 368]
5.51399993896484 4.5314998626709 3.81100010871887 3.87175011634827 4.89650011062622 4.97499990463257 5.67899990081787 5.03299999237061 4.42950010299683 4.66125011444092 5.15474987030029 5.5627498626709 5.60300016403198 4.84899997711182 4.56899976730347 4.68575000762939 4.66025018692017 4.69974994659424 4.41975021362305 4.9542498588562 4.39949989318848 4.73950004577637 3.51550006866455 2.09800004959106 3.81900000572205 4.31024980545044 3.53900003433228 3.35999989509583 2.69425010681152 3.17700004577637 4.34549999237061 4.72924995422363 4.34275007247925 1.63800001144409 1.35150003433228 2.33999991416931 2.93549990653992 5.25374984741211 5.75400018692017 5.64324998855591 4.89925003051758 5.32424974441528 4.6707501411438 4.13525009155273 4.30000019073486 4.79174995422363 4.52675008773804 4.29250001907349 4.75650024414062 4.28224992752075 4.60925006866455 4.68074989318848 4.62849998474121 5.39099979400635 4.99849987030029 5.52274990081787 5.76025009155273 4.81724977493286 5.66725015640259 4.51525020599365
5.75250005722046 5.18274974822998 4.94274997711182 5.3127498626709 5.88500022888184 6.13000011444092 5.9212498664856 5.75250005722046 5.55499982833862 5.42399978637695 5.09899997711182 5.7024998664856 5.72625017166138 5.46199989318848 5.35725021362305 5.53424978256226 5.28224992752075 4.28224992752075 4.08900022506714 5.40299987792969 5.65999984741211 5.61649990081787 4.44525003433228 2.70300006866455 4.21574974060059 4.51700019836426 2.44700002670288 3.46300005912781 3.56474995613098 2.73749995231628 4.1397500038147 4.76749992370605 4.07074975967407 3.77924990653992 2.21574997901917 3.26300001144409 4.91524982452393 5.74324989318848 6.34950017929077 5.57075023651123 4.10024976730347 4.63124990463257 4.0477499961853 4.48474979400635 4.77600002288818 4.69850015640259 4.7502498626709 5.21549987792969 5.02449989318848 4.58150005340576 5.36600017547607 5.08150005340576 5.43074989318848 5.7167501449585 5.50600004196167 5.98850011825562 6.53950023651123 5.80249977111816 5.47100019454956 5.08449983596802
5.53900003433228 6.14550018310547 4.90250015258789 5.88374996185303 5.7810001373291 6.29300022125244 6.41699981689453 6.57200002670288 6.28350019454956 6.11324977874756 5.95674991607666 5.89825010299683 6.17575025558472 5.9837498664856 5.97324991226196 6.13574981689453 5.88574981689453 4.67024993896484 5.01975011825562 5.75425004959106 5.65100002288818 5.51125001907349 5.03424978256226 4.19724988937378 5.29150009155273 5.03725004196167 3.68499994277954 3.99924993515015 4.73874998092651 3.97149991989136 3.87849998474121 5.29974985122681 4.78550004959106 4.80350017547607 3.95300006866455 4.10150003433228 4.41249990463257 5.34924983978271 6.16025018692017 4.74875020980835 4.61724996566772 5.08174991607666 4.87249994277954 4.31300020217896 4.44374990463257 4.46649980545044 5.07499980926514 5.56024980545044 5.79899978637695 5.77075004577637 5.63625001907349 4.94075012207031 6.3144998550415 6.63199996948242 6.29199981689453 6.78949975967407 6.77449989318848 6.5770001411438 5.31475019454956 4.66575002670288
5.73824977874756 5.89975023269653 6.25874996185303 5.45749998092651 6.34200000762939 6.32275009155273 6.69374990463257 6.47650003433228 6.47475004196167 6.19474983215332 5.94425010681152 5.88124990463257 6.42974996566772 6.66149997711182 6.46824979782104 6.41125011444092 6.26800012588501 5.3769998550415 5.36600017547607 5.66424989700317 4.41300010681152 5.13425016403198 4.82824993133545 5.61075019836426 5.52974987030029 5.59474992752075 5.76574993133545 5.19099998474121 4.35099983215332 4.33974981307983 3.45799994468689 3.88299989700317 5.45025014877319 5.29925012588501 5.95625019073486 5.53525018692017 5.24574995040894 6.02549982070923 5.8435001373291 5.77500009536743 5.4375 6.11149978637695 5.68900012969971 4.96299982070923 5.02150011062622 4.82224988937378 6.0625 6.34849977493286 6.39674997329712 6.5167498588562 6.26224994659424 6.17399978637695 6.51149988174438 6.89925003051758 7.17500019073486 6.8144998550415 7.25524997711182 7.00174999237061 5.74700021743774 5.36275005340576
7.24175024032593 6.66900014877319 6.35624980926514 5.2024998664856 6.0314998626709 6.34749984741211 6.74674987792969 6.45774984359741 6.28175020217896 5.77475023269653 5.56799983978271 5.55749988555908 6.72375011444092 7.00724983215332 6.77524995803833 6.70050001144409 6.57950019836426 5.68450021743774 3.50174999237061 5.35349988937378 5.40924978256226 5.58174991607666 5.54699993133545 5.27199983596802 5.70349979400635 4.9042501449585 4.91149997711182 5.60725021362305 3.81275010108948 5.05499982833862 4.59724998474121 4.23999977111816 5.88625001907349 5.60300016403198 6.22599983215332 6.94449996948242 6.74700021743774 7.16499996185303 6.32950019836426 6.72975015640259 6.59549999237061 6.11574983596802 5.25099992752075 6.13649988174438 5.5479998588562 6.48225021362305 6.74625015258789 6.74700021743774 6.90899991989136 6.91625022888184 6.93975019454956 7.07625007629395 6.7810001373291 7.50474977493286 6.60099983215332 6.55100011825562 7.53525018692017 7.24725008010864 6.93225002288818 6.13250017166138
7.73850011825562 7.86700010299683 7.2332501411438 5.54099988937378 6.6877498626709 7.28550004959106 6.21199989318848 6.92525005340576 6.43450021743774 6.31150007247925 6.09975004196167 6.30175018310547 6.78249979019165 6.92175006866455 6.8917498588562 7.13700008392334 7.05299997329712 5.25400018692017 3.96300005912781 5.65549993515015 6.2497501373291 6.17925024032593 5.90374994277954 6.04650020599365 5.72349977493286 5.45599985122681 5.86849975585938 6.65574979782104 6.33274984359741 6.99749994277954 6.55999994277954 5.90549993515015 5.03824996948242 6.63275003433228 6.83050012588501 6.6894998550415 6.95774984359741 6.79374980926514 6.45074987411499 6.76875019073486 6.25799989700317 5.07000017166138 6.03999996185303 6.52825021743774 6.34625005722046 7.03200006484985 6.95975017547607 6.63500022888184 7.30550003051758 6.90325021743774 7.42500019073486 7.67924976348877 7.53525018692017 7.11250019073486 6.77099990844727 7.1877498626709 7.04899978637695 7.05999994277954 7.31825017929077 7.28550004959106
8.0332498550415 7.99825000762939 7.6087498664856 7.11875009536743 7.52225017547607 8.04650020599365 6.90024995803833 6.89499998092651 7.18874979019165 6.9227499961853 6.72475004196167 6.82299995422363 7.05999994277954 7.35174989700317 7.42325019836426 7.23750019073486 6.56850004196167 4.61824989318848 6.13024997711182 6.86275005340576 6.89200019836426 6.62074995040894 6.91274976730347 6.78725004196167 5.43300008773804 6.59450006484985 7.03875017166138 7.46999979019165 7.07149982452393 7.66349983215332 7.63275003433228 6.83825016021729 5.73999977111816 6.2037501335144 7.25099992752075 6.66450023651123 7.39324998855591 6.79225015640259 6.86124992370605 6.37674999237061 6.04325008392334 6.03774976730347 6.29125022888184 7.07849979400635 7.89550018310547 7.47249984741211 7.09999990463257 7.66225004196167 6.99700021743774 6.64575004577637 7.50449991226196 8.01249980926514 7.51774978637695 7.01975011825562 7.21175003051758 7.94400024414062 6.74774980545044 7.31125020980835 8.47725009918213 8.07975006103516
8.22025012969971 7.80025005340576 8.13249969482422 7.96350002288818 8.29775047302246 8.18249988555908 7.52600002288818 6.88399982452393 7.43375015258789 7.36724996566772 7.65924978256226 7.34499979019165 7.55424976348877 7.61474990844727 7.74574995040894 7.1085000038147 5.62125015258789 6.69175004959106 7.32625007629395 7.40100002288818 7.55849981307983 7.32775020599365 7.04699993133545 7.38875007629395 6.57525014877319 7.15075016021729 7.46124982833862 7.75250005722046 7.74025011062622 7.38124990463257 7.6707501411438 7.60650014877319 6.79024982452393 6.69175004959106 7.69299983978271 7.79925012588501 7.89375019073486 7.78299999237061 7.28950023651123 6.86700010299683 6.31925010681152 7.02650022506714 7.68524980545044 8.03775024414062 8.15124988555908 8.28874969482422 7.75825023651123 7.21374988555908 6.76300001144409 6.95300006866455 7.67024993896484 8.03400039672852 6.49599981307983 8.00300025939941 8.07750034332275 7.60699987411499 8.88500022888184 8.27799987792969 9.18350028991699 9.45300006866455
9.47249984741211 8.53299999237061 8.22574996948242 8.30200004577637 8.23999977111816 8.13074970245361 7.97149991989136 6.62849998474121 7.86950016021729 7.93050003051758 7.94350004196167 7.57049989700317 7.61674976348877 7.68449974060059 7.86950016021729 8.02624988555908 7.09275007247925 8.3459997177124 8.75975036621094 8.55500030517578 8.24324989318848 8.01650047302246 7.53775024414062 7.74424982070923 7.94075012207031 7.79250001907349 7.88549995422363 8.07149982452393 7.12925004959106 7.53949975967407 7.49525022506714 8.08399963378906 7.55800008773804 8.18649959564209 8.58325004577637 8.35725021362305 7.80149984359741 7.87575006484985 8.10949993133545 7.30074977874756 7.16975021362305 7.77449989318848 7.8585000038147 7.99100017547607 8.24199962615967 8.36750030517578 7.63824987411499 7.86149978637695 7.45149993896484 7.76525020599365 7.9837498664856 7.50425004959106 6.5622501373291 8.83325004577637 9.64550018310547 9.66724967956543 9.66499996185303 9.77149963378906 10.1275749206543 10.0190477371216
9.21224975585938 9.38224983215332 8.94649982452393 8.67175006866455 8.33199977874756 8.34249973297119 8.29074954986572 6.80124998092651 7.51725006103516 8.29125022888184 8.09224987030029 7.87125015258789 7.83025026321411 7.7814998626709 7.93849992752075 8.22399997711182 8.14124965667725 8.86600017547607 8.79874992370605 8.80475044250488 8.76350021362305 8.5314998626709 8.5602502822876 8.48449993133545 8.67424964904785 8.42724990844727 8.39649963378906 7.66400003433228 7.16725015640259 7.96124982833862 7.52174997329712 8.19050025939941 8.56599998474121 8.84000015258789 8.96424961090088 8.77000045776367 8.85249996185303 8.49450016021729 8.14500045776367 8.3432502746582 8.30599975585938 8.09924983978271 7.8587498664856 8.50975036621094 8.73750019073486 8.49199962615967 8.43900012969971 8.0024995803833 7.70149993896484 7.49049997329712 7.51775026321411 8.54325008392334 9.26074981689453 9.82549953460693 9.7185001373291 9.84500026702881 10.1160001754761 10.4545974731445 10.2268657684326 10.1261262893677
8.82225036621094 8.97599983215332 9.60875034332275 9.0622501373291 8.72850036621094 8.75699996948242 8.60875034332275 8.42224979400635 7.51125001907349 8.14974975585938 8.10000038146973 7.99700021743774 8.16199970245361 8.07950019836426 7.84899997711182 8.61050033569336 8.98674964904785 9.06624984741211 8.69025039672852 8.69974994659424 8.58600044250488 8.66174983978271 8.62924957275391 8.40299987792969 8.50425052642822 8.58775043487549 8.99849987030029 8.62975025177002 8.57299995422363 8.56849956512451 8.77200031280518 8.29874992370605 8.74450016021729 9.61849975585938 9.39649963378906 9.33049964904785 9.38099956512451 8.63875007629395 8.73575019836426 9.07275009155273 8.95100021362305 8.79699993133545 8.76875019073486 8.58300018310547 9.08625030517578 8.40050029754639 8.2165002822876 8.23950004577637 8.58174991607666 7.79225015640259 8.9372501373291 8.40524959564209 9.14750003814697 9.34924983978271 9.91849994659424 10.4082498550415 10.5346260070801 10.6006498336792 -9999 -9999
8.94824981689453 9.10449981689453 9.4352502822876 9.52624988555908 9.21700000762939 9.01000022888184 8.77075004577637 8.32524967193604 7.53074979782104 7.50899982452393 7.96550035476685 7.97475004196167 7.43499994277954 8.44075012207031 8.78125 8.85424995422363 8.89249992370605 8.85249996185303 8.40725040435791 8.65324974060059 8.86824989318848 8.84099960327148 8.78674983978271 8.37049961090088 8.3774995803833 8.45125007629395 8.45349979400635 8.91574954986572 8.99250030517578 9.20349979400635 9.09500026702881 9.53474998474121 9.38074970245361 9.61250019073486 9.72475051879883 9.73775005340576 9.86699962615967 9.64400005340576 9.7502498626709 10.053750038147 10.0997495651245 9.80500030517578 9.65450000762939 9.71549987792969 9.52274990081787 9.1230001449585 9.02999973297119 8.95800018310547 8.79825019836426 9.89799976348877 9.81925010681152 9.33749961853027 9.9667501449585 10.2667503356934 10.1847496032715 10.3127498626709 10.8189659118652 -9999 -9999 -9999
9.2507495880127 8.85575008392334 9.08275032043457 9.08950042724609 9.23324966430664 9.22375011444092 8.91049957275391 8.68074989318848 8.41374969482422 8.16825008392334 8.30650043487549 8.32100009918213 8.31149959564209 8.55025005340576 8.70674991607666 8.75125026702881 8.82824993133545 8.61100006103516 7.36299991607666 8.03975009918213 9.13475036621094 8.80249977111816 9.02225017547607 8.78250026702881 8.70524978637695 8.41849994659424 8.87674999237061 9.3747501373291 8.61824989318848 9.08399963378906 9.48149967193604 9.69449996948242 9.77524948120117 9.84749984741211 10.0620002746582 10.1809997558594 10.0507497787476 10.02649974823 10.2814998626709 10.0159997940063 10.1437501907349 10.0107498168945 9.48649978637695 9.5644998550415 9.66499996185303 9.75475025177002 9.10175037384033 9.26074981689453 10.2637500762939 10.4390001296997 10.6483421325684 10.7153844833374 10.701000213623 10.9399461746216 11.0670585632324 11.0294523239136 11.1090908050537 -9999 -9999 -9999
9.76599979400635 9.45950031280518 9.63825035095215 9.58224964141846 9.56350040435791 9.33224964141846 9.26449966430664 8.94124984741211 8.63450050354004 8.44699954986572 8.62950038909912 8.53474998474121 8.61299991607666 8.72574996948242 8.59700012207031 8.44349956512451 8.63199996948242 8.76525020599365 8.86824989318848 9.27499961853027 9.14274978637695 8.69025039672852 8.5935001373291 8.45600032806396 8.63150024414062 9.39325046539307 9.78699970245361 9.6274995803833 8.96325016021729 9.05749988555908 9.7810001373291 9.5627498626709 9.70450019836426 9.44099998474121 9.98324966430664 10.4122495651245 10.6090002059937 10.4800004959106 10.5576667785645 10.7699995040894 10.4532499313354 10.6107501983643 10.4154996871948 10.2414999008179 10.144401550293 10.2372198104858 10.4823532104492 10.4081296920776 10.7718753814697 10.8213520050049 11.1300888061523 11.254545211792 11.0689191818237 11.1999998092651 -9999 -9999 -9999 -9999 -9999 -9999
10.1979999542236 10.0967502593994 10.1307497024536 9.90900039672852 9.61174964904785 8.96549987792969 9.03575038909912 8.76000022888184 8.54100036621094 8.31875038146973 8.50599956512451 8.68649959564209 8.5647497177124 8.49825000762939 8.39799976348877 8.30475044250488 8.42650032043457 9.27375030517578 9.21049976348877 9.10875034332275 8.32775020599365 9.04625034332275 8.71500015258789 8.65050029754639 7.75600004196167 9.41224956512451 9.62024974822998 9.27725028991699 9.7790002822876 9.31849956512451 9.30200004577637 10.1597499847412 10.1014995574951 9.93649959564209 10.2864999771118 10.7045001983643 10.8777503967285 10.9082498550415 11.0095386505127 11.0470590591431 11.0852756500244 11.2051410675049 10.5012702941895 10.5888891220093 10.6974363327026 10.8468084335327 11.1316328048706 -9999 -9999 12.6999998092651 12.6000003814697 -9999 -9999 -9999 -9999 -9999 -9999 -9999 -9999 -9999
10.4307498931885 10.2915000915527 10.0150003433228 9.61950016021729 9.39550018310547 9.05650043487549 8.97249984741211 8.76200008392334 8.64974975585938 8.43599987030029 8.61975002288818 8.64675045013428 8.72399997711182 8.51200008392334 8.21724987030029 8.11499977111816 8.55599975585938 9.12224960327148 9.08425045013428 8.92924976348877 8.93575000762939 9.10124969482422 9.57849979400635 8.90324974060059 7.5605001449585 8.65324974060059 8.41024971008301 9.38825035095215 10.3177499771118 9.1587495803833 9.29874992370605 10.4460000991821 10.6464996337891 10.7580003738403 10.6780004501343 10.8242502212524 11.0450000762939 10.664999961853 11.1416244506836 12.3999996185303 11.5271320343018 11.2030897140503 11.2795457839966 11.5635290145874 11.2744188308716 -9999 -9999 -9999 -9999 -9999 -9999 -9999 -9999 -9999 -9999 -9999 -9999 -9999 -9999 -9999
10.2437496185303 9.95324993133545 9.86450004577637 9.40025043487549 9.13125038146973 9.0605001449585 9.10824966430664 8.89649963378906 8.82425022125244 8.62374973297119 8.70024967193604 8.73925018310547 8.82349967956543 8.81550025939941 8.86025047302246 8.6227502822876 9.33850002288818 9.14875030517578 9.37874984741211 9.35299968719482 9.7475004196167 10.1492500305176 10.4204998016357 9.26525020599365 7.15374994277954 8.08024978637695 9.07199954986572 10.3337497711182 10.05774974823 9.62950038909912 10.43274974823 10.8125 10.9099998474121 10.9340000152588 10.1920003890991 10.8237600326538 11.2302503585815 11.4442157745361 11.5976467132568 12.4333333969116 11.3678359985352 12.159574508667 12.2200002670288 12.5 -9999 -9999 -9999 -9999 -9999 -9999 -9999 -9999 -9999 -9999 -9999 -9999 -9999 -9999 -9999 -9999
10.4497499465942 10.3299999237061 10.1864995956421 9.92224979400635 9.43900012969971 9.17975044250488 9.22375011444092 9.16575050354004 8.80025005340576 8.64624977111816 8.67325019836426 8.7504997253418 9.03925037384033 9.23925018310547 9.61999988555908 9.51749992370605 9.59724998474121 9.55150032043457 9.90225028991699 10.071249961853 10.3592500686646 10.55774974823 10.8780002593994 10.6267499923706 9.74825000762939 10.4390001296997 10.8074998855591 10.9134998321533 10.6684999465942 10.3900003433228 10.9792499542236 11.0100002288818 10.9989995956421 11.2042503356934 11.0244998931885 11.4262819290161 11.5038890838623 11.6823234558105 11.7411766052246 12.722222328186 13.0222225189209 13.2428569793701 12.6666669845581 -9999 -9999 -9999 -9999 -9999 -9999 -9999 -9999 -9999 -9999 -9999 -9999 -9999 -9999 -9999 -9999 -9999
9.64675045013428 9.63199996948242 10.0729999542236 9.9712495803833 9.22325038909912 9.09675025939941 9.63700008392334 9.46926975250244 9.13305282592773 8.85774993896484 9.01224994659424 9.22500038146973 9.26525020599365 9.62600040435791 9.95975017547607 9.74674987792969 9.74300003051758 10.0504999160767 10.356499671936 10.522500038147 10.8497495651245 11.0527496337891 11.1850004196167 10.4842500686646 10.4902496337891 9.74250030517578 10.7834997177124 11.1362504959106 11.3732500076294 11.2887496948242 11.3222503662109 11.5452499389648 11.2997493743896 11.2305555343628 11.0738277435303 11.6612243652344 11.5323534011841 11.6666669845581 -9999 12.2384614944458 13.8000001907349 13.2571430206299 12.6999998092651 -9999 -9999 -9999 -9999 -9999 -9999 -9999 -9999 -9999 -9999 -9999 -9999 -9999 -9999 -9999 -9999 -9999
9.32550048828125 9.50424957275391 9.11600017547607 9.83950042724609 9.90999984741211 10.2192497253418 10.2356786727905 9.94010162353516 9.71255779266357 9.43766975402832 9.52480030059814 9.66224956512451 9.93074989318848 10.1047496795654 10.3929920196533 10.3924999237061 10.4657497406006 10.6397504806519 10.8932504653931 10.9492502212524 11.2542505264282 11.5305004119873 11.7215003967285 11.5034999847412 11.4025001525879 10.8529996871948 11.4040002822876 11.6176080703735 11.8177423477173 11.7243480682373 11.457612991333 11.6499996185303 11.9668636322021 12.042857170105 11.8374996185303 13.1999998092651 -9999 -9999 -9999 -9999 -9999 -9999 -9999 -9999 -9999 -9999 -9999 -9999 -9999 -9999 -9999 -9999 -9999 -9999 -9999 -9999 -9999 -9999 -9999 -9999
9.8444995880127 9.89074993133545 9.39949989318848 11.1786432266235 11.6969308853149 11.4495468139648 10.9538459777832 10.4416151046753 10.1590909957886 9.96619701385498 10.0560750961304 10.4311561584473 10.3944997787476 10.5024995803833 10.915225982666 11.0156660079956 10.9702501296997 11.15149974823 11.2882499694824 11.2639999389648 11.6917495727539 11.9382495880127 12.1785001754761 11.9989614486694 11.8498735427856 11.9755620956421 11.7621297836304 11.7142858505249 12.2860651016235 12.777777671814 13.3999996185303 12.2666664123535 12.2819442749023 12.1771430969238 12.8571424484253 -9999 -9999 -9999 -9999 -9999 -9999 -9999 -9999 -9999 -9999 -9999 -9999 -9999 -9999 -9999 -9999 -9999 -9999 -9999 -9999 -9999 -9999 -9999 -9999 -9999
11.2729997634888 11.246000289917 11.606427192688 12.3311824798584 12.6171875 12.3866662979126 -9999 -9999 -9999 -9999 -9999 11.1461544036865 11.1470584869385 10.9252634048462 11.1750001907349 11.6343278884888 11.5016832351685 11.4265003204346 11.6752500534058 11.94225025177 12.0900001525879 12.4003305435181 12.3194694519043 12.5096387863159 12.5846157073975 12.5272722244263 -9999 -9999 -9999 -9999 -9999 -9999 -9999 -9999 -9999 -9999 -9999 -9999 -9999 -9999 -9999 -9999 -9999 -9999 -9999 -9999 -9999 -9999 -9999 -9999 -9999 -9999 -9999 -9999 -9999 -9999 -9999 -9999 -9999 -9999
11.7752504348755 12.650318145752 12.9341459274292 13.1888885498047 13.2799997329712 -9999 -9999 -9999 -9999 -9999 -9999 -9999 -9999 -9999 -9999 11.7430305480957 11.6607503890991 11.6785001754761 11.902250289917 12.6779251098633 12.603401184082 12.5900001525879 -9999 -9999 -9999 -9999 -9999 -9999 -9999 -9999 -9999 -9999 -9999 -9999 -9999 -9999 -9999 -9999 -9999 -9999 -9999 -9999 -9999 -9999 -9999 -9999 -9999 -9999 -9999 -9999 -9999 -9999 -9999 -9999 -9999 -9999 -9999 -9999 -9999 -9999
12.2130002975464 12.8400001525879 13.3158330917358 13.6791667938232 13.8000001907349 -9999 -9999 -9999 -9999 -9999 -9999 13.1218748092651 -9999 -9999 -9999 12.0749998092651 12.03125 12.2062501907349 12.6172313690186 13.0163640975952 13.0575218200684 -9999 -9999 -9999 -9999 -9999 -9999 -9999 -9999 -9999 -9999 -9999 -9999 -9999 -9999 -9999 -9999 -9999 -9999 -9999 -9999 -9999 -9999 -9999 -9999 -9999 -9999 -9999 -9999 -9999 -9999 -9999 -9999 -9999 -9999 -9999 -9999 -9999 -9999 -9999
13.8794641494751 13.6171236038208 13.3741931915283 13.7434778213501 -9999 -9999 -9999 -9999 -9999 -9999 -9999 -9999 13.8999996185303 -9999 -9999 12.5513162612915 12.5369997024536 12.8157501220703 13.1854696273804 13.5159997940063 13.3619995117188 -9999 -9999 -9999 -9999 -9999 -9999 -9999 -9999 -9999 -9999 -9999 -9999 -9999 -9999 -9999 -9999 -9999 -9999 -9999 -9999 -9999 -9999 -9999 -9999 -9999 -9999 -9999 -9999 -9999 -9999 -9999 -9999 -9999 -9999 -9999 -9999 -9999 -9999 -9999
14.533332824707 14.1820516586304 -9999 -9999 -9999 -9999 -9999 -9999 -9999 -9999 -9999 -9999 -9999 -9999 -9999 13.0258531570435 12.7527503967285 12.8369998931885 12.8406171798706 13.740909576416 -9999 -9999 -9999 -9999 -9999 -9999 -9999 -9999 -9999 -9999 -9999 -9999 -9999 -9999 -9999 -9999 -9999 -9999 -9999 -9999 -9999 -9999 -9999 -9999 -9999 -9999 -9999 -9999 -9999 -9999 -9999 -9999 -9999 -9999 -9999 -9999 -9999 19.1000003814697 -9999 -9999
-9999 -9999 -9999 -9999 -9999 -9999 -9999 -9999 -9999 -9999 -9999 -9999 -9999 -9999 -9999 13.3452053070068 13.2761306762695 12.9785003662109 12.6935005187988 13.5076217651367 13.9333333969116 -9999 -9999 -9999 -9999 -9999 -9999 -9999 -9999 -9999 -9999 -9999 -9999 -9999 -9999 -9999 -9999 -9999 -9999 -9999 -9999 -9999 -9999 -9999 -9999 -9999 -9999 -9999 -9999 -9999 -9999 -9999 -9999 -9999 -9999 -9999 -9999 -9999 -9999 -9999
