02 cropping and modelling/wc2.1_10m_bio_17.asc
NCOLS 368 
NROWS 210 
XLLCORNER 67.1666666666667 
YLLCORNER 3.5 
CELLSIZE 0.166666666666667 
NODATA_value -9999 
[rows 74 to 110 of 210, columns 85 to 169 of 368]
20 21 22 22 22 23 23 24 24 26 27 27 28 26 24 23 23 24 26 27 28 28 27 25 25 25 24 23 23 24 24 23 20 17 17 18 20 21 21 21 20 20 20 22 22 23 25 23 22 21 22 20 22 24 27 28 30 32 35 35 36 36 36 31 28 25 26 25 29 36 43 48 52 55 58 59 58 54 52 52 53 52 54 58 52
19 19 21 24 23 23 23 24 23 24 25 25 26 24 22 21 22 24 25 27 27 28 28 25 24 23 22 22 23 24 24 22 19 17 17 19 21 22 22 21 21 21 21 22 23 23 24 24 23 21 21 21 21 24 27 29 32 37 35 38 38 42 39 38 36 32 30 29 33 39 47 53 57 58 58 57 54 51 50 50 51 49 52 55 52
20 20 21 22 21 22 21 21 22 22 23 24 24 22 21 20 21 22 23 25 26 28 27 25 24 22 20 21 22 24 24 22 20 18 18 21 23 24 23 22 23 22 22 23 23 23 25 25 24 22 21 20 22 25 30 30 37 47 55 59 54 53 47 42 38 34 32 34 37 43 51 56 60 59 58 56 53 50 50 49 51 49 54 54 44
20 21 22 21 20 19 20 20 21 21 22 23 22 22 21 19 20 20 23 25 26 27 27 25 23 22 22 22 23 26 24 23 21 18 19 21 22 24 24 25 24 25 24 24 23 24 25 25 24 23 22 20 23 35 39 33 37 52 64 74 73 66 58 48 37 33 34 36 41 48 53 58 60 61 61 57 55 52 50 48 49 47 46 41 39
21 23 22 19 18 18 18 21 21 21 22 22 22 22 20 18 19 19 21 22 23 24 24 24 23 22 23 23 26 26 27 25 23 20 20 23 23 25 25 25 25 26 26 26 25 25 26 27 25 25 24 22 22 28 40 38 34 42 53 73 75 71 63 51 40 34 35 39 44 49 55 58 63 68 66 62 57 55 52 49 50 46 40 38 40
21 21 20 17 17 17 18 20 21 22 23 23 21 20 19 19 18 19 19 20 21 22 23 22 24 23 24 24 25 27 27 26 24 23 23 25 25 25 25 26 26 27 27 26 26 26 26 28 27 26 24 24 23 23 23 27 32 38 40 48 52 56 56 51 47 45 44 44 47 52 57 65 73 69 71 66 63 58 54 51 50 49 34 37 39
20 19 19 17 17 17 19 21 23 25 25 24 23 21 20 21 20 21 20 20 20 21 21 22 23 24 23 24 24 28 28 26 26 25 25 26 26 26 26 26 27 27 27 27 26 27 27 28 28 28 27 27 25 23 23 23 26 29 33 35 40 44 48 52 54 57 56 54 55 57 62 66 65 75 75 71 65 59 57 54 51 37 34 36 39
19 21 20 17 18 18 21 23 27 29 31 30 30 27 24 24 24 23 21 21 21 21 22 23 22 22 22 24 25 26 27 27 27 26 26 27 27 26 27 27 27 27 28 27 28 28 29 29 31 29 29 28 26 25 23 25 27 30 33 38 41 46 51 56 59 63 65 65 63 62 60 61 65 68 75 65 63 61 56 50 44 33 33 37 42
20 22 21 21 23 21 22 26 29 31 32 31 32 32 31 31 26 24 23 23 23 23 23 23 22 23 25 25 26 26 27 27 27 26 27 28 28 29 28 29 29 28 29 29 29 29 30 30 31 31 31 29 28 26 25 26 27 29 35 38 43 47 52 56 60 64 67 68 64 62 61 61 62 63 70 63 63 60 53 46 40 36 37 42 44
23 23 24 24 22 23 25 27 29 30 32 32 33 32 31 28 27 26 27 28 27 26 25 26 26 25 25 24 25 26 25 27 27 27 27 28 29 29 31 31 30 30 30 31 31 30 30 31 33 33 32 31 29 27 26 26 28 31 34 39 42 47 51 55 58 63 67 66 64 60 58 59 58 65 65 64 63 59 49 44 40 40 40 41 40
25 24 24 24 24 24 27 28 29 31 31 31 29 28 27 29 30 30 31 31 31 29 28 27 26 24 24 23 23 24 25 26 27 28 29 29 31 31 32 33 31 32 31 32 32 31 32 33 33 32 33 32 31 30 28 28 29 30 33 38 40 44 48 51 55 58 62 63 60 58 55 55 57 62 61 64 61 55 44 43 43 44 44 41 38
25 25 25 24 25 25 27 29 30 31 32 32 30 28 29 29 30 31 33 33 34 33 31 30 27 24 21 20 22 23 24 26 27 28 29 29 31 31 31 32 32 32 31 33 32 31 32 32 33 34 35 34 33 32 30 30 30 30 32 35 37 42 45 49 52 54 56 57 55 52 52 54 56 56 58 57 57 46 41 43 40 43 41 37 36
25 25 25 23 24 26 27 27 28 30 32 31 30 30 29 27 28 29 31 33 35 37 36 34 32 27 22 20 21 21 23 25 26 28 29 30 31 32 31 29 29 30 30 31 31 31 32 34 35 36 36 36 36 34 33 31 30 30 31 33 36 39 43 47 49 51 52 52 50 48 49 51 54 52 54 55 49 38 37 37 37 38 37 34 32
26 24 23 24 27 25 28 26 29 29 31 29 30 29 29 29 28 29 33 35 38 37 36 35 32 29 22 20 20 22 23 24 25 27 29 30 30 31 30 29 27 28 29 29 30 31 32 34 38 39 39 39 38 38 37 34 32 31 29 30 35 38 43 47 49 50 51 48 47 47 48 52 49 51 50 51 42 31 33 32 33 34 33 29 29
27 24 23 25 26 27 29 30 28 28 29 28 29 28 27 27 29 31 33 34 38 37 33 32 28 23 21 19 19 21 22 23 24 26 28 30 30 30 30 29 29 29 28 29 30 31 34 37 39 40 42 41 42 40 38 35 33 30 29 31 34 38 43 47 48 48 49 48 48 48 48 50 49 52 48 49 35 28 26 27 29 30 28 25 25
29 28 27 30 33 32 30 29 27 27 28 27 28 28 27 30 30 34 36 40 40 39 38 35 31 25 21 20 20 21 22 24 25 25 26 28 30 31 31 31 29 29 28 28 30 33 36 39 42 44 46 45 43 42 39 36 34 32 31 32 34 37 40 44 45 45 49 48 46 52 47 53 49 47 46 40 25 27 22 23 24 25 22 22 21
31 31 30 30 29 30 28 28 25 25 25 26 26 28 27 32 32 35 38 41 42 41 40 38 33 27 21 20 20 22 24 24 24 24 24 27 29 30 32 32 32 30 29 29 32 35 39 43 45 47 48 47 45 43 40 37 35 33 32 32 34 35 37 38 40 41 43 49 52 51 48 48 46 42 44 33 20 22 19 20 21 21 19 19 20
30 30 29 28 27 24 25 23 22 23 24 24 26 27 28 29 32 35 37 39 42 41 39 37 32 23 20 19 22 23 25 25 24 24 23 26 28 30 32 33 33 32 31 31 33 37 43 46 48 49 50 49 46 44 41 39 37 34 33 33 32 32 33 35 35 36 41 50 49 47 49 49 46 43 45 31 18 19 16 19 20 17 16 15 15
31 30 28 28 26 22 22 20 20 21 22 24 26 29 28 29 31 33 37 39 39 39 36 34 29 23 21 20 21 23 25 25 25 24 24 26 28 29 31 34 35 34 32 32 36 41 46 48 50 51 51 50 48 45 42 40 38 35 34 32 32 30 29 31 32 33 36 43 50 47 52 46 41 41 42 32 16 19 14 14 14 15 14 12 12
30 32 31 29 27 22 20 18 19 20 23 25 24 25 25 27 30 33 36 38 38 36 32 31 29 25 24 23 23 24 26 25 25 25 25 26 27 29 30 33 35 35 36 36 40 45 49 51 52 53 52 51 49 46 43 40 38 36 36 34 33 30 28 30 31 31 32 38 50 46 46 45 43 42 30 27 15 21 14 12 12 12 11 10 10
29 31 33 29 28 23 20 17 17 18 22 24 24 23 24 24 27 30 31 34 34 32 29 26 26 23 23 24 24 24 26 26 27 26 27 28 29 30 32 34 36 37 39 40 44 48 50 52 54 54 52 52 50 46 43 40 38 38 37 36 34 32 29 30 31 30 33 36 41 47 47 50 43 42 29 22 15 20 13 13 10 10 10 9 8
29 30 29 28 27 25 21 17 18 18 16 18 21 22 23 23 26 26 27 28 29 27 25 24 23 23 24 25 25 26 27 27 26 27 29 31 31 32 33 34 36 39 41 43 47 50 53 55 54 55 54 53 50 48 45 42 40 39 38 36 35 32 31 29 31 29 34 34 39 45 46 43 43 39 30 23 15 17 16 12 9 8 8 8 7
27 25 27 27 25 24 19 16 15 16 15 17 21 22 22 23 24 24 24 24 24 22 22 22 23 23 24 25 27 28 29 28 27 28 31 33 33 34 34 36 37 39 42 44 48 51 53 54 55 56 54 54 52 50 47 43 42 40 38 38 34 34 33 30 30 33 34 33 40 40 47 43 41 34 27 21 15 16 14 11 10 8 8 7 6
25 25 24 25 25 22 19 16 15 16 15 17 19 22 23 23 22 23 22 22 21 21 23 24 24 24 25 26 28 30 32 31 31 33 34 36 36 36 36 37 38 40 43 44 48 50 52 54 54 55 55 53 52 50 47 45 42 40 39 38 -9999 -9999 34 33 32 32 37 35 35 36 43 40 35 31 24 18 14 13 13 10 10 9 7 6 5
25 25 24 22 23 20 19 18 16 16 16 18 19 21 22 21 23 23 23 24 23 22 24 28 28 26 27 28 30 34 34 33 35 36 37 37 37 37 38 38 39 40 41 44 47 49 51 53 54 54 54 53 52 50 49 47 44 42 40 -9999 -9999 -9999 35 35 34 36 36 39 33 33 38 35 31 28 21 15 13 12 12 9 9 8 6 6 5
23 21 20 19 18 18 18 18 17 17 16 18 19 21 23 22 22 22 22 27 24 22 26 30 30 29 29 31 35 43 47 42 40 41 42 41 42 41 40 39 40 41 42 44 45 47 49 50 52 52 52 52 51 50 48 47 45 45 -9999 -9999 -9999 -9999 -9999 37 36 37 37 44 33 32 33 33 31 26 20 14 12 11 10 9 7 5 5 5 6
21 19 16 14 14 15 15 16 16 18 17 18 19 21 21 22 23 22 23 25 25 23 28 35 34 33 33 34 39 51 56 45 45 47 48 47 44 43 42 41 41 41 41 42 44 46 46 48 50 51 51 51 49 49 47 49 -9999 -9999 -9999 -9999 -9999 -9999 -9999 38 37 36 39 41 33 30 30 27 27 27 19 15 11 10 8 7 6 5 4 3 6
19 16 14 12 12 13 14 16 17 17 18 19 20 23 22 23 22 23 24 26 26 24 28 34 38 40 38 38 41 52 54 49 52 53 52 50 47 45 43 -9999 40 40 41 41 42 43 45 47 -9999 -9999 -9999 -9999 -9999 -9999 -9999 -9999 -9999 -9999 -9999 -9999 -9999 -9999 -9999 40 38 38 37 36 32 31 26 25 24 26 23 15 10 9 8 7 5 5 4 3 6
16 14 13 11 11 11 13 16 18 18 19 21 20 21 22 22 23 24 27 26 25 25 27 31 36 42 42 43 46 53 56 59 61 58 55 -9999 -9999 -9999 -9999 -9999 -9999 -9999 -9999 -9999 -9999 -9999 -9999 -9999 -9999 -9999 -9999 -9999 -9999 -9999 -9999 -9999 -9999 -9999 -9999 -9999 -9999 -9999 -9999 39 38 35 36 36 30 27 24 23 25 24 21 15 10 8 8 7 5 5 5 6 7
15 14 12 12 11 12 13 15 16 19 21 21 21 21 22 23 24 26 24 25 26 28 30 32 37 42 48 48 52 57 58 58 58 58 -9999 -9999 -9999 -9999 -9999 -9999 -9999 -9999 -9999 -9999 -9999 -9999 -9999 -9999 -9999 -9999 -9999 -9999 -9999 -9999 -9999 -9999 -9999 -9999 -9999 -9999 -9999 -9999 -9999 -9999 35 35 36 33 31 23 21 22 21 21 19 18 12 8 7 6 5 5 5 6 7
12 11 11 11 11 13 14 15 17 19 20 21 21 22 22 22 23 23 25 29 28 28 31 34 39 43 50 51 51 54 56 57 58 58 -9999 -9999 -9999 -9999 -9999 -9999 -9999 -9999 -9999 -9999 -9999 -9999 -9999 -9999 -9999 -9999 -9999 -9999 -9999 -9999 -9999 -9999 -9999 -9999 -9999 -9999 -9999 -9999 -9999 -9999 33 31 30 28 30 21 22 21 22 20 19 17 10 7 7 6 6 6 6 7 7
10 9 10 10 12 13 14 15 17 21 21 22 22 22 22 22 21 22 24 28 31 32 33 37 40 43 43 47 49 53 54 55 55 55 -9999 -9999 -9999 -9999 -9999 -9999 -9999 -9999 -9999 -9999 -9999 -9999 -9999 -9999 -9999 -9999 -9999 -9999 -9999 -9999 -9999 -9999 -9999 -9999 -9999 -9999 -9999 -9999 -9999 -9999 -9999 29 30 28 29 22 21 21 23 22 19 14 10 7 7 6 6 6 6 6 8
-9999 10 9 11 13 14 15 16 19 20 22 23 23 23 21 22 23 24 25 31 34 37 37 40 43 42 45 46 47 50 52 53 55 53 51 -9999 -9999 -9999 -9999 -9999 -9999 -9999 -9999 -9999 -9999 -9999 -9999 -9999 -9999 -9999 -9999 -9999 -9999 -9999 -9999 -9999 -9999 -9999 -9999 -9999 -9999 -9999 -9999 -9999 -9999 26 27 27 29 24 21 22 22 22 19 15 10 8 7 6 6 6 6 7 7
-9999 11 11 13 14 15 19 17 20 20 22 24 24 23 23 27 31 34 33 33 36 39 45 48 45 43 43 44 45 46 49 51 52 52 -9999 -9999 -9999 -9999 -9999 -9999 -9999 -9999 -9999 -9999 -9999 -9999 -9999 -9999 -9999 -9999 -9999 -9999 -9999 -9999 -9999 -9999 -9999 -9999 -9999 -9999 -9999 -9999 -9999 -9999 -9999 27 26 27 27 27 25 22 23 20 17 18 13 8 7 6 6 6 6 7 7
-9999 14 14 15 16 18 22 19 19 21 23 25 24 25 28 33 37 40 42 39 42 41 43 44 43 41 41 41 43 45 46 48 48 -9999 -9999 -9999 -9999 -9999 -9999 -9999 -9999 -9999 -9999 -9999 -9999 -9999 -9999 -9999 -9999 -9999 -9999 -9999 -9999 -9999 -9999 -9999 -9999 -9999 -9999 -9999 -9999 -9999 -9999 -9999 -9999 -9999 -9999 28 27 26 27 22 19 19 20 15 17 9 7 6 6 6 6 7 7
-9999 17 18 18 19 20 23 19 21 22 24 26 27 29 36 37 44 45 45 45 47 47 48 44 43 42 41 40 42 43 45 45 46 -9999 -9999 -9999 -9999 -9999 -9999 -9999 -9999 -9999 -9999 -9999 -9999 -9999 -9999 -9999 -9999 -9999 -9999 -9999 -9999 -9999 -9999 -9999 -9999 -9999 -9999 -9999 -9999 -9999 -9999 -9999 -9999 -9999 -9999 -9999 26 26 24 22 19 17 17 14 16 13 7 7 7 7 7 8 8
-9999 22 23 23 22 22 22 21 22 23 25 27 30 33 37 42 48 51 49 44 47 47 47 47 42 40 39 39 41 42 43 44 -9999 -9999 -9999 -9999 -9999 -9999 -9999 -9999 -9999 -9999 -9999 -9999 -9999 -9999 -9999 -9999 -9999 -9999 -9999 -9999 -9999 -9999 -9999 -9999 -9999 -9999 -9999 -9999 -9999 -9999 -9999 -9999 -9999 -9999 -9999 -9999 28 27 24 21 17 17 17 13 14 15 9 7 7 8 8 8 8
