02 cropping and modelling/wc2.1_10m_bio_4.asc
NCOLS 368 
NROWS 210 
XLLCORNER 67.1666666666667 
YLLCORNER 3.5 
CELLSIZE 0.166666666666667 
NODATA_value -9999 
[rows 0 to 26 of 210, columns 60 to 119 of 368]
-9999 -9999 -9999 -9999 -9999 -9999 -9999 -9999 -9999 -9999 -9999 -9999 -9999 -9999 -9999 -9999 -9999 -9999 -9999 -9999 -9999 -9999 -9999 -9999 -9999 -9999 -9999 -9999 -9999 -9999 -9999 -9999 -9999 -9999 -9999 -9999 -9999 -9999 -9999 -9999 -9999 -9999 -9999 -9999 -9999 -9999 -9999 -9999 -9999 -9999 -9999 -9999 -9999 -9999 -9999 -9999 -9999 -9999 -9999 -9999
1102.63781738281 1120.03454589844 1180.95495605469 1204.15832519531 1210.10290527344 1215.83557128906 1221.37097167969 -9999 -9999 -9999 -9999 -9999 -9999 -9999 -9999 -9999 -9999 -9999 -9999 -9999 -9999 -9999 -9999 -9999 -9999 -9999 -9999 -9999 -9999 -9999 -9999 -9999 -9999 -9999 -9999 -9999 -9999 -9999 -9999 -9999 -9999 -9999 -9999 -9999 -9999 -9999 -9999 -9999 -9999 -9999 -9999 -9999 -9999 -9999 -9999 -9999 -9999 -9999 -9999 -9999
1102.31420898438 1113.46752929688 1176.91784667969 1195.6513671875 1205.46594238281 1215.38159179688 1221.86328125 1229.74267578125 1232.2587890625 1229.66821289062 1230.08215332031 1228.38623046875 1230.26513671875 1229.173828125 1233.15502929688 1234.87890625 -9999 -9999 -9999 -9999 -9999 -9999 -9999 -9999 -9999 -9999 -9999 -9999 -9999 -9999 -9999 -9999 -9999 -9999 -9999 -9999 -9999 -9999 -9999 -9999 -9999 -9999 -9999 -9999 -9999 -9999 -9999 -9999 -9999 -9999 -9999 -9999 -9999 -9999 -9999 -9999 -9999 -9999 -9999 -9999
1108.32141113281 1098.65185546875 1142.58447265625 1187.53796386719 1197.71960449219 1208.28173828125 1217.95227050781 1225.38586425781 1228.75012207031 1228.40307617188 1228.21643066406 1225.67883300781 1226.20568847656 1227.2509765625 1230.36901855469 1230.98852539062 1232.16613769531 1229.71374511719 1221.458984375 1207.43347167969 1219.98608398438 -9999 -9999 -9999 -9999 -9999 -9999 -9999 -9999 -9999 -9999 -9999 -9999 -9999 -9999 -9999 -9999 -9999 -9999 -9999 -9999 -9999 -9999 -9999 -9999 -9999 -9999 -9999 -9999 -9999 -9999 -9999 -9999 -9999 -9999 -9999 -9999 -9999 -9999 -9999
1114.29577636719 1116.41162109375 1140.63684082031 1165.87707519531 1181.12854003906 1194.46875 1202.78576660156 1206.12512207031 1220.04260253906 1223.5673828125 1224.3525390625 1221.08190917969 1219.72497558594 1221.84057617188 1224.3505859375 1224.20458984375 1222.91259765625 1209.35693359375 1197.14001464844 1185.14794921875 1213.53845214844 1220.52380371094 1221.1171875 1220.24487304688 1217.59020996094 -9999 -9999 -9999 -9999 -9999 -9999 -9999 -9999 -9999 -9999 -9999 -9999 -9999 -9999 -9999 -9999 -9999 -9999 -9999 -9999 -9999 -9999 -9999 -9999 -9999 -9999 -9999 -9999 -9999 -9999 -9999 -9999 -9999 -9999 -9999
1120.61950683594 1116.13244628906 1119.52648925781 1135.43237304688 1137.60485839844 1154.87072753906 1156.53771972656 1178.91613769531 1195.18469238281 1206.52075195312 1213.15002441406 1208.82800292969 1203.74780273438 1206.18969726562 1195.93640136719 1198.40173339844 1187.64660644531 1172.81225585938 1167.60888671875 1196.94226074219 1207.49645996094 1212.10583496094 1209.90380859375 1209.44885253906 1209.2744140625 1201.13208007812 1188.58435058594 1188.75708007812 -9999 -9999 -9999 -9999 -9999 -9999 -9999 -9999 -9999 -9999 -9999 -9999 -9999 -9999 -9999 -9999 -9999 -9999 -9999 -9999 -9999 -9999 -9999 -9999 -9999 -9999 -9999 -9999 -9999 -9999 -9999 -9999
1076.16955566406 1085.73645019531 1116.62768554688 1126.34558105469 1116.55383300781 1126.47351074219 1143.1025390625 1159.71850585938 1155.99963378906 1173.13305664062 1194.13537597656 1192.13073730469 1185.51745605469 1170.61474609375 1134.42541503906 1147.29846191406 1160.42846679688 1169.87683105469 1187.11596679688 1194.1943359375 1200.75170898438 1203.14636230469 1200.72741699219 1198.05822753906 1196.06372070312 1184.22119140625 1175.94213867188 1178.37231445312 1188.47985839844 1191.91296386719 1197.95581054688 -9999 -9999 -9999 -9999 -9999 -9999 -9999 -9999 -9999 -9999 -9999 -9999 -9999 -9999 -9999 -9999 -9999 -9999 -9999 -9999 -9999 -9999 -9999 -9999 -9999 -9999 -9999 -9999 -9999
1033.22937011719 1040.16027832031 1052.91613769531 1062.2275390625 1088.12609863281 1111.54821777344 1118.77856445312 1115.74230957031 1127.63146972656 1142.96350097656 1154.19738769531 1151.27575683594 1154.36547851562 1162.76489257812 1116.81689453125 1105.38317871094 1140.84765625 1166.72473144531 1167.11120605469 1178.22436523438 1185.63000488281 1188.04321289062 1184.65832519531 1183.40148925781 1181.1455078125 1174.8828125 1161.02783203125 1165.09008789062 1172.4697265625 1177.38000488281 1185.93273925781 1194.90478515625 1192.1552734375 -9999 -9999 -9999 -9999 -9999 -9999 -9999 -9999 -9999 -9999 -9999 -9999 -9999 -9999 -9999 -9999 -9999 -9999 -9999 -9999 -9999 -9999 -9999 -9999 -9999 -9999 -9999
965.986755371094 984.298950195312 964.323181152344 980.49169921875 995.680541992188 1018.40435791016 1033.90441894531 1053.822265625 1079.54345703125 1085.462890625 1093.62109375 1098.8642578125 1097.35461425781 1110.43334960938 1120.28662109375 1096.166015625 1095.28051757812 1101.17980957031 1115.23046875 1147.39685058594 1160.15734863281 1144.74975585938 1132.53991699219 1132.3583984375 1140.25952148438 1146.2646484375 1138.04174804688 1148.30810546875 1156.88366699219 1159.21948242188 1165.49560546875 1169.69421386719 1164.16796875 1146.07189941406 1164.10681152344 -9999 -9999 -9999 -9999 -9999 -9999 -9999 -9999 -9999 -9999 -9999 -9999 -9999 -9999 -9999 -9999 -9999 -9999 -9999 -9999 -9999 -9999 -9999 -9999 -9999
910.547668457031 940.192687988281 932.258605957031 932.028747558594 936.124145507812 916.995849609375 954.494445800781 960.408142089844 977.914855957031 994.033325195312 1011.72961425781 1039.20642089844 1049.9150390625 1072.32250976562 1079.3125 1088.72106933594 1096.78198242188 1104.78002929688 1109.86303710938 1120.38549804688 1123.50439453125 1116.71020507812 1115.06884765625 1116.93103027344 1111.9873046875 1096.43115234375 1085.70617675781 1123.17199707031 1132.39855957031 1137.54528808594 1134.30261230469 1135.16369628906 1125.0693359375 1121.06384277344 1125.66259765625 1117.66784667969 1117.529296875 -9999 -9999 -9999 -9999 -9999 -9999 -9999 -9999 -9999 -9999 -9999 -9999 -9999 -9999 -9999 -9999 -9999 -9999 -9999 -9999 -9999 -9999 -9999
916.905090332031 921.257690429688 926.474548339844 930.435241699219 929.56640625 914.657897949219 935.308532714844 928.267517089844 923.467895507812 936.461975097656 943.140075683594 967.691711425781 990.480590820312 1019.98706054688 1018.62561035156 1024.65576171875 1053.71154785156 1045.37280273438 1055.69787597656 1075.3154296875 1081.36877441406 1085.53271484375 1096.09118652344 1110.27954101562 1111.140625 1104.55639648438 1082.1083984375 1104.22009277344 1096.892578125 1101.18579101562 1092.83435058594 1091.95532226562 1086.24768066406 1088.296875 1093.56335449219 1086.36840820312 1077.07495117188 1047.52966308594 -9999 -9999 -9999 -9999 -9999 -9999 -9999 -9999 -9999 -9999 -9999 -9999 -9999 -9999 -9999 -9999 -9999 -9999 -9999 -9999 -9999 -9999
910.115356445312 919.992492675781 933.572326660156 932.656311035156 935.63427734375 936.530334472656 940.211791992188 935.407836914062 944.382934570312 950.849060058594 953.617797851562 992.978698730469 987.359558105469 994.408142089844 986.837524414062 997.5986328125 1023.06329345703 949.281799316406 933.814575195312 958.056823730469 1027.88977050781 1054.47143554688 1075.82202148438 1086.39929199219 1090.16284179688 1083.60192871094 1078.76721191406 1076.24536132812 1064.2646484375 1054.92041015625 1036.53723144531 1007.12097167969 1002.30053710938 1004.10864257812 994.261962890625 982.278259277344 971.989440917969 945.600158691406 947.646911621094 934.404907226562 -9999 -9999 -9999 -9999 -9999 -9999 -9999 -9999 -9999 -9999 -9999 -9999 -9999 -9999 -9999 -9999 -9999 -9999 -9999 -9999
958.503234863281 954.958984375 924.740661621094 928.952941894531 943.006530761719 934.447875976562 913.751770019531 936.879577636719 937.154907226562 923.930053710938 923.947631835938 946.114562988281 932.059936523438 908.695068359375 926.746948242188 966.647521972656 989.080505371094 981.785949707031 916.850524902344 928.567626953125 1013.48785400391 1033.22326660156 1057.75476074219 1063.34460449219 1059.27807617188 1049.7412109375 1027.70483398438 1021.06683349609 987.535034179688 946.600280761719 921.537658691406 921.305236816406 910.20703125 926.726989746094 923.742980957031 926.897827148438 923.805603027344 930.629638671875 923.835083007812 928.617065429688 948.251220703125 -9999 -9999 -9999 -9999 -9999 -9999 -9999 -9999 -9999 -9999 -9999 -9999 -9999 -9999 -9999 -9999 -9999 -9999 -9999
945.781799316406 943.927551269531 953.305847167969 934.245971679688 924.485961914062 934.913208007812 947.630859375 941.65673828125 935.642272949219 925.525634765625 921.389953613281 903.950256347656 908.963195800781 910.487365722656 914.537841796875 932.99267578125 950.096496582031 936.5732421875 913.731262207031 949.458129882812 957.111877441406 986.032409667969 997.849365234375 1000.04302978516 984.447021484375 971.307250976562 962.73974609375 943.153686523438 922.138366699219 919.788391113281 918.343933105469 921.443237304688 916.827331542969 929.903686523438 942.607177734375 955.940185546875 970.697570800781 984.155883789062 979.906494140625 981.593444824219 976.853271484375 976.6015625 -9999 -9999 -9999 -9999 -9999 -9999 -9999 -9999 -9999 -9999 -9999 -9999 -9999 -9999 -9999 -9999 -9999 -9999
951.594848632812 946.010620117188 951.730163574219 961.71533203125 956.537292480469 944.243530273438 935.028991699219 939.131225585938 940.167785644531 942.074035644531 942.258117675781 955.2138671875 925.855407714844 914.774353027344 903.731689453125 895.358642578125 905.044799804688 892.121826171875 890.278076171875 899.364196777344 908.682922363281 915.547912597656 929.049499511719 925.27685546875 922.271545410156 916.247985839844 908.490051269531 911.299499511719 930.492309570312 938.107543945312 935.44677734375 970.514404296875 972.215576171875 974.66259765625 981.189514160156 992.829895019531 982.359619140625 962.408447265625 957.469848632812 969.857543945312 969.317504882812 966.103881835938 973.600341796875 -9999 -9999 -9999 -9999 -9999 -9999 -9999 -9999 -9999 -9999 -9999 -9999 -9999 -9999 -9999 -9999 -9999
940.109375 954.12890625 958.421142578125 949.448608398438 947.554138183594 979.448791503906 979.355590820312 951.442810058594 970.12255859375 955.547973632812 935.425354003906 951.557678222656 966.683654785156 940.549072265625 928.177612304688 918.587158203125 907.777648925781 919.1533203125 917.205017089844 927.333129882812 919.254516601562 913.877807617188 913.175903320312 914.335571289062 925.745788574219 931.466918945312 914.103271484375 932.748962402344 935.657165527344 947.4306640625 951.95751953125 949.228149414062 945.555725097656 952.552673339844 965.481506347656 960.008911132812 958.460632324219 956.710693359375 966.970825195312 974.531555175781 968.791625976562 965.722045898438 972.914855957031 967.671936035156 -9999 -9999 -9999 -9999 -9999 -9999 -9999 -9999 -9999 -9999 -9999 -9999 -9999 -9999 -9999 -9999
950.695068359375 942.707702636719 958.669677734375 961.857055664062 948.973815917969 956.345397949219 954.550720214844 949.111083984375 945.226684570312 946.122680664062 955.022094726562 956.683410644531 947.343933105469 971.809265136719 941.571655273438 929.657348632812 921.690124511719 924.374877929688 912.762817382812 913.160949707031 918.622497558594 922.527404785156 930.605285644531 918.810791015625 922.386108398438 948.254577636719 956.65576171875 956.342163085938 938.93798828125 930.767150878906 947.2783203125 922.043090820312 926.237060546875 931.731872558594 940.326477050781 943.145202636719 951.729858398438 961.480651855469 975.294311523438 979.746948242188 978.525817871094 987.827880859375 981.51513671875 977.451171875 974.167114257812 -9999 -9999 -9999 -9999 -9999 -9999 -9999 -9999 -9999 -9999 -9999 -9999 -9999 -9999 -9999
963.796569824219 964.757141113281 984.079345703125 982.577575683594 960.641967773438 970.957824707031 971.066589355469 966.285095214844 961.469604492188 942.497985839844 949.248779296875 959.656616210938 977.352966308594 991.306274414062 976.998840332031 950.675415039062 941.860290527344 936.174499511719 928.871398925781 926.492614746094 924.5625 914.561950683594 925.174560546875 924.865234375 920.623352050781 926.695922851562 930.327880859375 916.647399902344 916.855224609375 928.258911132812 922.02587890625 911.566955566406 923.606567382812 922.888122558594 942.967895507812 934.802612304688 942.397521972656 957.161499023438 972.922607421875 979.239624023438 979.325744628906 973.81787109375 972.674438476562 978.651672363281 981.374084472656 973.469909667969 -9999 -9999 -9999 -9999 -9999 -9999 -9999 -9999 -9999 -9999 -9999 -9999 -9999 -9999
976.017517089844 963.39990234375 994.356567382812 994.123962402344 1006.93090820312 988.388244628906 985.646362304688 970.654602050781 961.829040527344 966.801635742188 967.103942871094 969.060729980469 966.943542480469 981.361206054688 995.247680664062 975.934020996094 964.444580078125 951.975952148438 948.399536132812 943.225280761719 951.62451171875 948.759887695312 951.193176269531 950.68115234375 941.184204101562 939.498596191406 925.490905761719 923.736572265625 923.796997070312 911.425903320312 919.599792480469 931.263732910156 941.792663574219 952.164916992188 950.805603027344 945.771667480469 964.252319335938 969.149658203125 970.464538574219 965.130249023438 964.404357910156 961.713256835938 960.59033203125 972.159240722656 968.721313476562 965.624084472656 963.656311035156 -9999 -9999 -9999 -9999 -9999 -9999 -9999 -9999 -9999 -9999 -9999 -9999 -9999
1007.01751708984 981.011657714844 967.960815429688 1012.03265380859 1010.46942138672 998.325927734375 979.287841796875 972.525329589844 966.954223632812 961.535522460938 956.716979980469 955.312866210938 960.174255371094 965.501953125 985.19775390625 975.314636230469 973.227661132812 967.219970703125 953.946533203125 948.946166992188 943.989868164062 937.159973144531 937.547973632812 935.720581054688 938.103820800781 946.248840332031 935.230163574219 933.873596191406 926.781555175781 933.368835449219 938.153991699219 917.519165039062 921.47412109375 947.48291015625 959.019958496094 960.236694335938 970.518493652344 966.196228027344 958.748168945312 967.509216308594 967.425048828125 970.076416015625 970.647521972656 969.453491210938 968.470092773438 967.435119628906 964.000366210938 963.734558105469 -9999 -9999 -9999 -9999 -9999 -9999 -9999 -9999 -9999 -9999 -9999 -9999
1003.83752441406 981.627868652344 976.987060546875 976.610229492188 967.335205078125 995.650634765625 993.445434570312 999.779846191406 995.725891113281 978.247009277344 958.790954589844 964.635192871094 965.23193359375 951.236267089844 966.770080566406 959.832641601562 965.383728027344 971.235412597656 964.212463378906 964.814392089844 963.603698730469 958.876098632812 931.201721191406 933.500183105469 956.779541015625 947.5205078125 944.943176269531 949.561584472656 952.309387207031 954.992431640625 946.7568359375 929.930419921875 939.837463378906 947.034301757812 947.363098144531 944.477844238281 959.186462402344 955.445495605469 948.2490234375 940.73095703125 937.096435546875 946.231018066406 958.016479492188 954.460998535156 957.161560058594 959.817504882812 963.708435058594 959.88330078125 961.379028320312 -9999 -9999 -9999 -9999 -9999 -9999 -9999 -9999 -9999 -9999 -9999
994.973999023438 995.404846191406 990.146911621094 957.433166503906 976.010864257812 977.573547363281 968.840515136719 973.696228027344 984.456848144531 992.609069824219 982.697021484375 981.914489746094 982.855834960938 973.816650390625 961.18701171875 963.150268554688 960.997314453125 949.395935058594 953.078979492188 948.3876953125 956.93505859375 960.048706054688 945.80419921875 934.100341796875 937.331237792969 945.544799804688 957.03857421875 962.8662109375 952.683715820312 954.367248535156 947.639038085938 938.767761230469 930.869384765625 927.846252441406 944.518432617188 945.198547363281 944.011596679688 943.935913085938 951.201354980469 953.909912109375 952.354858398438 955.342895507812 939.399597167969 942.935241699219 941.11767578125 938.89697265625 947.740966796875 939.374877929688 932.895751953125 938.933715820312 -9999 -9999 -9999 -9999 -9999 -9999 -9999 -9999 -9999 -9999
959.137268066406 946.509826660156 953.771545410156 974.171142578125 966.03515625 971.382934570312 966.9326171875 950.864685058594 959.623291015625 993.300109863281 974.825561523438 959.928955078125 969.227355957031 976.303649902344 973.696899414062 960.001159667969 945.969421386719 941.020446777344 938.003356933594 935.015991210938 941.332458496094 945.777099609375 939.597229003906 932.574096679688 944.881774902344 942.545471191406 935.977661132812 935.373291015625 941.779418945312 949.770568847656 941.378356933594 917.307983398438 920.606384277344 929.611328125 929.787475585938 931.19287109375 937.826721191406 942.172912597656 951.7841796875 950.271362304688 955.128234863281 941.109375 936.524230957031 933.651123046875 935.321716308594 938.139892578125 941.21142578125 936.908874511719 942.206237792969 935.180480957031 930.517150878906 -9999 -9999 -9999 -9999 -9999 -9999 -9999 -9999 -9999
982.097473144531 967.939453125 930.78564453125 947.5048828125 960.457702636719 963.533081054688 959.5224609375 968.889892578125 984.145263671875 984.463012695312 970.693176269531 959.7734375 954.612915039062 952.7724609375 944.511962890625 943.18701171875 944.06396484375 945.091979980469 945.47412109375 936.804260253906 950.671081542969 948.901245117188 945.528564453125 943.316833496094 945.034423828125 936.064208984375 917.164428710938 929.353576660156 939.118896484375 943.98779296875 936.618286132812 928.39453125 934.078918457031 928.787902832031 925.617858886719 921.006530761719 926.722839355469 937.216064453125 937.322631835938 934.976745605469 949.898193359375 931.632080078125 945.791442871094 944.5986328125 942.84765625 949.7236328125 945.947692871094 934.482788085938 934.078063964844 926.156799316406 922.163513183594 918.255798339844 -9999 -9999 -9999 -9999 -9999 -9999 -9999 -9999
980.107177734375 979.513122558594 966.622192382812 932.747985839844 942.619750976562 968.115539550781 962.4677734375 958.906982421875 979.918395996094 975.51123046875 970.639404296875 964.199890136719 963.868347167969 960.413513183594 945.446655273438 945.446838378906 940.166259765625 944.103759765625 933.51416015625 950.548522949219 948.911437988281 946.480834960938 931.159973144531 932.863403320312 946.705261230469 960.956359863281 921.553466796875 922.912841796875 927.839172363281 938.385925292969 931.917053222656 941.892456054688 937.121032714844 927.461730957031 931.435546875 922.658874511719 922.41650390625 923.363647460938 943.687133789062 951.732482910156 950.871520996094 944.32080078125 953.420166015625 937.983276367188 928.791564941406 932.078063964844 934.558837890625 931.015808105469 928.845825195312 930.181518554688 924.424438476562 916.725219726562 913.984558105469 -9999 -9999 -9999 -9999 -9999 -9999 -9999
966.380737304688 947.671813964844 949.969604492188 965.697143554688 948.494140625 935.378967285156 938.596069335938 972.812622070312 971.206848144531 964.464721679688 956.28466796875 966.602294921875 969.559814453125 965.021118164062 931.089477539062 954.0693359375 938.635559082031 937.850341796875 940.053161621094 960.049255371094 962.205322265625 944.61474609375 926.524353027344 933.09033203125 945.43896484375 946.934326171875 946.385375976562 945.079956054688 945.884460449219 924.654968261719 920.766662597656 928.295776367188 936.226318359375 935.506103515625 938.522277832031 932.742553710938 938.732788085938 931.776611328125 920.016296386719 930.790710449219 945.808044433594 936.583557128906 922.755065917969 918.869323730469 925.609252929688 933.370544433594 944.077880859375 947.527954101562 947.215209960938 946.994567871094 933.045349121094 930.057800292969 919.109069824219 -9999 -9999 -9999 -9999 -9999 -9999 -9999
941.489196777344 946.916625976562 919.436462402344 926.602172851562 962.46533203125 935.183776855469 936.682006835938 955.254150390625 966.449645996094 952.770263671875 947.467712402344 956.653747558594 966.354919433594 952.335083007812 973.022644042969 954.420349121094 930.233337402344 945.296875 942.14453125 951.305603027344 954.738098144531 953.9716796875 928.738525390625 938.343383789062 945.894653320312 940.823486328125 942.020751953125 949.266845703125 944.143127441406 921.888732910156 899.634948730469 916.284240722656 928.699462890625 935.902465820312 938.941650390625 935.6376953125 934.409851074219 933.673706054688 938.5888671875 929.2158203125 923.990905761719 919.151489257812 914.0810546875 917.448120117188 940.420593261719 948.157775878906 939.342163085938 946.200927734375 935.177124023438 932.91259765625 936.452270507812 933.16796875 932.082824707031 934.419067382812 -9999 -9999 -9999 -9999 -9999 -9999
