02 cropping and modelling/wc2.1_10m_bio_13.asc
NCOLS 368 
NROWS 210 
XLLCORNER 67.1666666666667 
YLLCORNER 3.5 
CELLSIZE 0.166666666666667 
NODATA_value -9999 
[rows 144 to 179 of 210, columns 164 to 245 of 368]
-9999 -9999 -9999 -9999 -9999 -9999 -9999 -9999 -9999 -9999 -9999 -9999 -9999 -9999 -9999 -9999 -9999 -9999 -9999 1380 1267 1155 869 678 504 403 312 270 240 230 224 218 213 214 214 215 222 234 248 257 241 233 235 236 230 226 222 217 212 210 216 231 251 269 285 285 282 283 289 300 318 341 357 368 386 410 442 494 547 576 570 566 602 629 647 657 627 607 500 502 391 332
-9999 -9999 -9999 -9999 -9999 -9999 -9999 -9999 -9999 -9999 -9999 -9999 -9999 -9999 -9999 -9999 -9999 -9999 -9999 1422 1333 1295 1113 811 573 400 319 270 235 231 225 219 213 215 220 226 235 246 257 268 276 262 251 244 239 228 223 218 211 207 213 232 261 294 312 307 302 302 307 320 338 362 384 378 396 408 426 448 469 479 481 510 572 613 633 624 602 570 581 511 429 343
-9999 -9999 -9999 -9999 -9999 -9999 -9999 -9999 -9999 -9999 -9999 -9999 -9999 -9999 -9999 -9999 -9999 -9999 -9999 1444 -9999 1334 1232 824 613 427 324 263 236 231 225 217 213 219 226 235 247 259 267 274 286 292 274 258 249 240 230 223 214 204 208 230 259 290 309 308 306 308 314 327 344 365 383 388 392 397 404 408 417 429 430 449 513 572 580 562 548 560 558 600 521 412
-9999 -9999 -9999 -9999 -9999 -9999 -9999 -9999 -9999 -9999 -9999 -9999 -9999 -9999 -9999 -9999 -9999 -9999 -9999 -9999 1447 1317 1201 852 635 443 330 268 232 226 222 217 213 223 235 248 263 275 272 271 279 284 275 265 257 251 243 234 222 208 208 226 249 273 290 297 302 307 315 328 342 357 370 377 380 381 381 381 383 391 395 422 489 536 559 573 548 549 568 607 629 491
-9999 -9999 -9999 -9999 -9999 -9999 -9999 -9999 -9999 -9999 -9999 -9999 -9999 -9999 -9999 -9999 -9999 -9999 -9999 -9999 1451 1295 1204 992 688 478 335 270 229 221 219 215 217 226 245 271 301 296 274 257 264 271 271 268 265 261 256 249 241 224 219 226 240 257 272 284 292 302 311 322 334 346 356 362 364 365 364 360 359 364 374 403 453 499 539 576 564 531 548 561 601 483
-9999 -9999 -9999 -9999 -9999 -9999 -9999 -9999 -9999 -9999 -9999 -9999 -9999 -9999 -9999 -9999 -9999 -9999 -9999 -9999 -9999 1306 1230 954 710 481 338 270 228 212 214 216 219 223 246 274 304 303 276 254 256 263 268 271 273 272 269 262 251 234 225 226 233 244 257 271 283 292 303 313 324 335 344 349 351 351 347 341 336 343 360 390 431 468 494 516 519 506 495 468 447 386
-9999 -9999 -9999 -9999 -9999 -9999 -9999 -9999 -9999 -9999 -9999 -9999 -9999 -9999 -9999 -9999 -9999 -9999 -9999 -9999 -9999 -9999 -9999 993 784 512 331 258 224 206 207 213 219 220 232 258 -9999 293 271 260 254 259 267 276 282 287 284 275 260 241 228 228 230 235 245 259 272 284 294 303 313 323 332 337 339 339 335 329 327 347 361 382 413 439 456 466 467 453 443 409 371 334
-9999 -9999 -9999 -9999 -9999 -9999 -9999 -9999 -9999 -9999 -9999 -9999 -9999 -9999 -9999 -9999 -9999 -9999 -9999 -9999 -9999 -9999 1294 1032 886 546 310 257 234 206 203 206 211 213 -9999 -9999 -9999 268 265 254 249 254 269 285 299 303 305 295 278 256 241 235 231 228 232 242 258 274 284 291 301 312 323 330 331 330 327 323 319 333 356 379 403 423 432 434 430 414 398 367 338 336
-9999 -9999 -9999 -9999 -9999 -9999 -9999 -9999 -9999 -9999 -9999 -9999 -9999 -9999 -9999 -9999 -9999 -9999 -9999 -9999 -9999 -9999 1284 -9999 989 636 320 280 233 199 198 200 209 214 -9999 -9999 -9999 266 258 248 238 251 277 301 324 328 327 325 306 282 261 245 231 217 218 228 244 263 272 278 289 304 318 325 326 326 322 318 325 337 354 370 388 405 409 406 400 385 368 342 320 310
-9999 -9999 -9999 -9999 -9999 -9999 -9999 -9999 -9999 -9999 -9999 -9999 -9999 -9999 -9999 -9999 -9999 -9999 -9999 -9999 -9999 -9999 1329 -9999 1097 745 380 267 230 196 189 197 207 212 -9999 -9999 -9999 249 263 254 240 259 292 325 357 365 358 359 339 312 282 253 223 202 204 216 230 245 256 264 277 299 317 324 326 325 319 318 333 344 353 361 371 381 385 384 375 361 341 326 311 301
-9999 -9999 -9999 -9999 -9999 -9999 -9999 -9999 -9999 -9999 -9999 -9999 -9999 -9999 -9999 -9999 -9999 -9999 -9999 -9999 1447 -9999 1265 1233 977 730 450 275 246 204 192 196 206 -9999 -9999 -9999 -9999 252 261 257 254 279 315 354 398 427 447 408 360 345 308 268 226 206 211 218 222 232 242 256 276 301 319 326 328 325 318 322 339 343 344 350 359 366 372 370 361 345 331 315 299 287
-9999 -9999 -9999 -9999 -9999 -9999 -9999 -9999 -9999 -9999 -9999 -9999 -9999 -9999 -9999 -9999 -9999 -9999 -9999 1420 1409 -9999 1189 1110 877 733 500 325 235 212 192 199 207 -9999 -9999 -9999 -9999 -9999 257 256 269 291 323 363 436 485 492 505 454 397 343 304 261 225 223 229 228 226 233 250 272 297 314 323 328 326 320 317 323 324 331 337 345 354 359 359 349 335 320 306 289 270
-9999 -9999 -9999 -9999 -9999 -9999 -9999 -9999 -9999 -9999 -9999 -9999 -9999 -9999 -9999 -9999 -9999 -9999 -9999 1391 1311 1266 1140 1047 871 718 530 373 252 213 200 203 212 -9999 -9999 -9999 -9999 -9999 -9999 -9999 -9999 -9999 -9999 -9999 -9999 519 553 573 552 449 376 344 309 272 254 258 231 226 233 246 266 287 298 314 330 324 322 318 316 321 331 340 350 359 364 361 352 328 305 294 281 260
-9999 -9999 -9999 -9999 -9999 -9999 -9999 -9999 -9999 -9999 -9999 -9999 -9999 -9999 -9999 -9999 -9999 -9999 -9999 1363 1305 1226 1139 1021 855 722 568 422 283 211 213 213 217 218 -9999 -9999 -9999 -9999 -9999 -9999 -9999 -9999 -9999 -9999 -9999 -9999 614 649 656 530 434 447 375 335 303 272 242 232 231 239 266 272 282 301 319 312 317 322 320 333 344 348 359 370 375 371 355 338 316 305 281 260
-9999 -9999 -9999 -9999 -9999 -9999 -9999 -9999 -9999 -9999 -9999 -9999 -9999 -9999 -9999 -9999 -9999 -9999 1352 1337 1245 1191 1093 959 823 727 621 483 317 223 224 222 222 -9999 -9999 -9999 -9999 -9999 -9999 -9999 -9999 -9999 -9999 -9999 -9999 -9999 617 662 726 661 446 446 421 352 322 291 261 262 263 230 244 244 257 272 282 287 307 326 343 361 371 363 375 389 394 388 373 352 332 311 288 266
-9999 -9999 -9999 -9999 -9999 -9999 -9999 -9999 -9999 -9999 -9999 -9999 -9999 -9999 -9999 -9999 -9999 -9999 1321 1317 1228 1201 1072 933 854 735 619 485 337 229 232 230 225 -9999 -9999 -9999 -9999 -9999 -9999 -9999 -9999 -9999 -9999 -9999 -9999 -9999 668 715 830 845 661 610 492 389 349 327 289 257 247 223 217 219 233 244 255 266 292 319 362 387 415 403 404 416 419 410 394 373 351 326 299 282
-9999 -9999 -9999 -9999 -9999 -9999 -9999 -9999 -9999 -9999 -9999 -9999 -9999 -9999 -9999 -9999 -9999 1348 1334 1306 1196 1163 1040 946 849 740 609 469 329 239 236 233 -9999 -9999 -9999 -9999 -9999 -9999 -9999 -9999 -9999 -9999 -9999 -9999 -9999 -9999 -9999 786 819 -9999 863 714 550 460 405 336 293 260 238 220 215 225 237 241 244 246 257 297 366 382 406 410 413 434 443 430 410 388 369 369 315 281
-9999 -9999 -9999 -9999 -9999 -9999 -9999 -9999 -9999 -9999 -9999 -9999 -9999 -9999 -9999 -9999 -9999 -9999 1312 -9999 -9999 1139 1041 930 892 712 598 447 316 249 243 233 -9999 -9999 -9999 -9999 -9999 -9999 -9999 -9999 -9999 -9999 -9999 -9999 -9999 -9999 -9999 -9999 807 -9999 876 777 638 531 441 372 311 276 243 220 223 236 250 247 248 248 249 257 304 351 383 397 407 441 458 441 420 395 374 405 335 286
-9999 -9999 -9999 -9999 -9999 -9999 -9999 -9999 -9999 -9999 -9999 -9999 -9999 -9999 -9999 -9999 -9999 -9999 -9999 -9999 1139 1093 1043 907 892 719 590 436 315 258 248 -9999 -9999 -9999 -9999 -9999 -9999 -9999 -9999 -9999 -9999 -9999 -9999 -9999 -9999 -9999 -9999 -9999 -9999 -9999 837 819 729 602 500 416 332 298 253 223 227 238 247 250 250 250 249 251 275 316 364 386 400 426 445 439 423 398 376 413 341 295
-9999 -9999 -9999 -9999 -9999 -9999 -9999 -9999 -9999 -9999 -9999 -9999 -9999 -9999 -9999 -9999 -9999 -9999 -9999 -9999 1143 1114 1005 -9999 865 704 574 423 315 268 263 -9999 -9999 -9999 -9999 -9999 -9999 -9999 -9999 -9999 -9999 -9999 -9999 -9999 -9999 -9999 -9999 -9999 -9999 -9999 806 766 711 630 547 461 369 318 269 231 231 239 247 251 254 257 259 266 275 293 342 368 372 398 421 428 419 399 367 355 310 259
-9999 -9999 -9999 -9999 -9999 -9999 -9999 -9999 -9999 -9999 -9999 -9999 -9999 -9999 -9999 -9999 -9999 -9999 -9999 -9999 -9999 -9999 939 848 793 673 538 402 302 272 266 -9999 -9999 -9999 -9999 -9999 -9999 -9999 -9999 -9999 -9999 -9999 -9999 -9999 -9999 -9999 -9999 -9999 -9999 -9999 -9999 723 691 646 548 508 436 344 296 243 234 245 252 253 258 263 269 278 270 281 305 334 347 372 402 418 417 397 362 328 284 232
-9999 -9999 -9999 -9999 -9999 -9999 -9999 -9999 -9999 -9999 -9999 -9999 -9999 -9999 -9999 -9999 -9999 -9999 -9999 -9999 1089 1013 972 837 749 627 500 379 280 270 263 -9999 -9999 -9999 -9999 -9999 -9999 -9999 -9999 -9999 -9999 -9999 -9999 -9999 -9999 -9999 -9999 -9999 -9999 -9999 -9999 685 676 644 549 546 482 400 343 265 247 252 256 258 260 266 272 275 267 276 298 309 324 346 376 404 403 400 367 312 259 219
-9999 -9999 -9999 -9999 -9999 -9999 -9999 -9999 -9999 -9999 -9999 -9999 -9999 -9999 -9999 -9999 -9999 -9999 -9999 -9999 -9999 -9999 922 785 715 598 468 344 270 266 -9999 -9999 -9999 -9999 -9999 -9999 -9999 -9999 -9999 -9999 -9999 -9999 -9999 -9999 -9999 -9999 -9999 -9999 -9999 -9999 -9999 -9999 638 -9999 588 593 530 455 417 295 253 251 254 256 258 263 266 265 264 268 275 280 291 307 336 381 393 409 360 316 265 244
-9999 -9999 -9999 -9999 -9999 -9999 -9999 -9999 -9999 -9999 -9999 -9999 -9999 -9999 -9999 -9999 -9999 -9999 -9999 -9999 1014 996 915 773 703 573 444 314 280 -9999 -9999 -9999 -9999 -9999 -9999 -9999 -9999 -9999 -9999 -9999 -9999 -9999 -9999 -9999 -9999 -9999 -9999 -9999 -9999 -9999 -9999 -9999 618 612 612 650 683 564 447 314 254 252 256 258 259 260 261 256 256 251 252 257 256 260 285 329 369 378 354 322 -9999 -9999
-9999 -9999 -9999 -9999 -9999 -9999 -9999 -9999 -9999 -9999 -9999 -9999 -9999 -9999 -9999 -9999 -9999 -9999 -9999 1070 1013 930 900 758 691 569 443 315 301 316 -9999 -9999 -9999 -9999 -9999 -9999 -9999 -9999 -9999 -9999 -9999 -9999 -9999 -9999 -9999 -9999 -9999 -9999 -9999 -9999 572 -9999 -9999 -9999 626 681 684 624 358 303 272 255 257 259 262 261 256 250 247 243 241 248 245 241 236 272 312 341 -9999 -9999 -9999 -9999
-9999 -9999 -9999 -9999 -9999 -9999 -9999 -9999 -9999 -9999 -9999 -9999 -9999 -9999 -9999 -9999 -9999 -9999 -9999 -9999 972 935 887 765 697 561 433 330 290 -9999 -9999 -9999 -9999 -9999 -9999 -9999 -9999 -9999 -9999 -9999 -9999 -9999 -9999 -9999 -9999 -9999 -9999 -9999 -9999 -9999 -9999 577 576 -9999 -9999 -9999 637 580 372 362 295 270 259 263 261 262 255 249 243 241 245 250 244 237 -9999 232 -9999 -9999 -9999 -9999 -9999 -9999
-9999 -9999 -9999 -9999 -9999 -9999 -9999 -9999 -9999 -9999 -9999 -9999 -9999 -9999 -9999 -9999 -9999 -9999 -9999 -9999 951 912 859 769 709 544 398 293 314 -9999 -9999 362 358 -9999 -9999 -9999 -9999 -9999 -9999 -9999 -9999 -9999 -9999 -9999 -9999 -9999 -9999 -9999 -9999 -9999 -9999 -9999 -9999 -9999 -9999 -9999 559 542 -9999 348 322 -9999 274 275 267 263 256 253 247 248 252 253 246 237 -9999 -9999 -9999 -9999 -9999 -9999 -9999 -9999
-9999 -9999 -9999 -9999 -9999 -9999 -9999 -9999 -9999 -9999 -9999 -9999 -9999 -9999 -9999 -9999 -9999 -9999 -9999 -9999 -9999 851 835 727 645 485 333 321 -9999 -9999 -9999 -9999 -9999 -9999 -9999 -9999 -9999 -9999 -9999 -9999 -9999 -9999 -9999 -9999 -9999 -9999 -9999 -9999 -9999 -9999 476 -9999 -9999 -9999 -9999 -9999 511 504 -9999 -9999 -9999 315 322 309 292 283 276 272 265 262 260 257 250 244 -9999 -9999 -9999 -9999 -9999 -9999 -9999 -9999
-9999 -9999 -9999 -9999 -9999 -9999 -9999 -9999 -9999 -9999 -9999 -9999 -9999 -9999 -9999 -9999 -9999 -9999 -9999 -9999 839 845 804 679 559 429 309 325 -9999 -9999 -9999 -9999 405 398 -9999 -9999 -9999 -9999 -9999 -9999 -9999 -9999 -9999 -9999 -9999 -9999 -9999 -9999 -9999 -9999 -9999 -9999 -9999 -9999 -9999 -9999 -9999 486 -9999 401 353 -9999 333 320 312 306 296 286 277 275 271 262 257 -9999 -9999 -9999 -9999 -9999 -9999 -9999 -9999 -9999
-9999 -9999 -9999 -9999 -9999 -9999 -9999 -9999 -9999 -9999 -9999 -9999 -9999 -9999 -9999 -9999 -9999 -9999 -9999 -9999 820 786 -9999 565 497 388 306 333 358 -9999 -9999 -9999 414 419 -9999 -9999 -9999 -9999 -9999 -9999 -9999 -9999 -9999 -9999 -9999 -9999 -9999 -9999 -9999 -9999 -9999 -9999 -9999 -9999 -9999 -9999 -9999 -9999 -9999 397 -9999 -9999 343 331 332 328 318 303 288 285 281 271 263 -9999 -9999 -9999 -9999 -9999 -9999 -9999 -9999 -9999
-9999 -9999 -9999 -9999 -9999 -9999 -9999 -9999 -9999 -9999 -9999 -9999 -9999 -9999 -9999 -9999 -9999 -9999 -9999 -9999 787 -9999 -9999 534 468 367 299 332 366 -9999 -9999 -9999 422 421 -9999 -9999 -9999 -9999 -9999 -9999 -9999 -9999 -9999 -9999 -9999 -9999 -9999 -9999 -9999 -9999 -9999 -9999 -9999 -9999 -9999 -9999 -9999 -9999 -9999 -9999 -9999 352 348 342 347 351 343 326 310 301 294 -9999 -9999 -9999 -9999 -9999 -9999 -9999 -9999 -9999 -9999 -9999
-9999 -9999 -9999 -9999 -9999 -9999 -9999 -9999 -9999 -9999 -9999 -9999 -9999 -9999 -9999 -9999 -9999 -9999 -9999 -9999 -9999 -9999 583 523 435 353 290 311 333 348 379 404 415 -9999 -9999 -9999 -9999 -9999 -9999 -9999 -9999 -9999 -9999 -9999 -9999 -9999 -9999 -9999 -9999 -9999 -9999 -9999 -9999 408 414 -9999 -9999 -9999 -9999 -9999 -9999 352 351 346 357 373 365 344 324 312 -9999 -9999 -9999 -9999 -9999 -9999 -9999 -9999 -9999 -9999 -9999 -9999
-9999 -9999 -9999 -9999 -9999 -9999 -9999 -9999 -9999 -9999 -9999 -9999 -9999 -9999 -9999 -9999 -9999 -9999 -9999 712 -9999 -9999 589 523 423 340 278 277 305 327 357 391 416 -9999 -9999 -9999 -9999 -9999 -9999 -9999 -9999 -9999 -9999 -9999 -9999 -9999 -9999 -9999 -9999 -9999 -9999 -9999 -9999 -9999 -9999 -9999 -9999 -9999 -9999 -9999 -9999 352 352 347 358 370 371 -9999 -9999 -9999 -9999 -9999 -9999 -9999 -9999 -9999 -9999 -9999 -9999 -9999 -9999 -9999
-9999 -9999 -9999 -9999 -9999 -9999 -9999 -9999 -9999 -9999 -9999 -9999 -9999 -9999 -9999 -9999 -9999 -9999 -9999 -9999 -9999 -9999 600 532 425 322 267 259 259 280 323 374 429 -9999 -9999 -9999 -9999 -9999 -9999 -9999 -9999 -9999 -9999 -9999 -9999 -9999 -9999 -9999 -9999 -9999 -9999 -9999 -9999 -9999 -9999 -9999 -9999 -9999 -9999 -9999 -9999 348 349 349 357 360 -9999 -9999 -9999 -9999 -9999 -9999 -9999 -9999 -9999 -9999 -9999 -9999 -9999 -9999 -9999 -9999
-9999 -9999 -9999 -9999 -9999 -9999 -9999 -9999 -9999 -9999 -9999 -9999 -9999 -9999 -9999 -9999 -9999 -9999 628 -9999 -9999 -9999 578 525 427 335 279 263 264 271 307 374 448 -9999 -9999 -9999 -9999 -9999 -9999 -9999 -9999 -9999 -9999 -9999 -9999 -9999 -9999 -9999 -9999 -9999 -9999 -9999 -9999 -9999 -9999 -9999 -9999 -9999 -9999 -9999 -9999 341 342 347 354 -9999 -9999 -9999 -9999 -9999 -9999 -9999 326 320 -9999 -9999 -9999 -9999 -9999 -9999 -9999 -9999
-9999 -9999 -9999 -9999 -9999 -9999 -9999 -9999 -9999 -9999 -9999 -9999 -9999 -9999 -9999 -9999 -9999 -9999 614 -9999 -9999 -9999 548 506 435 366 312 285 273 272 289 365 485 518 -9999 -9999 -9999 -9999 -9999 -9999 -9999 -9999 -9999 -9999 -9999 -9999 -9999 -9999 -9999 -9999 -9999 -9999 -9999 -9999 -9999 -9999 -9999 -9999 -9999 -9999 -9999 339 341 345 -9999 -9999 -9999 -9999 -9999 -9999 -9999 -9999 331 324 -9999 -9999 -9999 -9999 -9999 -9999 -9999 -9999
